12
15
29
53
61
83
84
86
107
110
114
115
178
185
190
193
195
197
199
200
203
204
206
210
214
215
216
217
218
219
221
223
225
233
235
236
237
238
239
240
241
243
262
265
267
269
272
273
275
278
293
295
296
302
316
319
320
321
322
327
331
364
385
397
399
408
409
410
411
414
415
416
418
420
422
423
426
427
428
429
430
431
433
434
435
438
439
440
443
448
449
453
454
460
461
465
467
487
488
489
494
498
502
527
542
545
546
573
589
608
728
736
743
748
752
789
908
935
939
947
980
981
996
1032
1035
1038
1039
1041
1052
1061
1063
1064
1113
1150
1162
1165
1194
1203
1306
1110
1111
1112
1114
1115
1116
1117
1118
1119
1120
1121
1122
1123
1124
1125
1126
1127
1130
1131
1132
1133
1134
1135
1136
1137
1138
1139
1140
1142
1145
1146
1147
1148
1149
1151
1152
1154
1155
1156
1157
1158
1159
1160
1161
1163
1164
1166
1167
1168
1169
1170
1171
1175
1177
1178
1179
1180
1181
1182
1183
1184
1185
1186
1187
1188
1189
1190
1191
1192
1195
1196
1198
1199
1200
1201
1202
1205
1206
1207
1208
1209
1211
1212
1213
1214
1215
1218
1219
1220
1222
1223
1224
1225
1226
1227
1228
1229
1230
1231
1232
1233
1234
1235
1236
1237
1238
1239
1240
1241
1242
1243
1244
1245
1246
1247
1248
1249
1250
1251
1252
1253
1254
1255
1256
1257
1258
1259
1260
1261
1262
1263
1266
1267
1268
1269
1270
1271
1272
1273
1274
