3
13
24
28
35
41
46
47
50
51
54
56
58
59
64
70
73
74
75
79
89
90
93
94
113
125
127
131
132
138
146
148
149
150
228
288
291
303
311
313
325
329
330
347
348
349
351
353
356
359
363
365
366
368
369
372
380
383
386
466
526
557
564
578
584
585
587
597
606
614
617
625
639
644
645
665
675
676
677
678
686
691
692
693
697
700
701
702
703
704
706
708
716
717
808
809
810
812
845
892
931
978
1144
1176
1282
1323
486
491
492
495
496
497
499
500
503
504
505
506
507
508
510
511
512
513
514
515
516
517
518
519
520
521
522
523
524
525
528
529
532
533
534
535
538
539
540
541
543
544
547
549
550
551
552
553
554
555
556
558
559
561
562
563
566
568
569
570
571
572
574
575
576
577
579
581
586
588
590
591
592
593
594
595
598
599
601
602
603
604
607
610
611
612
619
620
621
622
623
624
626
627
628
629
630
634
640
642
643
646
647
648
649
650
651
652
653
654
655
656
658
659
661
662
663
664
666
667
668
669
670
671
672
673
674
680
681
682
688
699
705
707
709
710
711
712
718
719
