1
2
4
5
8
25
27
42
43
45
48
55
60
63
65
68
72
77
81
85
87
92
98
103
105
109
112
118
119
120
122
123
126
135
139
141
142
207
224
286
292
297
299
300
307
308
312
315
318
323
324
333
342
345
361
371
389
390
395
402
413
446
451
452
455
456
468
490
493
501
509
548
713
733
816
817
937
1210
0
9
19
23
30
31
32
33
34
36
37
38
39
40
49
52
66
71
76
82
95
96
97
111
124
128
133
134
137
140
143
152
154
156
157
158
159
160
161
162
163
164
165
166
167
168
169
170
171
172
173
174
186
213
226
232
242
244
245
248
251
253
254
257
258
259
260
261
263
264
266
268
270
271
274
276
277
279
280
281
282
283
284
285
287
289
290
298
304
305
306
314
317
326
328
332
335
336
337
338
339
340
350
354
357
358
360
362
370
373
374
375
376
377
378
379
381
382
384
405
406
417
419
424
425
441
457
458
459
462
469
474
475
476
477
478
481
482
483
484
