7
57
67
69
78
80
116
117
144
175
176
177
179
180
181
182
183
184
187
188
194
202
205
208
209
212
220
229
230
231
234
246
247
249
250
252
255
256
310
387
388
400
404
421
437
450
463
472
485
530
567
580
583
731
783
784
785
796
848
849
851
854
857
859
863
925
926
1006
1076
1080
1082
1089
911
914
919
922
927
928
929
930
932
933
936
938
940
941
942
943
944
945
946
948
949
950
951
952
953
954
955
956
957
958
959
960
961
962
963
964
965
966
967
968
969
970
971
972
973
974
975
976
977
979
985
987
990
994
998
1002
1003
1004
1005
1007
1009
1010
1011
1012
1014
1015
1016
1017
1018
1019
1020
1021
1022
1023
1024
1025
1026
1027
1028
1029
1030
1031
1033
1034
1036
1042
1043
1044
1048
1050
1051
1053
1054
1055
1056
1057
1058
1059
1060
1062
1065
1066
1067
1068
1069
1070
1071
1072
1073
1074
1075
1077
1079
1081
1083
1084
1085
1086
1087
1088
1090
1091
1092
1093
1094
1095
1096
1097
1098
1099
1100
1101
1102
1103
1104
1105
1106
1107
1108
1109
