6
10
11
14
16
17
18
44
88
189
191
192
196
198
201
294
309
394
398
407
720
721
722
723
724
725
726
727
730
732
734
735
737
738
739
740
741
742
744
745
746
747
749
750
751
753
754
755
756
757
758
759
760
761
762
763
764
765
766
767
768
770
771
772
780
781
788
790
791
793
794
795
797
798
799
800
801
802
805
806
807
813
815
818
819
820
821
822
823
824
825
826
827
828
829
830
831
832
833
834
835
836
837
838
839
840
841
842
843
844
846
850
852
853
855
856
858
860
861
862
864
865
866
867
868
869
870
871
872
873
874
875
876
877
878
879
881
882
883
884
885
886
887
888
889
894
895
897
898
899
900
901
902
903
904
905
906
907
909
910
