610
739
1087
185
930
304
678
490
171
4
610
739
1087
185
930
304
678
490
248
4
610
739
1087
185
930
304
678
490
171
681
610
739
1087
185
930
304
678
490
68
666
610
739
1087
185
930
304
678
490
429
135
610
739
1087
185
930
304
678
490
152
57
610
739
1087
185
930
304
678
490
175
70
610
739
1087
185
930
304
678
490
85
429
610
739
1087
185
930
304
678
490
171
666
610
739
1087
185
930
304
678
490
68
85
54
164
73
56
391
134
305
184
4
78
54
164
73
56
391
134
305
184
681
429
54
164
73
56
391
134
305
184
73
68
54
164
73
56
391
134
305
184
78
175
54
164
73
56
391
134
305
184
152
57
171
175
74
7
57
429
681
85
68
73
171
175
74
7
57
429
681
85
68
73
171
175
74
7
57
429
681
85
68
73
171
175
74
7
57
429
681
85
68
73
171
175
74
7
57
429
681
85
68
73
54
56
60
134
68
152
212
164
1
152
54
56
60
134
68
152
212
164
248
73
54
56
60
134
68
152
212
164
78
73
54
56
60
134
68
152
212
164
1
681
54
56
60
134
68
152
212
164
171
224
54
56
60
134
68
152
212
164
7
78
54
56
60
134
68
152
212
164
305
248
54
56
60
134
68
152
212
164
57
70
54
56
60
134
68
152
212
164
175
139
54
56
60
134
68
152
212
164
135
78
54
164
212
184
56
60
134
141
7
85
54
164
212
184
56
60
134
141
152
224
54
164
212
184
56
60
134
141
175
85
54
164
212
184
56
60
134
141
70
224
54
164
212
184
56
60
134
141
666
78
54
164
212
184
56
60
134
141
78
429
54
164
212
184
56
60
134
141
7
139
54
164
212
184
56
60
134
141
248
429
54
56
164
212
184
60
134
55
68
175
54
56
164
212
184
60
134
55
7
305
54
56
164
212
184
60
134
55
68
248
54
56
164
212
184
60
134
55
4
152
54
56
164
212
184
60
134
55
1
152
1
4
429
152
7
56
212
166
171
68
1
4
429
152
7
56
212
166
171
681
1
4
429
152
7
56
212
166
305
85
1
4
429
152
7
56
212
166
175
429
1
4
429
152
7
56
212
166
135
681
1
4
429
152
7
56
212
166
429
78
1
4
429
152
7
56
212
166
248
70
