1002
1493
326
1989
2043
2069
257
1552
1465
172
1002
1493
326
1989
2043
2069
257
1552
95
44
1002
1493
326
1989
2043
2069
257
1552
867
1465
1002
1493
326
1989
2043
2069
257
1552
172
867
1002
1493
326
1989
2043
2069
257
1552
8
364
1002
1493
326
1989
2043
2069
257
1552
7
89
1002
1493
326
1989
2043
2069
257
1552
170
225
1002
1493
326
1989
2043
2069
257
1552
249
44
1002
1493
326
1989
2043
2069
257
1552
607
89
1002
1493
326
1989
2043
2069
257
1552
249
7
84
183
32
63
223
90
1432
51
89
172
84
183
32
63
223
90
1432
51
172
48
84
183
32
63
223
90
1432
51
85
44
84
183
32
63
223
90
1432
51
995
771
84
183
32
63
223
90
1432
51
48
93
84
183
32
63
223
90
1432
51
172
607
84
183
32
63
223
90
1432
51
44
249
84
183
32
63
223
90
1432
51
48
89
84
183
32
63
223
90
1432
51
172
85
84
183
32
63
223
90
1432
51
89
172
84
183
32
63
223
90
1432
51
249
364
84
183
32
63
223
90
1432
51
771
85
84
183
32
63
223
90
1432
51
225
607
84
183
32
63
223
90
1432
51
225
520
84
183
32
63
223
90
1432
51
170
8
84
183
32
63
223
90
1432
51
867
170
84
183
32
63
223
90
1432
51
93
225
84
183
32
63
223
90
1432
51
93
89
84
183
32
63
223
90
1432
51
520
364
84
183
32
63
223
90
1432
51
93
44
84
223
183
32
63
90
868
1432
867
520
84
223
183
32
63
90
868
1432
249
170
84
223
183
32
63
90
868
1432
44
995
84
223
183
32
63
90
868
1432
95
1465
84
223
183
32
63
90
868
1432
85
225
84
223
183
32
63
90
868
1432
607
95
84
223
183
32
63
90
868
1432
249
364
84
223
183
32
63
90
868
1432
7
170
84
223
183
32
63
90
868
1432
95
867
84
223
183
32
63
90
868
1432
249
1465
84
223
183
32
63
90
868
1432
1465
44
84
223
183
32
63
90
868
1432
89
170
84
223
183
32
63
90
868
1432
8
1465
84
223
183
32
63
90
868
1432
8
995
84
223
183
32
63
90
868
1432
8
89
84
223
183
32
63
90
868
1432
89
49
84
223
183
32
63
90
868
1432
172
48
84
223
183
32
63
90
868
1432
520
607
84
223
183
32
63
90
868
1432
170
93
84
223
183
32
63
90
868
1432
93
867
