1087
1868
2250
651
903
954
1393
1135
190
207
1087
1868
2250
651
903
954
1393
1135
207
610
1087
1868
2250
651
903
954
1393
1135
2024
35
1087
1868
2250
651
903
954
1393
1135
70
814
1087
1868
2250
651
903
954
1393
1135
207
504
1087
1868
2250
651
903
954
1393
1135
499
207
1087
1868
2250
651
903
954
1393
1135
623
814
1087
1868
2250
651
903
954
1393
1135
204
623
1087
1868
2250
651
903
954
1393
1135
190
207
1087
1868
2250
651
903
954
1393
1135
369
504
66
733
609
819
504
607
870
800
145
190
66
733
609
819
504
607
870
800
190
369
66
733
609
819
504
607
870
800
814
504
66
733
609
819
504
607
870
800
145
109
66
733
609
819
504
607
870
800
2015
109
626
800
819
4172
1120
146
4422
4417
879
798
626
800
819
4172
1120
146
4422
4417
879
798
626
800
819
4172
1120
146
4422
4417
879
798
626
800
819
4172
1120
146
4422
4417
879
798
626
800
819
4172
1120
146
4422
4417
879
798
368
36
883
373
66
432
446
24
145
499
368
36
883
373
66
432
446
24
35
67
368
36
883
373
66
432
446
24
65
47
368
36
883
373
66
432
446
24
109
504
368
36
883
373
66
432
446
24
145
710
368
36
883
373
66
432
446
24
65
499
368
36
883
373
66
432
446
24
623
499
368
36
883
373
66
432
446
24
67
65
368
36
883
373
66
432
446
24
369
190
368
36
883
373
66
432
446
24
610
733
368
36
883
373
66
432
446
24
204
35
368
36
883
373
66
432
446
24
35
65
368
36
883
373
66
432
446
24
47
70
368
66
36
883
373
432
24
4
70
145
368
66
36
883
373
432
24
4
733
814
368
66
36
883
373
432
24
4
47
814
368
66
36
883
373
432
24
4
623
47
368
66
36
883
373
432
24
4
70
145
368
66
36
883
373
432
24
4
67
710
368
66
36
883
373
432
24
4
207
109
368
66
36
883
373
432
24
4
2015
145
368
66
36
883
373
432
24
4
65
504
368
66
36
883
373
432
24
4
35
65
24
432
373
368
883
66
70
285
190
499
24
432
373
368
883
66
70
285
623
67
24
432
373
368
883
66
70
285
204
190
24
432
373
368
883
66
70
285
65
369
24
432
373
368
883
66
70
285
65
623
24
432
373
368
883
66
70
285
207
2015
24
432
373
368
883
66
70
285
2024
190
