1087
1868
2250
651
903
954
1393
1135
35
504
1087
1868
2250
651
903
954
1393
1135
35
610
1087
1868
2250
651
903
954
1393
1135
733
47
1087
1868
2250
651
903
954
1393
1135
499
190
1087
1868
2250
651
903
954
1393
1135
610
369
1087
1868
2250
651
903
954
1393
1135
204
47
1087
1868
2250
651
903
954
1393
1135
369
190
1087
1868
2250
651
903
954
1393
1135
35
369
1087
1868
2250
651
903
954
1393
1135
109
35
1087
1868
2250
651
903
954
1393
1135
70
35
368
36
883
373
66
432
446
24
733
109
368
36
883
373
66
432
446
24
499
65
368
36
883
373
66
432
446
24
204
67
368
36
883
373
66
432
446
24
190
2015
368
36
883
373
66
432
446
24
35
65
368
36
883
373
66
432
446
24
499
623
368
36
883
373
66
432
446
24
35
499
368
36
883
373
66
432
446
24
814
65
368
36
883
373
66
432
446
24
2024
2015
368
36
883
373
66
432
446
24
499
733
368
36
883
373
66
432
446
24
67
504
368
36
883
373
66
432
446
24
65
814
368
36
883
373
66
432
446
24
710
623
368
36
883
373
66
432
446
24
67
504
368
36
883
373
66
432
446
24
145
623
368
36
883
373
66
432
446
24
65
2015
368
36
883
373
66
432
446
24
814
2015
368
36
883
373
66
432
446
24
710
207
368
36
883
373
66
432
446
24
610
190
368
36
883
373
66
432
446
24
499
145
368
66
36
883
373
432
24
4
70
109
368
66
36
883
373
432
24
4
109
207
368
66
36
883
373
432
24
4
145
67
368
66
36
883
373
432
24
4
109
710
368
66
36
883
373
432
24
4
204
207
368
66
36
883
373
432
24
4
65
504
368
66
36
883
373
432
24
4
369
710
368
66
36
883
373
432
24
4
65
369
368
66
36
883
373
432
24
4
207
67
368
66
36
883
373
432
24
4
207
67
368
66
36
883
373
432
24
4
67
109
368
66
36
883
373
432
24
4
504
710
368
66
36
883
373
432
24
4
204
70
368
66
36
883
373
432
24
4
504
190
368
66
36
883
373
432
24
4
623
190
368
66
36
883
373
432
24
4
207
145
368
66
36
883
373
432
24
4
204
145
368
66
36
883
373
432
24
4
2024
65
368
66
36
883
373
432
24
4
207
504
368
66
36
883
373
432
24
4
145
109
