610
739
1087
185
930
304
678
490
4
68
610
739
1087
185
930
304
678
490
139
681
610
739
1087
185
930
304
678
490
85
175
610
739
1087
185
930
304
678
490
305
429
610
739
1087
185
930
304
678
490
305
78
610
739
1087
185
930
304
678
490
681
78
610
739
1087
185
930
304
678
490
224
175
610
739
1087
185
930
304
678
490
70
68
610
739
1087
185
930
304
678
490
7
248
610
739
1087
185
930
304
678
490
171
7
54
164
212
184
56
60
134
141
68
248
54
164
212
184
56
60
134
141
666
429
54
164
212
184
56
60
134
141
1
85
54
164
212
184
56
60
134
141
429
248
54
164
212
184
56
60
134
141
152
73
54
164
212
184
56
60
134
141
78
305
54
164
212
184
56
60
134
141
224
152
54
164
212
184
56
60
134
141
135
171
54
164
212
184
56
60
134
141
57
135
54
164
212
184
56
60
134
141
68
224
54
164
212
184
56
60
134
141
4
70
54
164
212
184
56
60
134
141
7
68
54
164
212
184
56
60
134
141
1
68
54
164
212
184
56
60
134
141
666
7
54
164
212
184
56
60
134
141
152
57
54
164
212
184
56
60
134
141
224
139
54
164
212
184
56
60
134
141
171
7
54
164
212
184
56
60
134
141
152
666
54
164
212
184
56
60
134
141
681
666
54
164
212
184
56
60
134
141
305
681
54
56
164
212
184
60
134
55
1
429
54
56
164
212
184
60
134
55
681
152
54
56
164
212
184
60
134
55
73
4
54
56
164
212
184
60
134
55
85
139
54
56
164
212
184
60
134
55
139
4
54
56
164
212
184
60
134
55
248
4
54
56
164
212
184
60
134
55
171
85
54
56
164
212
184
60
134
55
171
135
54
56
164
212
184
60
134
55
70
7
54
56
164
212
184
60
134
55
68
248
54
56
164
212
184
60
134
55
429
305
54
56
164
212
184
60
134
55
139
73
54
56
164
212
184
60
134
55
73
171
54
56
164
212
184
60
134
55
57
70
54
56
164
212
184
60
134
55
78
248
54
56
164
212
184
60
134
55
7
139
54
56
164
212
184
60
134
55
85
305
54
56
164
212
184
60
134
55
152
224
54
56
164
212
184
60
134
55
175
68
54
56
164
212
184
60
134
55
248
429
