130
64
19
70
99
87
215
125
227
46
77
69
75
46
227
66
219
108
250
194
250
39
108
194
73
99
90
77
46
88
77
219
39
108
99
250
15
227
215
90
25
108
227
250
70
130
191
96
69
77
90
20
69
23
84
130
96
227
70
19
99
77
87
108
64
96
88
20
23
46
215
1
25
191
90
69
130
23
73
88
215
108
23
99
73
87
90
64
219
125
215
87
15
96
250
77
130
219
73
23
194
77
70
15
130
219
1
23
75
73
39
191
73
25
46
96
77
15
23
20
69
96
23
25
70
99
77
84
20
250
130
64
90
108
20
73
125
69
194
46
250
66
1
15
215
108
194
70
219
73
69
88
219
25
75
66
250
73
99
108
191
87
46
23
108
88
70
227
25
20
191
15
75
39
25
46
108
23
227
88
96
88
125
84
99
191
219
108
77
194
15
69
46
64
194
25
96
73
66
20
130
73
66
39
90
227
88
70
46
191
191
250
194
125
73
108
19
69
90
87
64
96
130
90
88
125
1
194
84
69
1
19
77
215
108
25
69
250
46
96
219
20
1
77
73
99
125
130
87
15
20
130
66
23
227
15
96
88
64
194
215
1
15
69
23
70
64
99
219
46
215
25
77
219
99
125
250
39
84
70
90
75
125
96
219
39
99
66
77
23
1
73
25
77
191
227
87
69
96
46
215
87
191
250
88
77
99
39
194
84
96
87
99
75
64
84
46
20
250
219
99
130
64
108
70
88
66
215
87
46
96
215
1
66
219
46
90
20
15
25
70
19
25
1
191
73
227
64
15
84
15
191
77
88
108
194
215
87
69
130
219
23
69
130
108
125
215
96
88
64
90
99
130
25
250
194
88
96
75
1
194
64
250
15
87
99
77
90
39
88
227
19
99
75
70
215
194
39
46
23
88
125
87
64
191
96
108
73
1
75
99
84
15
87
215
20
39
46
64
73
25
15
90
70
39
64
46
66
191
99
1
19
77
73
20
219
69
191
194
88
46
108
191
25
64
75
227
219
19
125
15
75
227
19
215
250
46
99
39
130
191
99
227
96
23
25
215
250
87
108
46
25
191
215
87
64
1
23
39
69
343
454
243
152
88
104
246
145
54
67
5
191
175
182
440
137
235
382
396
336
