9
3
6
165
176
164
11
147
8
130
9
3
6
165
176
164
11
147
8
130
9
3
6
165
176
164
11
147
8
130
9
3
6
165
176
164
11
147
8
130
9
3
6
165
176
164
11
147
8
130
9
3
6
165
176
164
11
147
8
130
9
3
6
165
176
164
11
147
8
130
9
3
6
165
176
164
11
147
8
130
9
3
6
165
176
164
11
147
8
130
9
3
6
165
176
164
11
147
8
130
9
3
6
165
176
164
11
147
8
130
9
3
6
165
176
164
11
147
8
130
9
3
6
165
176
164
11
147
8
130
9
3
6
165
176
164
11
147
8
130
9
3
6
165
176
164
11
147
8
130
9
3
6
165
176
164
11
147
8
130
9
3
6
165
176
164
11
147
8
130
9
3
6
165
176
164
11
147
8
130
9
3
6
165
176
164
11
147
8
130
9
3
6
165
176
164
11
147
8
130
9
3
6
165
176
164
11
147
8
130
9
3
6
165
176
164
11
147
8
130
9
3
6
165
176
164
11
147
8
130
9
3
6
165
176
164
11
147
8
130
9
3
6
165
176
164
11
147
8
130
9
3
6
165
176
164
11
147
8
130
9
3
6
165
176
164
11
147
8
130
9
3
6
165
176
164
11
147
8
130
9
3
6
165
176
164
11
147
8
130
9
3
6
165
176
164
11
147
8
130
9
3
6
165
176
164
11
147
8
130
9
3
6
165
176
164
11
147
8
130
9
3
6
165
176
164
11
147
8
130
9
3
6
165
176
164
11
147
8
130
9
3
6
165
176
164
11
147
8
130
9
3
6
165
176
164
11
147
8
130
9
3
6
165
176
164
11
147
8
130
9
3
6
165
176
164
11
147
8
130
9
3
6
165
176
164
11
147
8
130
9
3
6
165
176
164
11
147
8
130
9
3
6
165
176
164
11
147
8
130
9
3
6
165
176
164
11
147
8
130
9
3
6
165
176
164
11
147
8
130
9
3
6
165
176
164
11
147
8
130
9
3
6
165
176
164
11
147
8
130
9
3
6
165
176
164
11
147
8
130
9
3
6
165
176
164
11
147
8
130
9
3
6
165
176
164
11
147
8
130
9
3
6
165
176
164
11
147
8
130
9
3
6
165
176
164
11
147
8
130
