59
174
91
104
127
60
214
217
37
101
19
27
59
99
37
38
141
93
9
174
27
9
62
143
59
19
127
141
215
97
97
35
141
229
1
127
216
58
62
93
101
35
62
217
38
143
104
215
99
60
174
104
27
19
223
59
101
99
217
229
1
217
58
99
91
141
35
216
62
143
73
223
6
214
217
216
215
104
101
58
6
104
216
9
215
223
234
59
38
93
214
27
9
143
229
38
37
93
217
97
141
6
60
223
9
37
234
73
217
58
214
91
101
6
93
217
127
19
216
229
215
1
35
27
37
101
104
91
216
60
6
99
27
217
58
1
35
9
59
141
215
143
93
35
104
99
38
214
223
60
214
73
234
174
27
127
216
38
58
1
91
214
27
217
58
99
1
101
6
19
214
35
104
234
141
174
9
37
217
91
73
93
1
174
217
19
214
99
104
37
91
217
141
214
37
60
27
1
99
127
234
99
214
216
229
6
59
62
104
141
35
143
38
141
1
60
104
91
217
234
234
214
143
215
19
58
9
141
1
93
174
229
104
217
223
9
127
19
101
99
27
234
37
58
223
1
217
38
91
59
58
59
73
214
141
174
215
6
27
217
37
1
141
234
62
223
58
216
229
214
101
214
223
215
1
19
35
93
58
9
9
234
217
1
216
97
101
214
174
215
9
234
229
59
37
216
223
143
6
1
62
35
217
93
97
9
101
104
234
141
1
215
214
19
58
93
223
229
97
91
217
19
143
35
97
27
59
223
91
174
234
214
141
215
58
73
59
19
62
60
9
62
99
38
60
229
6
93
174
217
223
143
60
91
104
37
141
214
234
216
217
59
229
97
143
223
19
216
104
37
60
91
174
62
59
37
101
73
143
127
73
59
91
93
6
127
174
58
60
217
99
19
37
174
73
35
141
6
27
234
229
215
141
97
1
99
37
104
143
214
35
141
127
93
37
215
216
1
214
60
91
104
6
229
27
35
58
38
59
9
217
174
229
93
58
59
143
91
101
27
37
174
91
38
127
234
19
215
60
93
6
27
59
58
104
9
127
97
174
19
35
101
229
19
215
37
38
91
99
60
214
229
19
62
141
174
27
127
104
37
281
439
286
339
188
307
65
156
446
386
341
157
156
404
449
65
42
307
459
35
