11
108
75
2
17
111
115
57
53
18
11
108
75
2
17
111
115
57
53
18
11
108
75
2
17
111
115
57
53
18
11
108
75
2
17
111
115
57
53
18
11
108
75
2
17
111
115
57
53
18
11
108
75
2
17
111
115
57
53
18
11
108
75
2
17
111
115
57
53
18
11
108
75
2
17
111
115
57
53
18
11
108
75
2
17
111
115
57
53
18
11
108
75
2
17
111
115
57
53
18
11
108
75
2
17
111
115
57
53
18
11
108
75
2
17
111
115
57
53
18
11
108
75
2
17
111
115
57
53
18
11
108
75
2
17
111
115
57
53
18
11
108
75
2
17
111
115
57
53
18
11
108
75
2
17
111
115
57
53
18
11
108
75
2
17
111
115
57
53
18
11
108
75
2
17
111
115
57
53
18
11
108
75
2
17
111
115
57
53
18
11
108
75
2
17
111
115
57
53
18
11
108
75
2
17
111
115
57
53
18
11
108
75
2
17
111
115
57
53
18
11
108
75
2
17
111
115
57
53
18
11
108
75
2
17
111
115
57
53
18
11
108
75
2
17
111
115
57
53
18
53
42
1
119
57
111
67
5
2
11
11
42
1
53
155
30
2
113
111
69
42
53
1
119
57
11
155
2
19
80
11
1
42
53
155
69
2
113
67
80
11
155
30
5
42
53
111
17
2
69
11
42
1
53
119
155
69
19
2
80
11
1
42
53
155
5
111
52
2
115
11
1
42
53
155
5
111
54
2
17
11
155
30
19
29
42
53
75
111
2
11
30
155
19
201
67
42
53
2
113
53
42
1
119
11
155
17
111
2
64
1
42
53
119
57
155
2
54
11
55
5
155
69
291
30
2
113
1
11
52
11
155
5
30
1
42
111
52
2
113
11
5
155
30
113
115
17
54
1
42
2
115
113
5
11
42
75
111
155
30
11
155
5
30
19
1
42
111
54
2
11
30
155
19
29
2
115
1
54
75
11
30
29
155
19
42
53
75
2
291
11
155
5
30
42
1
111
17
2
115
2
17
113
115
138
5
155
111
11
1
11
5
155
30
19
111
1
53
2
113
1
103
57
42
119
11
155
2
19
80
54
53
42
1
119
155
5
75
2
11
11
155
30
5
1
42
17
80
2
113
