135
56
10
21
77
64
40
13
257
7
99
7
13
40
73
77
49
64
21
145
77
135
88
59
185
21
40
146
7
108
56
10
92
64
98
146
53
107
257
99
92
146
73
98
257
7
88
135
16
49
21
56
40
148
99
135
13
77
91
146
148
98
56
107
91
145
57
108
21
73
135
50
257
13
53
91
49
64
98
59
91
80
7
92
185
108
257
77
50
56
146
107
99
98
145
112
64
148
13
49
91
257
49
56
7
92
145
77
64
50
50
146
88
73
57
92
16
7
80
107
145
16
148
13
80
59
135
53
99
56
107
148
185
91
56
73
145
64
92
88
112
146
59
10
99
107
40
49
64
7
77
148
53
40
146
107
99
88
57
73
73
21
56
16
99
145
59
146
107
112
56
88
91
80
64
10
21
7
148
145
40
13
145
59
112
108
135
53
21
49
148
49
56
59
80
40
92
57
145
257
91
64
145
88
57
98
59
148
257
16
92
108
99
57
257
53
135
148
88
77
77
53
91
64
16
112
40
92
50
7
56
77
53
99
107
185
50
98
135
40
56
108
49
92
107
77
73
64
112
99
13
135
112
91
80
53
146
10
50
21
59
56
145
135
64
107
21
148
146
7
7
13
40
148
185
16
99
80
59
107
185
56
53
135
7
13
99
88
108
98
56
21
16
135
80
148
49
92
73
59
92
64
77
21
13
98
57
146
49
91
257
148
91
92
21
7
53
185
146
10
107
77
16
148
80
112
135
108
56
13
112
80
257
13
10
88
7
40
145
73
108
98
99
64
57
112
135
107
53
148
40
49
107
108
135
64
88
16
148
21
21
148
135
108
7
49
56
10
40
257
98
257
99
135
80
10
21
16
73
59
16
7
112
56
49
92
91
53
148
88
57
64
145
135
108
257
73
77
56
59
64
145
257
10
91
148
135
88
185
80
108
13
16
10
99
112
50
53
92
98
59
99
98
77
185
135
91
21
80
108
148
80
77
73
50
57
135
98
21
13
50
91
257
73
92
56
108
53
107
64
59
112
50
13
77
7
57
40
148
98
163
179
430
248
430
70
224
189
195
73
244
307
208
238
109
119
365
236
219
110
211
248
270
265
259
206
278
435
182
161
67
376
425
330
78
66
209
308
485
236
