30
53
9
65
18
44
27
170
128
92
108
123
164
65
9
60
148
103
44
159
26
27
7
82
71
159
62
92
60
2
103
62
60
2
26
128
29
66
92
65
128
27
30
71
66
2
164
122
107
108
29
128
7
107
53
2
27
62
18
103
104
123
65
108
60
170
103
122
53
106
159
44
164
108
53
66
148
65
62
71
159
53
62
44
7
65
60
82
164
18
108
170
53
148
18
44
159
82
60
106
103
71
123
65
108
30
92
159
7
82
26
60
170
29
106
62
71
164
148
2
7
60
66
82
18
107
30
104
44
65
123
164
26
82
148
92
103
104
107
27
103
164
66
82
30
65
159
27
122
92
82
122
27
92
65
103
9
108
44
62
66
62
151
107
82
170
60
106
7
164
148
9
159
151
66
106
170
26
123
29
62
108
123
106
107
2
151
44
148
82
26
106
66
62
108
71
18
122
44
9
71
26
151
159
66
62
104
92
27
60
148
9
26
62
123
2
128
104
30
18
44
82
65
106
18
29
159
170
71
128
170
65
103
122
9
71
26
66
29
18
9
123
92
27
62
2
7
29
103
65
103
104
151
53
44
106
122
164
27
159
53
151
128
148
65
62
29
107
71
123
106
92
122
104
26
159
60
82
62
107
9
106
104
151
2
122
82
159
164
60
103
123
104
44
18
65
66
7
62
71
27
170
7
66
148
53
60
9
62
108
9
92
123
29
104
30
65
26
106
2
62
148
53
128
151
44
66
103
82
60
7
164
71
128
60
26
123
170
106
53
159
65
103
170
164
27
62
151
2
7
9
106
159
30
104
164
26
82
18
29
71
2
9
148
82
29
7
104
18
170
44
123
151
148
29
170
65
164
106
60
92
18
44
148
60
30
106
65
71
29
108
122
164
170
128
148
60
18
104
82
148
53
128
103
65
106
92
104
164
60
107
18
29
151
9
71
148
159
7
26
7
9
128
18
44
62
53
92
27
66
62
53
159
66
2
107
18
106
103
128
66
164
92
2
65
53
123
27
170
9
82
151
44
104
107
122
108
170
106
2
170
44
71
128
9
106
66
18
7
60
82
62
44
9
148
151
30
170
18
104
164
27
60
65
29
53
106
104
82
62
107
7
29
148
123
71
108
159
151
62
