18
30
29
23
25
18
30
29
23
25
18
30
29
23
25
18
30
29
23
25
18
30
29
23
25
18
30
29
23
25
18
30
29
23
25
18
30
29
23
25
18
30
29
23
25
18
30
29
23
25
18
30
29
23
25
18
30
29
23
25
18
30
29
23
25
18
30
29
23
25
18
30
29
23
25
18
30
29
23
25
18
30
29
23
25
18
30
29
23
25
18
30
29
23
25
18
30
29
23
25
18
30
29
23
25
18
30
29
23
25
18
30
29
23
25
18
30
29
23
25
18
30
29
23
25
18
30
29
23
25
18
30
29
23
25
18
30
29
23
25
18
30
29
23
25
18
30
29
23
25
18
30
29
23
25
18
30
29
23
25
18
30
29
23
25
18
30
29
23
25
18
30
29
23
25
18
30
29
23
25
18
30
29
23
25
18
30
29
23
25
18
30
29
23
25
18
30
29
23
25
18
30
29
23
25
18
30
29
23
25
18
30
29
23
25
18
30
29
23
25
18
30
29
23
25
18
30
29
23
25
18
30
29
23
25
18
30
29
23
25
18
30
29
23
25
18
30
29
23
25
