1
22
23
45
6
1
23
32
45
6
1
22
3
32
6
1
23
3
32
6
1
22
23
32
6
23
1
22
85
6
23
1
22
85
6
1
6
22
45
32
32
1
8
78
6
1
23
45
21
6
1
23
45
21
6
1
22
23
31
6
1
23
45
31
6
1
23
31
45
6
32
1
22
6
27
32
8
22
2
78
23
1
22
85
6
1
6
23
45
31
1
22
23
4
6
1
23
32
45
6
6
51
50
1
32
6
51
50
52
1
1
23
31
19
6
22
1
32
6
27
1
22
3
32
6
1
23
31
45
6
1
3
23
32
6
23
22
1
27
6
23
1
22
85
6
1
22
23
32
6
1
22
23
32
6
1
23
31
19
6
1
23
45
31
6
22
1
32
23
2
27
26
18
28
85
1
22
23
32
6
23
1
85
19
6
23
1
22
85
6
1
23
85
19
6
23
1
22
85
6
1
22
23
32
6
1
23
45
21
6
1
22
23
32
6
1
23
45
21
6
1
23
31
19
6
23
1
22
85
6
1
22
23
32
6
1
23
32
45
6
22
1
32
23
6
1
23
85
19
6
