3
23
12
31
1
3
23
12
31
1
3
23
12
31
1
3
23
12
31
1
3
23
12
31
1
3
23
12
31
1
3
23
12
31
1
3
23
12
31
1
3
23
12
31
1
3
23
12
31
1
3
23
12
31
1
3
23
12
31
1
3
23
12
31
1
3
23
12
31
1
3
23
12
31
1
3
23
12
31
1
3
23
12
31
1
3
23
12
31
1
3
23
12
31
1
3
23
12
31
1
3
23
12
31
1
3
23
12
31
1
3
23
12
31
1
3
23
12
31
1
3
23
12
31
1
23
1
22
85
6
1
22
23
32
6
1
23
45
31
6
6
51
50
52
1
1
23
31
19
6
23
1
22
85
6
23
1
22
85
6
23
1
22
85
6
23
1
22
85
6
1
22
23
32
6
1
23
45
21
6
1
22
23
45
6
1
23
18
85
6
6
51
50
52
1
22
1
32
23
6
1
23
32
45
6
1
22
23
32
6
23
1
85
6
22
6
51
1
32
22
1
23
45
21
6
1
23
45
31
6
6
51
50
27
22
23
1
22
85
6
1
23
31
19
6
23
1
22
85
6
