79
77
88
89
121
123
126
52
251
4
138
88
4
50
17
185
16
84
166
58
121
126
89
185
36
8
85
50
123
217
8
33
85
123
121
50
4
16
77
1
88
8
126
113
4
84
18
89
17
36
138
113
84
88
58
1
4
251
16
77
4
77
185
35
123
217
121
1
36
138
17
16
36
2
18
113
185
50
89
251
185
59
126
4
89
17
217
16
113
1
138
36
121
52
35
50
58
89
16
166
251
217
77
126
4
2
84
85
17
113
166
126
84
59
79
123
121
113
17
18
35
8
126
52
1
121
85
50
251
119
79
35
77
4
59
16
50
1
121
185
18
185
35
16
4
77
126
17
2
138
138
52
89
35
33
58
88
36
18
1
36
77
4
217
85
84
113
17
8
88
35
1
77
18
251
166
59
113
58
123
17
84
33
85
126
251
2
113
79
121
166
77
52
85
121
88
2
59
113
89
113
33
36
217
123
185
16
59
4
8
166
79
50
17
88
4
52
185
2
121
18
85
35
126
251
52
121
59
77
89
79
89
85
59
1
36
50
166
77
126
8
166
138
251
113
17
1
85
126
58
166
35
251
58
89
138
8
18
33
126
85
16
166
8
126
18
17
88
35
52
251
50
16
58
123
4
52
89
59
85
79
88
113
251
36
217
35
138
8
166
16
35
8
121
1
217
52
138
79
50
84
52
18
138
77
126
119
217
35
185
16
79
58
36
88
77
251
113
35
50
59
84
17
126
4
119
18
79
138
36
52
16
251
18
8
50
119
138
35
85
217
8
4
166
185
89
36
1
126
59
58
36
85
2
166
217
8
88
17
1
16
119
123
217
84
4
50
126
59
58
166
119
16
77
79
121
33
36
1
185
33
59
138
36
77
1
50
17
18
16
17
84
1
88
251
119
36
8
33
138
119
85
52
251
16
89
2
36
1
185
36
88
35
217
84
8
2
85
1
138
113
36
121
58
119
88
33
166
126
89
126
2
89
18
123
8
85
113
84
79
166
58
217
138
52
121
85
4
50
2
113
58
35
126
121
85
59
1
89
185
88
113
77
4
79
138
85
251
126
8
126
50
84
77
59
119
113
17
33
35
4
8
1
217
36
58
79
126
185
2
8
77
89
251
59
16
126
35
36
2
