1
11
95
84
93
98
86
3
4
80
44
110
109
11
86
7
4
99
178
43
82
37
106
9
83
84
99
16
95
109
7
44
106
43
42
98
178
1
82
236
7
102
143
2
6
44
99
93
84
1
106
82
102
3
11
87
99
95
1
236
7
42
98
37
43
84
11
2
16
86
1
178
99
16
43
44
143
102
87
4
236
9
84
42
102
110
43
80
95
178
84
43
110
80
44
7
3
16
37
82
98
106
82
2
42
95
16
7
93
84
83
1
99
109
42
37
4
143
95
86
7
236
3
102
106
4
87
44
143
1
84
16
93
143
178
2
37
6
109
44
95
93
83
99
11
143
42
236
16
7
95
109
236
83
43
98
143
37
80
82
178
11
95
110
43
44
7
86
37
42
87
102
95
83
93
143
106
1
236
37
98
93
95
106
43
2
83
84
42
37
109
9
3
37
106
44
143
178
7
95
11
95
37
1
98
4
83
178
99
102
109
95
98
87
236
84
178
86
11
99
43
3
6
11
83
37
80
42
40
16
43
3
6
11
83
37
80
42
40
16
43
3
6
11
83
37
80
42
40
16
43
3
6
11
83
37
80
42
40
16
43
3
6
11
83
37
80
42
40
16
43
3
6
11
83
37
80
42
40
16
43
3
6
11
83
37
80
42
40
16
43
3
6
11
83
37
80
42
40
16
43
3
6
11
83
37
80
42
40
16
43
3
6
11
83
37
80
42
40
16
43
3
6
11
83
37
80
42
40
16
43
3
6
11
83
37
80
42
40
16
43
3
6
11
83
37
80
42
40
16
43
3
6
11
83
37
80
42
40
16
43
3
6
11
83
37
80
42
40
16
43
3
6
11
83
37
80
42
40
16
43
3
6
11
83
37
80
42
40
16
3
1
43
11
83
80
4
9
93
86
3
1
43
11
83
80
4
9
93
86
3
1
43
11
83
80
4
9
93
86
3
1
43
11
83
80
4
9
93
86
3
1
43
11
83
80
4
9
93
86
242
452
259
471
408
134
243
147
445
109
123
382
361
177
385
208
488
418
345
480
302
22
480
243
249
134
140
69
100
308
392
403
299
178
15
467
383
55
104
51
117
175
289
464
2
116
411
131
159
269
378
394
25
96
41
322
381
95
331
494
