16
12
67
119
123
1
57
4
101
147
16
12
67
119
123
1
57
4
101
147
16
12
67
119
123
1
57
4
101
147
16
12
67
119
123
1
57
4
101
147
16
12
67
119
123
1
57
4
101
147
16
12
67
119
123
1
57
4
101
147
16
12
67
119
123
1
57
4
101
147
16
12
67
119
123
1
57
4
101
147
16
12
67
119
123
1
57
4
101
147
16
12
67
119
123
1
57
4
101
147
16
12
67
119
123
1
57
4
101
147
16
12
67
119
123
1
57
4
101
147
16
12
67
119
123
1
57
4
101
147
16
12
67
119
123
1
57
4
101
147
16
12
67
119
123
1
57
4
101
147
16
12
67
119
123
1
57
4
101
147
16
12
67
119
123
1
57
4
101
147
16
12
67
119
123
1
57
4
101
147
16
12
67
119
123
1
57
4
101
147
16
12
67
119
123
1
57
4
101
147
16
12
67
119
123
1
57
4
101
147
16
12
67
119
123
1
57
4
101
147
16
12
67
119
123
1
57
4
101
147
16
12
67
119
123
1
57
4
101
147
16
12
67
119
123
1
57
4
101
147
16
12
67
119
123
1
57
4
101
147
16
12
67
119
123
1
57
4
101
147
16
12
67
119
123
1
57
4
101
147
16
12
67
119
123
1
57
4
101
147
16
12
67
119
123
1
57
4
101
147
16
12
67
119
123
1
57
4
101
147
16
12
67
119
123
1
57
4
101
147
16
12
67
119
123
1
57
4
101
147
16
12
67
119
123
1
57
4
101
147
16
12
67
119
123
1
57
4
101
147
16
12
67
119
123
1
57
4
101
147
16
12
67
119
123
1
57
4
101
147
16
12
67
119
123
1
57
4
101
147
16
12
67
119
123
1
57
4
101
147
16
12
67
119
123
1
57
4
101
147
16
12
67
119
123
1
57
4
101
147
16
12
67
119
123
1
57
4
101
147
16
12
67
119
123
1
57
4
101
147
16
12
67
119
123
1
57
4
101
147
16
12
67
119
123
1
57
4
101
147
16
12
67
119
123
1
57
4
101
147
16
12
67
119
123
1
57
4
101
147
16
12
67
119
123
1
57
4
101
147
16
12
67
119
123
1
57
4
101
147
16
12
67
119
123
1
57
4
101
147
