107
1
43
33
77
107
1
43
33
77
107
1
43
33
77
107
1
43
33
77
107
1
43
33
77
107
1
43
33
77
107
1
43
33
77
107
1
43
33
77
107
1
43
33
77
107
1
43
33
77
107
1
43
33
77
107
1
43
33
77
107
1
43
33
77
107
1
43
33
77
107
1
43
33
77
107
1
43
33
77
107
1
43
33
77
107
1
43
33
77
107
1
43
33
77
107
1
43
33
77
107
1
43
33
77
107
1
43
33
77
107
1
43
33
77
107
1
43
33
77
107
1
43
33
77
107
1
43
33
77
107
1
43
33
77
107
1
43
33
77
107
1
43
33
77
107
1
43
33
77
107
1
43
33
77
107
1
43
33
77
107
1
43
33
77
107
1
43
33
77
107
1
43
33
77
107
1
43
33
77
107
1
43
33
77
107
1
43
33
77
107
1
43
33
77
107
1
43
33
77
107
1
43
33
77
107
1
43
33
77
107
1
43
33
77
107
1
43
33
77
107
1
43
33
77
107
1
43
33
77
107
1
43
33
77
107
1
43
33
77
107
1
43
33
77
107
1
43
33
77
