30
5
19
53
15
30
5
19
53
15
30
5
19
53
15
30
5
19
53
15
30
5
19
53
15
30
5
19
53
15
30
5
19
53
15
30
5
19
53
15
30
5
19
53
15
30
5
19
53
15
30
5
19
53
15
30
5
19
53
15
30
5
19
53
15
30
5
19
53
15
30
5
19
53
15
30
5
19
53
15
30
5
19
53
15
30
5
19
53
15
30
5
19
53
15
30
5
19
53
15
30
5
19
53
15
30
5
19
53
15
30
5
19
53
15
30
5
19
53
15
30
5
19
53
15
49
19
110
20
30
5
36
16
60
53
49
30
53
15
68
30
49
58
110
34
36
19
110
60
58
68
19
30
5
60
16
20
110
49
68
5
19
20
68
34
68
20
5
42
19
58
60
36
42
110
30
19
34
60
53
20
5
60
53
30
16
110
68
5
34
19
58
110
53
5
30
53
42
19
68
68
42
53
20
5
42
15
58
68
36
49
15
60
19
110
42
58
16
20
53
15
19
58
30
68
53
15
58
60
68
36
68
30
16
60
36
68
110
16
49
49
20
110
36
19
60
53
68
34
5
