162
182
38
167
80
81
184
143
187
263
128
264
175
150
302
129
257
82
204
354
80
350
162
354
137
187
330
82
83
38
150
83
261
81
257
182
187
129
354
302
129
75
257
167
1
218
80
143
182
175
83
143
354
204
261
137
80
264
167
82
218
143
137
75
82
80
150
128
354
129
182
38
184
13
261
150
263
81
82
131
263
162
302
82
129
128
81
187
150
175
83
187
330
204
137
128
218
162
129
13
187
75
129
82
128
204
38
350
150
330
129
128
354
82
187
13
330
1
80
184
184
302
264
167
82
80
187
350
330
75
1
129
83
82
182
204
131
350
263
187
137
354
302
182
330
257
261
1
218
350
81
184
1
137
38
128
75
150
330
264
175
302
264
75
263
261
128
83
81
143
143
302
82
13
167
354
128
184
263
162
162
184
263
187
80
143
175
38
137
330
330
218
187
175
182
263
80
82
354
143
162
131
263
302
137
167
81
38
330
128
81
82
184
263
128
162
187
264
167
330
302
128
261
184
129
80
13
187
204
350
80
354
131
182
167
184
75
263
150
350
129
128
354
175
350
182
264
150
143
261
330
354
1
128
187
184
264
167
302
257
175
354
129
162
264
204
81
80
1
330
38
162
257
167
128
187
264
82
182
13
184
1
143
330
38
182
83
218
129
354
143
204
182
129
83
261
82
184
167
80
187
257
218
354
167
204
129
162
38
263
330
13
1
167
218
81
187
162
80
150
167
204
80
75
143
350
1
182
257
175
354
302
1
80
187
167
131
137
75
13
75
13
82
204
218
1
150
38
143
261
175
13
75
167
162
81
330
137
350
204
38
80
302
75
81
129
182
128
350
261
182
75
204
162
302
1
129
354
137
80
162
264
182
75
38
175
128
330
137
13
257
182
82
175
184
150
187
167
83
143
182
75
184
129
83
81
1
143
128
187
1
82
167
131
143
330
128
75
264
162
82
75
204
261
187
182
129
150
330
175
330
218
129
75
80
263
137
175
354
150
131
354
204
82
187
83
218
261
257
162
137
175
218
204
129
81
82
264
80
1
83
80
38
330
1
204
264
182
354
263
700
817
702
699
370
716
886
130
962
801
848
572
909
495
581
769
980
657
62
714
27
318
691
591
768
499
675
558
463
624
