8
19
55
14
53
289
9
119
54
117
8
19
55
14
53
289
9
119
54
117
8
19
55
14
53
289
9
119
54
117
8
19
55
14
53
289
9
119
54
117
8
19
55
14
53
289
9
119
54
117
8
19
55
14
53
289
9
119
54
117
8
19
55
14
53
289
9
119
54
117
8
19
55
14
53
289
9
119
54
117
8
19
55
14
53
289
9
119
54
117
8
19
55
14
53
289
9
119
54
117
8
19
55
14
53
289
9
119
54
117
8
19
55
14
53
289
9
119
54
117
8
19
55
14
53
289
9
119
54
117
8
19
55
14
53
289
9
119
54
117
8
19
55
14
53
289
9
119
54
117
8
19
55
14
53
289
9
119
54
117
8
19
55
14
53
289
9
119
54
117
8
19
55
14
53
289
9
119
54
117
8
19
55
14
53
289
9
119
54
117
8
19
55
14
53
289
9
119
54
117
8
19
55
14
53
289
9
119
54
117
8
19
55
14
53
289
9
119
54
117
8
19
55
14
53
289
9
119
54
117
8
19
55
14
53
289
9
119
54
117
8
19
55
14
53
289
9
119
54
117
8
19
55
14
53
289
9
119
54
117
8
19
55
14
53
289
9
119
54
117
8
19
55
14
53
289
9
119
54
117
8
19
55
14
53
289
9
119
54
117
8
19
55
14
53
289
9
119
54
117
8
19
55
14
53
289
9
119
54
117
8
19
55
14
53
289
9
119
54
117
8
19
55
14
53
289
9
119
54
117
8
19
55
14
53
289
9
119
54
117
8
19
55
14
53
289
9
119
54
117
8
19
55
14
53
289
9
119
54
117
8
19
55
14
53
289
9
119
54
117
8
19
55
14
53
289
9
119
54
117
8
19
55
14
53
289
9
119
54
117
8
19
55
14
53
289
9
119
54
117
8
19
55
14
53
289
9
119
54
117
8
19
55
14
53
289
9
119
54
117
8
19
55
14
53
289
9
119
54
117
8
19
55
14
53
289
9
119
54
117
8
19
55
14
53
289
9
119
54
117
8
19
55
14
53
289
9
119
54
117
8
19
55
14
53
289
9
119
54
117
8
19
55
14
53
289
9
119
54
117
8
19
55
14
53
289
9
119
54
117
8
19
55
14
53
289
9
119
54
117
