18
166
111
113
125
60
209
87
225
221
18
166
111
113
125
60
209
87
225
221
18
166
111
113
125
60
209
87
225
221
18
166
111
113
125
60
209
87
225
221
18
166
111
113
125
60
209
87
225
221
18
166
111
113
125
60
209
87
225
221
18
166
111
113
125
60
209
87
225
221
18
166
111
113
125
60
209
87
225
221
18
166
111
113
125
60
209
87
225
221
18
166
111
113
125
60
209
87
225
221
18
166
111
113
125
60
209
87
225
221
18
166
111
113
125
60
209
87
225
221
18
166
111
113
125
60
209
87
225
221
18
166
111
113
125
60
209
87
225
221
18
166
111
113
125
60
209
87
225
221
18
166
111
113
125
60
209
87
225
221
18
166
111
113
125
60
209
87
225
221
18
166
111
113
125
60
209
87
225
221
18
166
111
113
125
60
209
87
225
221
18
166
111
113
125
60
209
87
225
221
18
166
111
113
125
60
209
87
225
221
18
166
111
113
125
60
209
87
225
221
18
166
111
113
125
60
209
87
225
221
18
166
111
113
125
60
209
87
225
221
18
166
111
113
125
60
209
87
225
221
18
166
111
113
125
60
209
87
225
221
18
166
111
113
125
60
209
87
225
221
18
166
111
113
125
60
209
87
225
221
18
166
111
113
125
60
209
87
225
221
18
166
111
113
125
60
209
87
225
221
18
166
111
113
125
60
209
87
225
221
18
166
111
113
125
60
209
87
225
221
18
166
111
113
125
60
209
87
225
221
18
166
111
113
125
60
209
87
225
221
18
166
111
113
125
60
209
87
225
221
18
166
111
113
125
60
209
87
225
221
18
166
111
113
125
60
209
87
225
221
18
166
111
113
125
60
209
87
225
221
18
166
111
113
125
60
209
87
225
221
18
166
111
113
125
60
209
87
225
221
18
166
111
113
125
60
209
87
225
221
18
166
111
113
125
60
209
87
225
221
18
166
111
113
125
60
209
87
225
221
18
166
111
113
125
60
209
87
225
221
18
166
111
113
125
60
209
87
225
221
18
166
111
113
125
60
209
87
225
221
18
166
111
113
125
60
209
87
225
221
18
166
111
113
125
60
209
87
225
221
18
166
111
113
125
60
209
87
225
221
18
166
111
113
125
60
209
87
225
221
