37
39
142
192
135
247
146
98
248
271
37
39
142
192
135
247
146
98
248
271
37
39
142
192
135
247
146
98
248
271
37
39
142
192
135
247
146
98
248
271
37
39
142
192
135
247
146
98
248
271
37
39
142
192
135
247
146
98
248
271
37
39
142
192
135
247
146
98
248
271
37
39
142
192
135
247
146
98
248
271
37
39
142
192
135
247
146
98
248
271
37
39
142
192
135
247
146
98
248
271
37
39
142
192
135
247
146
98
248
271
37
39
142
192
135
247
146
98
248
271
37
39
142
192
135
247
146
98
248
271
37
39
142
192
135
247
146
98
248
271
37
39
142
192
135
247
146
98
248
271
37
39
142
192
135
247
146
98
248
271
37
39
142
192
135
247
146
98
248
271
37
39
142
192
135
247
146
98
248
271
37
39
142
192
135
247
146
98
248
271
37
39
142
192
135
247
146
98
248
271
37
39
142
192
135
247
146
98
248
271
37
39
142
192
135
247
146
98
248
271
37
39
142
192
135
247
146
98
248
271
37
39
142
192
135
247
146
98
248
271
37
39
142
192
135
247
146
98
248
271
37
39
142
192
135
247
146
98
248
271
37
39
142
192
135
247
146
98
248
271
37
39
142
192
135
247
146
98
248
271
37
39
142
192
135
247
146
98
248
271
37
39
142
192
135
247
146
98
248
271
37
39
142
192
135
247
146
98
248
271
37
39
142
192
135
247
146
98
248
271
37
39
142
192
135
247
146
98
248
271
37
39
142
192
135
247
146
98
248
271
37
39
142
192
135
247
146
98
248
271
37
39
142
192
135
247
146
98
248
271
37
39
142
192
135
247
146
98
248
271
37
39
142
192
135
247
146
98
248
271
37
39
142
192
135
247
146
98
248
271
37
39
142
192
135
247
146
98
248
271
37
39
142
192
135
247
146
98
248
271
37
39
142
192
135
247
146
98
248
271
37
39
142
192
135
247
146
98
248
271
37
39
142
192
135
247
146
98
248
271
37
39
142
192
135
247
146
98
248
271
37
39
142
192
135
247
146
98
248
271
37
39
142
192
135
247
146
98
248
271
37
39
142
192
135
247
146
98
248
271
37
39
142
192
135
247
146
98
248
271
37
39
142
192
135
247
146
98
248
271
