37
39
142
192
135
247
146
98
248
271
37
39
142
192
135
247
146
98
248
271
37
39
142
192
135
247
146
98
248
271
37
39
142
192
135
247
146
98
248
271
37
39
142
192
135
247
146
98
248
271
37
39
142
192
135
247
146
98
248
271
37
39
142
192
135
247
146
98
248
271
37
39
142
192
135
247
146
98
248
271
37
39
142
192
135
247
146
98
248
271
37
39
142
192
135
247
146
98
248
271
37
39
142
192
135
247
146
98
248
271
37
39
142
192
135
247
146
98
248
271
37
39
142
192
135
247
146
98
248
271
37
39
142
192
135
247
146
98
248
271
37
39
142
192
135
247
146
98
248
271
37
39
142
192
135
247
146
98
248
271
37
39
142
192
135
247
146
98
248
271
37
39
142
192
135
247
146
98
248
271
37
39
142
192
135
247
146
98
248
271
37
39
142
192
135
247
146
98
248
271
37
39
142
192
135
247
146
98
248
271
37
39
142
192
135
247
146
98
248
271
37
39
142
192
135
247
146
98
248
271
37
39
142
192
135
247
146
98
248
271
37
39
142
192
135
146
244
98
247
271
37
39
142
192
135
146
244
98
247
271
37
39
142
192
135
146
244
98
247
271
37
39
142
192
135
146
244
98
247
271
37
39
142
192
135
146
244
98
247
271
37
39
142
192
135
146
244
98
247
271
37
39
142
192
135
146
244
98
247
271
37
39
142
192
135
146
244
98
247
271
37
39
142
192
135
146
244
98
247
271
37
39
142
192
135
146
244
98
247
271
37
39
142
192
135
146
244
98
247
271
37
39
142
192
135
146
244
98
247
271
37
39
142
192
135
146
244
98
247
271
37
39
142
192
135
146
244
98
247
271
37
39
142
192
135
146
244
98
247
271
37
39
142
192
135
146
244
98
247
271
37
39
142
192
135
146
244
98
247
271
37
39
142
192
135
146
244
98
247
271
37
39
142
192
135
146
244
98
247
271
37
39
142
192
135
146
244
98
247
271
37
39
142
192
135
146
244
98
247
271
37
39
142
192
135
146
244
98
247
271
37
39
142
192
135
146
244
98
247
271
37
39
142
192
135
146
244
98
247
271
37
39
142
192
135
146
244
98
247
271
37
39
142
192
135
146
244
98
247
271
