965
819
252
905
489
895
74
643
920
906
864
267
206
867
64
975
406
177
265
511
864
267
206
867
64
975
406
177
265
511
131
80
38
137
330
187
261
354
150
264
131
80
38
137
330
187
261
354
150
264
131
80
38
137
330
187
261
354
150
264
131
80
38
137
330
187
261
354
150
264
131
80
38
137
330
187
261
354
150
264
131
80
38
137
330
187
261
354
150
264
131
80
38
137
330
187
261
354
150
264
131
80
38
137
330
187
261
354
150
264
131
80
38
137
330
187
261
354
150
264
131
80
38
137
330
187
261
354
150
264
131
80
38
137
330
187
261
354
150
264
131
80
38
137
330
187
261
354
150
264
131
80
38
137
330
187
261
354
150
264
131
137
38
80
354
261
330
187
128
167
131
137
38
80
354
261
330
187
128
167
131
137
38
80
354
261
330
187
128
167
131
137
38
80
354
261
330
187
128
167
131
137
38
80
354
261
330
187
128
167
131
137
38
80
354
261
330
187
128
167
131
137
38
80
354
261
330
187
128
167
131
137
38
80
354
261
330
187
128
167
131
137
38
80
354
261
330
187
128
167
131
137
38
80
354
261
330
187
128
167
131
137
38
80
354
261
330
187
128
167
131
137
38
80
354
261
330
187
128
167
131
137
38
80
354
261
330
187
128
167
131
137
38
80
354
261
330
187
128
167
131
137
38
80
354
261
330
187
128
167
131
137
38
80
354
261
330
187
128
167
131
137
38
80
354
261
330
187
128
167
131
137
38
80
354
261
330
187
128
167
131
137
38
80
354
261
330
187
128
167
131
137
38
80
354
261
330
187
128
167
131
137
38
80
354
261
330
187
128
167
953
817
944
769
795
812
997
537
962
859
40
795
945
137
103
768
32
322
32
384
115
932
138
880
732
625
715
921
736
503
311
383
444
286
997
712
770
400
355
744
124
714
970
181
435
283
613
908
824
563
988
656
715
71
797
455
516
295
734
188
368
502
91
927
609
837
560
629
798
932
281
947
153
659
361
853
192
604
199
610
242
610
388
566
703
21
109
454
542
487
366
512
158
608
770
257
908
868
403
648
281
784
658
599
60
537
371
269
732
282
195
167
36
857
62
290
126
380
963
393
84
488
444
448
205
923
280
798
636
8
