138
59
145
66
608
311
760
80
184
602
21
222
152
144
71
571
314
162
166
316
138
59
145
66
608
311
760
80
184
602
21
222
152
144
71
571
314
162
166
316
138
59
145
66
608
311
760
80
184
602
21
222
152
144
71
571
314
162
166
316
138
59
145
66
608
311
760
80
184
602
21
222
152
144
71
571
314
162
166
316
138
59
145
66
608
311
760
80
184
602
21
222
152
144
71
571
314
162
166
316
138
59
145
66
608
311
760
80
184
602
21
222
152
144
71
571
314
162
166
316
138
59
145
66
608
311
760
80
184
602
21
222
152
144
71
571
314
162
166
316
138
59
145
66
608
311
760
80
184
602
21
222
152
144
71
571
314
162
166
316
138
59
145
66
608
311
760
80
184
602
21
222
152
144
71
571
314
162
166
316
138
59
145
66
608
311
760
80
184
602
21
222
152
144
71
571
314
162
166
316
138
59
145
66
608
311
760
80
184
602
21
222
152
144
71
571
314
162
166
316
138
59
145
66
608
311
760
80
184
602
21
222
152
144
71
571
314
162
166
316
138
59
145
66
608
311
760
80
184
602
21
222
152
144
71
571
314
162
166
316
138
59
145
66
608
311
760
80
184
602
21
222
152
144
71
571
314
162
166
316
138
59
145
66
608
311
760
80
184
602
21
222
152
144
71
571
314
162
166
316
138
59
145
66
608
311
760
80
184
602
21
222
152
144
71
571
314
162
166
316
138
59
145
66
608
311
760
80
184
602
21
222
152
144
71
571
314
162
166
316
138
59
145
66
608
311
760
80
184
602
21
222
152
144
71
571
314
162
166
316
138
59
145
66
608
311
760
80
184
602
21
222
152
144
71
571
314
162
166
316
138
59
145
66
608
311
760
80
184
602
21
222
152
144
71
571
314
162
166
316
138
59
145
66
608
311
760
80
184
602
21
222
152
144
71
571
314
162
166
316
138
59
145
66
608
311
760
80
184
602
21
222
152
144
71
571
314
162
166
316
138
59
145
66
608
311
760
80
184
602
21
222
152
144
71
571
314
162
166
316
138
59
145
66
608
311
760
80
184
602
21
222
152
144
71
571
314
162
166
316
138
59
145
66
608
311
760
80
184
602
21
222
152
144
71
571
314
162
166
316
138
59
145
66
608
311
760
80
184
602
21
222
152
144
71
571
314
162
166
316
138
59
145
66
608
311
760
80
184
602
21
222
152
144
71
571
314
162
166
316
138
59
145
66
608
311
760
80
184
602
21
222
152
144
71
571
314
162
166
316
138
59
145
66
608
311
760
80
184
602
21
222
152
144
71
571
314
162
166
316
138
59
145
66
608
311
760
80
184
602
21
222
152
144
71
571
314
162
166
316
138
59
145
66
608
311
760
80
184
602
21
222
152
144
71
571
314
162
166
316
138
59
145
66
608
311
760
80
184
602
21
222
152
144
71
571
314
162
166
316
138
59
145
66
608
311
760
80
184
602
21
222
152
144
71
571
314
162
166
316
138
59
145
66
608
311
760
80
184
602
21
222
152
144
71
571
314
162
166
316
138
59
145
66
608
311
760
80
184
602
21
222
152
144
71
571
314
162
166
316
138
59
145
66
608
311
760
80
184
602
21
222
152
144
71
571
314
162
166
316
138
59
145
66
608
311
760
80
184
602
21
222
152
144
71
571
314
162
166
316
138
59
145
66
608
311
760
80
184
602
21
222
152
144
71
571
314
162
166
316
138
59
145
66
608
311
760
80
184
602
21
222
152
144
71
571
314
162
166
316
138
59
145
66
608
311
760
80
184
602
21
222
152
144
71
571
314
162
166
316
138
59
145
66
608
311
760
80
184
602
21
222
152
144
71
571
314
162
166
316
138
59
145
66
608
311
760
80
184
602
21
222
152
144
71
571
314
162
166
316
138
59
145
66
608
311
760
80
184
602
21
222
152
144
71
571
314
162
166
316
138
59
145
66
608
311
760
80
184
602
21
222
152
144
71
571
314
162
166
316
138
59
145
66
608
311
760
80
184
602
21
222
152
144
71
571
314
162
166
316
138
59
145
66
608
311
760
80
184
602
21
222
152
144
71
571
314
162
166
316
138
59
145
66
608
311
760
80
184
602
21
222
152
144
71
571
314
162
166
316
138
59
145
66
608
311
760
80
184
602
21
222
152
144
71
571
314
162
166
316
138
59
145
66
608
311
760
80
184
602
21
222
152
144
71
571
314
162
166
316
138
59
145
66
608
311
760
80
184
602
21
222
152
144
71
571
314
162
166
316
