1585
1175
1528
1297
1887
50
1476
1184
754
1093
1977
611
1958
1243
1920
1464
1822
1315
1883
1229
1864
1808
1405
1688
1485
1643
1646
1164
1369
1590
1537
1016
1596
1653
1012
1621
432
1351
302
915
1390
1549
1862
453
1279
1326
755
1320
1485
143
1926
1660
646
1354
1839
364
1562
297
942
1649
752
1825
1852
755
1605
750
1012
1939
233
1627
1890
961
1032
63
1996
1964
316
1912
722
1936
1562
553
1656
1012
422
1056
1046
1666
1233
1885
908
1891
961
1536
1228
1358
1430
1786
1972
1528
45
553
1702
316
945
299
1542
1228
1999
95
1316
1951
232
1837
1439
1458
1738
389
50
797
1653
1478
1148
263
1876
1457
1861
1682
908
206
1828
1218
1706
1094
889
1428
1594
1306
747
1768
1412
1883
572
1958
91
262
1627
798
637
109
1624
1611
1866
1864
864
1226
754
643
1822
1824
316
1808
895
936
1983
47
1279
193
1998
556
1901
1299
1397
1691
1935
1829
1807
1457
1582
1991
1500
1138
1232
299
1016
1430
567
1772
1547
302
937
1572
1874
927
1518
1916
1912
542
1644
654
1955
1790
705
632
539
1354
1987
95
730
1427
1990
1694
906
1899
379
364
1457
1710
1556
275
1301
316
1430
375
729
1499
847
1981
1438
782
206
1989
1970
1886
1320
1880
1256
966
1304
1643
69
1656
526
1578
1852
189
236
1876
908
730
1550
1406
915
1471
516
556
1655
737
389
1954
1643
788
1439
260
64
262
1706
1186
1537
69
333
1666
864
750
1095
1646
302
1086
1742
1723
1819
353
1375
1774
1405
1955
1613
730
735
627
1996
740
1460
798
729
91
558
757
1716
1787
1861
215
69
1105
1696
1315
1521
1752
705
455
1153
1638
91
1436
1331
1073
526
573
1186
1732
925
1696
1702
1733
1229
433
903
1774
1694
1731
1814
1805
1643
1871
1667
1483
1606
637
1390
1428
1499
643
1638
348
459
302
786
1853
1836
1802
1861
793
1369
567
1887
1931
1105
847
1822
707
692
1283
1463
1148
839
1302
1988
1336
1297
1891
1028
1822
1682
1703
352
1535
1301
522
722
1458
1987
1722
274
272
1872
1193
1781
1880
1799
1772
1884
1935
1944
1262
307
1707
1028
675
1056
348
1332
45
119
1551
1759
1895
1572
1093
1410
611
555
333
1710
1735
1249
1393
143
1231
1743
1625
747
1056
1865
1696
1596
737
426
433
1391
336
1250
1707
1857
1558
1024
1281
1990
1697
307
206
1814
1405
1743
1299
119
1598
1369
1344
272
1731
1668
302
1449
1454
1988
91
1536
1723
1702
1971
1664
928
1722
1643
1021
1963
1627
1538
1223
728
1994
1301
1147
625
1474
1307
1038
1980
1338
1478
1707
1182
1832
1148
1838
1384
1506
1192
1978
1975
1590
1933
1883
299
1989
1996
1837
1430
1369
539
129
401
420
240
17
190
398
48
424
35
159
664
43
828
141
139
169
18
37
481
40
280
664
129
102
35
181
842
103
424
141
20
401
823
200
833
481
17
287
585
419
842
830
424
585
181
136
175
104
833
240
32
287
828
34
21
145
481
37
664
12
48
429
17
240
16
402
129
145
823
35
32
287
828
200
286
15
37
102
280
481
16
136
17
419
830
839
399
32
429
133
287
141
585
158
828
18
46
139
286
830
398
12
481
280
136
139
823
420
424
16
133
21
34
842
103
402
175
429
839
20
145
160
104
181
102
280
398
830
139
200
159
133
324
158
596
419
169
103
828
34
21
159
46
40
133
286
33
823
200
828
43
32
160
287
158
240
12
398
402
839
158
96
106
287
286
160
129
18
121
828
481
429
139
830
200
35
133
402
136
133
141
828
481
18
12
17
37
139
159
103
200
280
420
842
145
96
169
596
33
33
145
104
96
181
823
419
585
37
12
828
169
158
833
43
399
18
20
15
30
37
830
32
833
158
823
40
190
401
15
103
429
12
43
145
35
169
828
30
133
287
481
139
429
401
46
664
18
419
158
129
398
30
159
839
20
32
37
103
35
35
240
181
402
21
141
139
159
399
16
17
398
33
102
104
833
424
664
30
46
48
37
324
401
30
17
399
136
160
34
35
33
20
830
398
280
585
175
402
596
280
181
419
121
103
481
240
596
398
420
33
399
106
286
424
96
830
823
139
37
842
20
32
287
402
429
585
12
280
96
37
121
129
16
175
103
596
158
160
830
18
37
121
106
17
139
181
429
424
158
664
20
141
15
102
145
190
402
175
833
40
139
401
16
830
833
839
399
280
43
181
133
121
160
17
286
30
402
190
33
30
280
596
34
40
585
324
133
828
96
37
35
200
240
830
664
16
190
419
32
402
420
16
481
145
15
324
424
169
141
419
136
833
399
398
30
839
102
34
240
145
828
190
16
181
129
121
287
15
402
40
664
133
823
34
833
17
169
399
830
190
169
842
106
830
324
420
139
429
102
21
34
828
402
30
33
96
145
141
280
240
160
159
823
200
664
398
286
129
20
103
15
429
420
280
12
32
585
830
169
106
830
16
585
30
32
287
823
40
21
35
15
33
17
12
104
102
159
181
129
