478
20
54
9
33
295
19
538
223
39
527
44
491
332
338
379
26
296
23
59
478
20
54
9
33
295
19
538
223
39
527
44
491
332
338
379
26
296
23
59
478
20
54
9
33
295
19
538
223
39
527
44
491
332
338
379
26
296
23
59
478
20
54
9
33
295
19
538
223
39
527
44
491
332
338
379
26
296
23
59
478
20
54
9
33
295
19
538
223
39
527
44
491
332
338
379
26
296
23
59
478
20
54
9
33
295
19
538
223
39
527
44
491
332
338
379
26
296
23
59
478
20
54
9
33
295
19
538
223
39
527
44
491
332
338
379
26
296
23
59
478
20
54
9
33
295
19
538
223
39
527
44
491
332
338
379
26
296
23
59
478
20
54
9
33
295
19
538
223
39
527
44
491
332
338
379
26
296
23
59
478
20
54
9
33
295
19
538
223
39
527
44
491
332
338
379
26
296
23
59
478
20
54
9
33
295
19
538
223
39
527
44
491
332
338
379
26
296
23
59
478
20
54
9
33
295
19
538
223
39
527
44
491
332
338
379
26
296
23
59
478
20
54
9
33
295
19
538
223
39
527
44
491
332
338
379
26
296
23
59
478
20
54
9
33
295
19
538
223
39
527
44
491
332
338
379
26
296
23
59
478
20
54
9
33
295
19
538
223
39
527
44
491
332
338
379
26
296
23
59
478
20
54
9
33
295
19
538
223
39
527
44
491
332
338
379
26
296
23
59
478
20
54
9
33
295
19
538
223
39
527
44
491
332
338
379
26
296
23
59
478
20
54
9
33
295
19
538
223
39
527
44
491
332
338
379
26
296
23
59
478
20
54
9
33
295
19
538
223
39
527
44
491
332
338
379
26
296
23
59
478
20
54
9
33
295
19
538
223
39
527
44
491
332
338
379
26
296
23
59
478
20
54
9
33
295
19
538
223
39
527
44
491
332
338
379
26
296
23
59
478
20
54
9
33
295
19
538
223
39
527
44
491
332
338
379
26
296
23
59
478
20
54
9
33
295
19
538
223
39
527
44
491
332
338
379
26
296
23
59
478
20
54
9
33
295
19
538
223
39
527
44
491
332
338
379
26
296
23
59
478
20
54
9
33
295
19
538
223
39
527
44
491
332
338
379
26
296
23
59
478
20
54
9
33
295
19
538
223
39
527
44
491
332
338
379
26
296
23
59
478
20
54
9
33
295
19
538
223
39
527
44
491
332
338
379
26
296
23
59
478
20
54
9
33
295
19
538
223
39
527
44
491
332
338
379
26
296
23
59
478
20
54
9
33
295
19
538
223
39
527
44
491
332
338
379
26
296
23
59
478
20
54
9
33
295
19
538
223
39
527
44
491
332
338
379
26
296
23
59
478
20
54
9
33
295
19
538
223
39
527
44
491
332
338
379
26
296
23
59
478
20
54
9
33
295
19
538
223
39
527
44
491
332
338
379
26
296
23
59
478
20
54
9
33
295
19
538
223
39
527
44
491
332
338
379
26
296
23
59
478
20
54
9
33
295
19
538
223
39
527
44
491
332
338
379
26
296
23
59
478
20
54
9
33
295
19
538
223
39
527
44
491
332
338
379
26
296
23
59
478
20
54
9
33
295
19
538
223
39
527
44
491
332
338
379
26
296
23
59
478
20
54
9
33
295
19
538
223
39
527
44
491
332
338
379
26
296
23
59
478
20
54
9
33
295
19
538
223
39
527
44
491
332
338
379
26
296
23
59
478
20
54
9
33
295
19
538
223
39
527
44
491
332
338
379
26
296
23
59
478
20
54
9
33
295
19
538
223
39
527
44
491
332
338
379
26
296
23
59
478
20
54
9
33
295
19
538
223
39
527
44
491
332
338
379
26
296
23
59
478
20
54
9
33
295
19
538
223
39
527
44
491
332
338
379
26
296
23
59
478
20
54
9
33
295
19
538
223
39
527
44
491
332
338
379
26
296
23
59
478
20
54
9
33
295
19
538
223
39
527
44
491
332
338
379
26
296
23
59
478
20
54
9
33
295
19
538
223
39
527
44
491
332
338
379
26
296
23
59
478
20
54
9
33
295
19
538
223
39
527
44
491
332
338
379
26
296
23
59
478
20
54
9
33
295
19
538
223
39
527
44
491
332
338
379
26
296
23
59
478
20
54
9
33
295
19
538
223
39
527
44
491
332
338
379
26
296
23
59
478
20
54
9
33
295
19
538
223
39
527
44
491
332
338
379
26
296
23
59
478
20
54
9
33
295
19
538
223
39
527
44
491
332
338
379
26
296
23
59
