25
23
94
104
97
743
112
29
126
593
223
95
45
41
24
39
88
58
201
414
25
23
94
104
97
743
112
29
126
593
223
95
45
41
24
39
88
58
201
414
25
23
94
104
97
743
112
29
126
593
223
95
45
41
24
39
88
58
201
414
25
23
94
104
97
743
112
29
126
593
223
95
45
41
24
39
88
58
201
414
25
23
94
104
97
743
112
29
126
593
223
95
45
41
24
39
88
58
201
414
25
23
94
104
97
743
112
29
126
593
223
95
45
41
24
39
88
58
201
414
25
23
94
104
97
743
112
29
126
593
223
95
45
41
24
39
88
58
201
414
25
23
94
104
97
743
112
29
126
593
223
95
45
41
24
39
88
58
201
414
25
23
94
104
97
743
112
29
126
593
223
95
45
41
24
39
88
58
201
414
25
23
94
104
97
743
112
29
126
593
223
95
45
41
24
39
88
58
201
414
25
23
94
104
97
743
112
29
126
593
223
95
45
41
24
39
88
58
201
414
25
23
94
104
97
743
112
29
126
593
223
95
45
41
24
39
88
58
201
414
25
23
94
104
97
743
112
29
126
593
223
95
45
41
24
39
88
58
201
414
25
23
94
104
97
743
112
29
126
593
223
95
45
41
24
39
88
58
201
414
25
23
94
104
97
743
112
29
126
593
223
95
45
41
24
39
88
58
201
414
25
23
94
104
97
743
112
29
126
593
223
95
45
41
24
39
88
58
201
414
25
23
94
104
97
743
112
29
126
593
223
95
45
41
24
39
88
58
201
414
25
23
94
104
97
743
112
29
126
593
223
95
45
41
24
39
88
58
201
414
25
23
94
104
97
743
112
29
126
593
223
95
45
41
24
39
88
58
201
414
25
23
94
104
97
743
112
29
126
593
223
95
45
41
24
39
88
58
201
414
25
23
94
104
97
743
112
29
126
593
223
95
45
41
24
39
88
58
201
414
25
23
94
104
97
743
112
29
126
593
223
95
45
41
24
39
88
58
201
414
25
23
94
104
97
743
112
29
126
593
223
95
45
41
24
39
88
58
201
414
25
23
94
104
97
743
112
29
126
593
223
95
45
41
24
39
88
58
201
414
25
23
94
104
97
743
112
29
126
593
223
95
45
41
24
39
88
58
201
414
25
23
94
104
97
743
112
29
126
593
223
95
45
41
24
39
88
58
201
414
25
23
94
104
97
743
112
29
126
593
223
95
45
41
24
39
88
58
201
414
25
23
94
104
97
743
112
29
126
593
223
95
45
41
24
39
88
58
201
414
25
23
94
104
97
743
112
29
126
593
223
95
45
41
24
39
88
58
201
414
25
23
94
104
97
743
112
29
126
593
223
95
45
41
24
39
88
58
201
414
25
23
94
104
97
743
112
29
126
593
223
95
45
41
24
39
88
58
201
414
25
23
94
104
97
743
112
29
126
593
223
95
45
41
24
39
88
58
201
414
25
23
94
104
97
743
112
29
126
593
223
95
45
41
24
39
88
58
201
414
25
23
94
104
97
743
112
29
126
593
223
95
45
41
24
39
88
58
201
414
25
23
94
104
97
743
112
29
126
593
223
95
45
41
24
39
88
58
201
414
25
23
94
104
97
743
112
29
126
593
223
95
45
41
24
39
88
58
201
414
25
23
94
104
97
743
112
29
126
593
223
95
45
41
24
39
88
58
201
414
25
23
94
104
97
743
112
29
126
593
223
95
45
41
24
39
88
58
201
414
25
23
94
104
97
743
112
29
126
593
223
95
45
41
24
39
88
58
201
414
25
23
94
104
97
743
112
29
126
593
223
95
45
41
24
39
88
58
201
414
25
23
94
104
97
743
112
29
126
593
223
95
45
41
24
39
88
58
201
414
25
23
94
104
97
743
112
29
126
593
223
95
45
41
24
39
88
58
201
414
25
23
94
104
97
743
112
29
126
593
223
95
45
41
24
39
88
58
201
414
25
23
94
104
97
743
112
29
126
593
223
95
45
41
24
39
88
58
201
414
25
23
94
104
97
743
112
29
126
593
223
95
45
41
24
39
88
58
201
414
25
23
94
104
97
743
112
29
126
593
223
95
45
41
24
39
88
58
201
414
25
23
94
104
97
743
112
29
126
593
223
95
45
41
24
39
88
58
201
414
1993
1119
738
1979
1316
1425
1917
1753
1981
1964
1597
145
1995
1316
1079
1023
454
1995
1797
440
1918
1302
1648
42
368
1719
1204
906
1975
1554
504
1534
346
692
1785
355
571
1979
112
676
213
325
1403
943
1381
1598
762
142
705
1324
572
303
651
1281
989
252
739
1107
1055
1969
