17
15
103
129
21
106
30
399
141
121
35
104
32
145
46
175
18
136
828
34
17
15
103
129
21
106
30
399
141
121
35
104
32
145
46
175
18
136
828
34
17
15
103
129
21
106
30
399
141
121
35
104
32
145
46
175
18
136
828
34
17
15
103
129
21
106
30
399
141
121
35
104
32
145
46
175
18
136
828
34
17
15
103
129
21
106
30
399
141
121
35
104
32
145
46
175
18
136
828
34
17
15
103
129
21
106
30
399
141
121
35
104
32
145
46
175
18
136
828
34
17
15
103
129
21
106
30
399
141
121
35
104
32
145
46
175
18
136
828
34
17
15
103
129
21
106
30
399
141
121
35
104
32
145
46
175
18
136
828
34
17
15
103
129
21
106
30
399
141
121
35
104
32
145
46
175
18
136
828
34
17
15
103
129
21
106
30
399
141
121
35
104
32
145
46
175
18
136
828
34
17
15
103
129
21
106
30
399
141
121
35
104
32
145
46
175
18
136
828
34
17
15
103
129
21
106
30
399
141
121
35
104
32
145
46
175
18
136
828
34
17
15
103
129
21
106
30
399
141
121
35
104
32
145
46
175
18
136
828
34
17
15
103
129
21
106
30
399
141
121
35
104
32
145
46
175
18
136
828
34
17
15
103
129
21
106
30
399
141
121
35
104
32
145
46
175
18
136
828
34
17
15
103
129
21
106
30
399
141
121
35
104
32
145
46
175
18
136
828
34
17
15
103
129
21
106
30
399
141
121
35
104
32
145
46
175
18
136
828
34
17
15
103
129
21
106
30
399
141
121
35
104
32
145
46
175
18
136
828
34
17
15
103
129
21
106
30
399
141
121
35
104
32
145
46
175
18
136
828
34
17
15
103
129
21
106
30
399
141
121
35
104
32
145
46
175
18
136
828
34
17
15
103
129
21
106
30
399
141
121
35
104
32
145
46
175
18
136
828
34
17
15
103
129
21
106
30
399
141
121
35
104
32
145
46
175
18
136
828
34
17
15
103
129
21
106
30
399
141
121
35
104
32
145
46
175
18
136
828
34
17
15
103
129
21
106
30
399
141
121
35
104
32
145
46
175
18
136
828
34
17
15
103
129
21
106
30
399
141
121
35
104
32
145
46
175
18
136
828
34
17
15
103
129
21
106
30
399
141
121
35
104
32
145
46
175
18
136
828
34
17
15
103
129
21
106
30
399
141
121
35
104
32
145
46
175
18
136
828
34
17
15
103
129
21
106
30
399
141
121
35
104
32
145
46
175
18
136
828
34
17
15
103
129
21
106
30
399
141
121
35
104
32
145
46
175
18
136
828
34
17
15
103
129
21
106
30
399
141
121
35
104
32
145
46
175
18
136
828
34
17
15
103
129
21
106
30
399
141
121
35
104
32
145
46
175
18
136
828
34
17
15
103
129
21
106
30
399
141
121
35
104
32
145
46
175
18
136
828
34
17
15
103
129
21
106
30
399
141
121
35
104
32
145
46
175
18
136
828
34
17
15
103
129
21
106
30
399
141
121
35
104
32
145
46
175
18
136
828
34
17
15
103
129
21
106
30
399
141
121
35
104
32
145
46
175
18
136
828
34
17
15
103
129
21
106
30
399
141
121
35
104
32
145
46
175
18
136
828
34
17
15
103
129
21
106
30
399
141
121
35
104
32
145
46
175
18
136
828
34
17
15
103
129
21
106
30
399
141
121
35
104
32
145
46
175
18
136
828
34
17
15
103
129
21
106
30
399
141
121
35
104
32
145
46
175
18
136
828
34
17
15
103
129
21
106
30
399
141
121
35
104
32
145
46
175
18
136
828
34
17
15
103
129
21
106
30
399
141
121
35
104
32
145
46
175
18
136
828
34
17
15
103
129
21
106
30
399
141
121
35
104
32
145
46
175
18
136
828
34
17
15
103
129
21
106
30
399
141
121
35
104
32
145
46
175
18
136
828
34
17
15
103
129
21
106
30
399
141
121
35
104
32
145
46
175
18
136
828
34
17
15
103
129
21
106
30
399
141
121
35
104
32
145
46
175
18
136
828
34
17
15
103
129
21
106
30
399
141
121
35
104
32
145
46
175
18
136
828
34
17
15
103
129
21
106
30
399
141
121
35
104
32
145
46
175
18
136
828
34
17
15
103
129
21
106
30
399
141
121
35
104
32
145
46
175
18
136
828
34
17
15
103
129
21
106
30
399
141
121
35
104
32
145
46
175
18
136
828
34
17
15
103
129
21
106
30
399
141
121
35
104
32
145
46
175
18
136
828
34
