478
20
54
9
33
295
19
538
223
39
527
44
491
332
338
379
26
296
23
59
478
20
54
9
33
295
19
538
223
39
527
44
491
332
338
379
26
296
23
59
478
20
54
9
33
295
19
538
223
39
527
44
491
332
338
379
26
296
23
59
478
20
54
9
33
295
19
538
223
39
527
44
491
332
338
379
26
296
23
59
478
20
54
9
33
295
19
538
223
39
527
44
491
332
338
379
26
296
23
59
478
20
54
9
33
295
19
538
223
39
527
44
491
332
338
379
26
296
23
59
478
20
54
9
33
295
19
538
223
39
527
44
491
332
338
379
26
296
23
59
478
20
54
9
33
295
19
538
223
39
527
44
491
332
338
379
26
296
23
59
478
20
54
9
33
295
19
538
223
39
527
44
491
332
338
379
26
296
23
59
478
20
54
9
33
295
19
538
223
39
527
44
491
332
338
379
26
296
23
59
478
20
54
9
33
295
19
538
223
39
527
44
491
332
338
379
26
296
23
59
478
20
54
9
33
295
19
538
223
39
527
44
491
332
338
379
26
296
23
59
478
20
54
9
33
295
19
538
223
39
527
44
491
332
338
379
26
296
23
59
478
20
54
9
33
295
19
538
223
39
527
44
491
332
338
379
26
296
23
59
478
20
54
9
33
295
19
538
223
39
527
44
491
332
338
379
26
296
23
59
478
20
54
9
33
295
19
538
223
39
527
44
491
332
338
379
26
296
23
59
478
20
54
9
33
295
19
538
223
39
527
44
491
332
338
379
26
296
23
59
478
20
54
9
33
295
19
538
223
39
527
44
491
332
338
379
26
296
23
59
478
20
54
9
33
295
19
538
223
39
527
44
491
332
338
379
26
296
23
59
478
20
54
9
33
295
19
538
223
39
527
44
491
332
338
379
26
296
23
59
478
20
54
9
33
295
19
538
223
39
527
44
491
332
338
379
26
296
23
59
478
20
54
9
33
295
19
538
223
39
527
44
491
332
338
379
26
296
23
59
478
20
54
9
33
295
19
538
223
39
527
44
491
332
338
379
26
296
23
59
478
20
54
9
33
295
19
538
223
39
527
44
491
332
338
379
26
296
23
59
478
54
9
33
20
295
19
527
538
44
39
491
338
296
26
332
23
463
379
37
478
54
9
33
20
295
19
527
538
44
39
491
338
296
26
332
23
463
379
37
478
54
9
33
20
295
19
527
538
44
39
491
338
296
26
332
23
463
379
37
478
54
9
33
20
295
19
527
538
44
39
491
338
296
26
332
23
463
379
37
478
54
9
33
20
295
19
527
538
44
39
491
338
296
26
332
23
463
379
37
478
54
9
33
20
295
19
527
538
44
39
491
338
296
26
332
23
463
379
37
478
54
9
33
20
295
19
527
538
44
39
491
338
296
26
332
23
463
379
37
478
54
9
33
20
295
19
527
538
44
39
491
338
296
26
332
23
463
379
37
478
54
9
33
20
295
19
527
538
44
39
491
338
296
26
332
23
463
379
37
478
54
9
33
20
295
19
527
538
44
39
491
338
296
26
332
23
463
379
37
478
54
9
33
20
295
19
527
538
44
39
491
338
296
26
332
23
463
379
37
478
54
9
33
20
295
19
527
538
44
39
491
338
296
26
332
23
463
379
37
478
54
9
33
20
295
19
527
538
44
39
491
338
296
26
332
23
463
379
37
478
54
9
33
20
295
19
527
538
44
39
491
338
296
26
332
23
463
379
37
478
54
9
33
20
295
19
527
538
44
39
491
338
296
26
332
23
463
379
37
478
54
9
33
20
295
19
527
538
44
39
491
338
296
26
332
23
463
379
37
478
54
9
33
20
295
19
527
538
44
39
491
338
296
26
332
23
463
379
37
478
54
9
33
20
295
19
527
538
44
39
491
338
296
26
332
23
463
379
37
478
54
9
33
20
295
19
527
538
44
39
491
338
296
26
332
23
463
379
37
478
54
9
33
20
295
19
527
538
44
39
491
338
296
26
332
23
463
379
37
478
54
9
33
20
295
19
527
538
44
39
491
338
296
26
332
23
463
379
37
478
54
9
33
20
295
19
527
538
44
39
491
338
296
26
332
23
463
379
37
478
54
9
33
20
295
19
527
538
44
39
491
338
296
26
332
23
463
379
37
478
54
9
33
20
295
19
527
538
44
39
491
338
296
26
332
23
463
379
37
478
54
9
33
20
295
19
527
538
44
39
491
338
296
26
332
23
463
379
37
478
54
9
33
20
295
19
527
538
44
39
491
338
296
26
332
23
463
379
37
