578
4966
2565
3431
3506
3124
4433
3281
4115
3867
4519
1360
2013
4408
4420
4469
4417
2974
3284
1057
3117
2901
3742
4887
1393
409
2266
4030
1799
2781
3621
2274
2944
3898
3850
533
4440
4091
2100
200
4838
1139
4149
4872
1957
2371
1107
4385
3924
3474
3947
1573
4094
3466
55
1129
57
2593
4646
4663
4329
4666
4306
353
1835
4025
1423
1841
4405
4010
4105
4554
4944
3439
1059
3491
1974
4699
4285
2978
4711
520
4495
4441
212
4763
3229
2936
3236
1778
3118
4360
4761
3678
3621
55
3152
4641
4543
1102
389
2102
3170
3439
1011
4927
4345
2961
3768
2930
491
4024
4953
4984
3868
3500
1215
229
3939
4648
1570
4110
4109
4495
4932
2580
4657
3667
2179
4068
2024
2907
4998
3171
4679
1018
4303
4674
3008
1791
4552
4514
3351
4610
3835
4277
1500
3461
3767
3126
4579
2884
2103
2974
1558
4625
4791
4313
3838
3156
4524
2264
4740
4600
1427
3667
4291
2759
1435
3803
4760
3758
4830
2696
3971
4671
2275
3575
1573
4240
3487
4761
4906
3334
4748
2095
2396
2544
3852
2589
4914
4007
4585
3244
3963
3409
4813
3924
1544
3474
1214
3972
1982
975
1853
807
3991
349
17
4504
3317
4103
4425
1107
96
1441
1255
2391
4186
4
1214
3972
1982
975
1853
807
3991
349
17
4504
3317
4103
4425
1107
96
1441
1255
2391
4186
4
1214
3972
1982
975
1853
807
3991
349
17
4504
3317
4103
4425
1107
96
1441
1255
2391
4186
4
1214
3972
1982
975
1853
807
3991
349
17
4504
3317
4103
4425
1107
96
1441
1255
2391
4186
4
1214
3972
1982
975
1853
807
3991
349
17
4504
3317
4103
4425
1107
96
1441
1255
2391
4186
4
1214
3972
1982
975
1853
807
3991
349
17
4504
3317
4103
4425
1107
96
1441
1255
2391
4186
4
1214
3972
1982
975
1853
807
3991
349
17
4504
3317
4103
4425
1107
96
1441
1255
2391
4186
4
1214
3972
1982
975
1853
807
3991
349
17
4504
3317
4103
4425
1107
96
1441
1255
2391
4186
4
1214
3972
1982
975
1853
807
3991
349
17
4504
3317
4103
4425
1107
96
1441
1255
2391
4186
4
1214
3972
1982
975
1853
807
3991
349
17
4504
3317
4103
4425
1107
96
1441
1255
2391
4186
4
660
704
656
669
666
724
692
732
723
787
721
623
698
770
761
749
831
731
726
703
660
704
656
669
666
724
692
732
723
787
721
623
698
770
761
749
831
731
726
703
660
704
656
669
666
724
692
732
723
787
721
623
698
770
761
749
831
731
726
703
660
704
656
669
666
724
692
732
723
787
721
623
698
770
761
749
831
731
726
703
660
704
656
669
666
724
692
732
723
787
721
623
698
770
761
749
831
731
726
703
660
704
656
669
666
724
692
732
723
787
721
623
698
770
761
749
831
731
726
703
660
704
656
669
666
724
692
732
723
787
721
623
698
770
761
749
831
731
726
703
660
704
656
669
666
724
692
732
723
787
721
623
698
770
761
749
831
731
726
703
660
704
656
669
666
724
692
732
723
787
721
623
698
770
761
749
831
731
726
703
660
704
656
669
666
724
692
732
723
787
721
623
698
770
761
749
831
731
726
703
4212
4807
4133
4137
4092
3888
3729
4379
4176
4121
4197
1543
1224
4450
3230
3971
3260
4905
337
4622
4427
4320
754
4918
4012
4523
4694
1776
3008
4892
3564
1848
1926
4120
1240
4119
4952
4251
2562
4427
4860
4976
4071
3705
2380
3524
4379
2800
4361
4450
194
4622
4030
3920
4864
3218
4617
2663
4716
4013
4997
4873
1534
2581
4798
2400
3848
4442
4960
2910
4704
4512
3414
4989
2400
4853
4093
4321
4557
4433
4808
3757
278
4709
98
3008
1847
3231
3458
4978
4951
4112
4873
4906
4471
229
4846
4432
4382
2897
4555
704
4172
4861
3800
4172
4975
4878
3283
4449
4557
4282
3285
4878
4335
4303
4905
4120
4852
3356
2174
4997
4979
4112
3486
777
4985
4658
2562
4576
4771
4660
4960
4960
4455
4083
4859
4994
3115
4975
4387
3676
4512
3260
4555
4238
4321
4807
3114
4225
3260
4867
4456
1727
4238
4994
4979
4277
4638
3827
4523
4374
3122
3794
2411
3178
2881
4675
2993
1147
3977
3816
4951
4321
4846
4282
4786
4868
3672
231
4807
4321
1570
4868
3261
2170
4895
4945
3921
4119
4902
4512
4988
4878
4112
4892
4471
4634
1543
601
547
302
3695
602
3038
954
1836
3443
3256
2248
2575
3884
2707
2409
3465
157
4859
1742
1269
2582
2893
3458
3076
2762
2590
2024
4240
1306
4509
3666
4700
1522
1035
2686
2489
2460
3102
3093
4941
4610
2401
394
3046
660
3482
4625
1885
2172
1168
2692
2261
2769
3465
3592
3386
1414
792
4798
4309
2991
2345
3720
2640
4546
1312
3951
141
1321
1308
2401
493
4327
2944
1151
1203
1717
4451
2769
3361
1816
529
4395
1757
3331
4248
4631
1539
252
2761
3423
631
2189
2640
275
3650
704
2168
1804
257
2162
1546
975
934
4117
3353
456
797
4156
4978
438
3495
140
1737
2873
2626
85
4785
487
3533
3995
4969
1467
456
680
2152
391
2129
836
4431
2232
3252
3094
4285
1007
2938
3222
264
3717
3809
878
3941
2601
3544
751
400
4734
1711
4663
2679
2949
258
2607
3881
1387
68
4909
2092
8
273
1586
1961
1790
2810
2689
1552
3322
1945
4182
1036
1706
2812
4326
1057
3189
1070
3148
4118
180
6
1793
2335
4401
1488
1740
1028
4029
880
2641
3033
4443
4949
2925
4793
3622
4974
1824
4867
1117
4033
1542
