545
184
455
489
705
496
256
6
318
549
255
618
364
261
9
260
704
7
386
627
601
486
12
719
1071
545
184
455
489
705
496
256
6
318
549
255
618
364
261
9
260
704
7
386
627
601
486
12
719
1071
545
184
455
489
705
496
256
6
318
549
255
618
364
261
9
260
704
7
386
627
601
486
12
719
1071
545
184
455
489
705
496
256
6
318
549
255
618
364
261
9
260
704
7
386
627
601
486
12
719
1071
545
184
455
489
705
496
256
6
318
549
255
618
364
261
9
260
704
7
386
627
601
486
12
719
1071
545
184
455
489
705
496
256
6
318
549
255
618
364
261
9
260
704
7
386
627
601
486
12
719
1071
545
184
455
489
705
496
256
6
318
549
255
618
364
261
9
260
704
7
386
627
601
486
12
719
1071
545
184
455
489
705
496
256
6
318
549
255
618
364
261
9
260
704
7
386
627
601
486
12
719
1071
545
184
455
489
705
496
256
6
318
549
255
618
364
261
9
260
704
7
386
627
601
486
12
719
1071
545
184
455
489
705
496
256
6
318
549
255
618
364
261
9
260
704
7
386
627
601
486
12
719
1071
545
184
455
489
705
496
256
6
318
549
255
618
364
261
9
260
704
7
386
627
601
486
12
719
1071
545
184
455
489
705
496
256
6
318
549
255
618
364
261
9
260
704
7
386
627
601
486
12
719
1071
545
184
455
489
705
496
256
6
318
549
255
618
364
261
9
260
704
7
386
627
601
486
12
719
1071
545
184
455
489
705
496
256
6
318
549
255
618
364
261
9
260
704
7
386
627
601
486
12
719
1071
545
184
455
489
705
496
256
6
318
549
255
618
364
261
9
260
704
7
386
627
601
486
12
719
1071
545
184
455
489
705
496
256
6
318
549
255
618
364
261
9
260
704
7
386
627
601
486
12
719
1071
545
184
455
489
705
496
256
6
318
549
255
618
364
261
9
260
704
7
386
627
601
486
12
719
1071
545
184
455
489
705
496
256
6
318
549
255
618
364
261
9
260
704
7
386
627
601
486
12
719
1071
545
184
455
489
705
496
256
6
318
549
255
618
364
261
9
260
704
7
386
627
601
486
12
719
1071
545
184
455
489
705
496
256
6
318
549
255
618
364
261
9
260
704
7
386
627
601
486
12
719
1071
545
184
455
489
705
496
256
6
318
549
255
618
364
261
9
260
704
7
386
627
601
486
12
719
1071
545
184
455
489
705
496
256
6
318
549
255
618
364
261
9
260
704
7
386
627
601
486
12
719
1071
545
184
455
489
705
496
256
6
318
549
255
618
364
261
9
260
704
7
386
627
601
486
12
719
1071
545
184
455
489
705
496
256
6
318
549
255
618
364
261
9
260
704
7
386
627
601
486
12
719
1071
545
184
455
489
705
496
256
6
318
549
255
618
364
261
9
260
704
7
386
627
601
486
12
719
1071
545
184
455
489
705
496
256
6
318
549
255
618
364
261
9
260
704
7
386
627
601
486
12
719
1071
545
184
455
489
705
496
256
6
318
549
255
618
364
261
9
260
704
7
386
627
601
486
12
719
1071
545
184
455
489
705
496
256
6
318
549
255
618
364
261
9
260
704
7
386
627
601
486
12
719
1071
545
184
455
489
705
496
256
6
318
549
255
618
364
261
9
260
704
7
386
627
601
486
12
719
1071
545
184
455
489
705
496
256
6
318
549
255
618
364
261
9
260
704
7
386
627
601
486
12
719
1071
545
184
455
489
705
496
256
6
318
549
255
618
364
261
9
260
704
7
386
627
601
486
12
719
1071
545
184
455
489
705
496
256
6
318
549
255
618
364
261
9
260
704
7
386
627
601
486
12
719
1071
545
184
455
489
705
496
256
6
318
549
255
618
364
261
9
260
704
7
386
627
601
486
12
719
1071
545
184
455
489
705
496
256
6
318
549
255
618
364
261
9
260
704
7
386
627
601
486
12
719
1071
545
184
455
489
705
496
256
6
318
549
255
618
364
261
9
260
704
7
386
627
601
486
12
719
1071
545
184
455
489
705
496
256
6
318
549
255
618
364
261
9
260
704
7
386
627
601
486
12
719
1071
545
184
455
489
705
496
256
6
318
549
255
618
364
261
9
260
704
7
386
627
601
486
12
719
1071
545
184
455
489
705
496
256
6
318
549
255
618
364
261
9
260
704
7
386
627
601
486
12
719
1071
545
184
455
489
705
496
256
6
318
549
255
618
364
261
9
260
704
7
386
627
601
486
12
719
1071
545
184
455
489
705
496
256
6
318
549
255
618
364
261
9
260
704
7
386
627
601
486
12
719
1071
545
184
455
489
705
496
256
6
318
549
255
618
364
261
9
260
704
7
386
627
601
486
12
719
1071
545
184
455
489
705
496
256
6
318
549
255
618
364
261
9
260
704
7
386
627
601
486
12
719
1071
545
184
455
489
705
496
256
6
318
549
255
618
364
261
9
260
704
7
386
627
601
486
12
719
1071
545
184
455
489
705
496
256
6
318
549
255
618
364
261
9
260
704
7
386
627
601
486
12
719
1071
545
184
455
489
705
496
256
6
318
549
255
618
364
261
9
260
704
7
386
627
601
486
12
719
1071
545
184
455
489
705
496
256
6
318
549
255
618
364
261
9
260
704
7
386
627
601
486
12
719
1071
545
184
455
489
705
496
256
6
318
549
255
618
364
261
9
260
704
7
386
627
601
486
12
719
1071
545
184
455
489
705
496
256
6
318
549
255
618
364
261
9
260
704
7
386
627
601
486
12
719
1071
545
184
455
489
705
496
256
6
318
549
255
618
364
261
9
260
704
7
386
627
601
486
12
719
1071
545
184
455
489
705
496
256
6
318
549
255
618
364
261
9
260
704
7
386
627
601
486
12
719
1071
