6
7
2
5
4
3
158
321
1
329
104
430
437
332
292
299
155
106
120
102
327
355
88
440
94
307
93
107
331
335
6
7
2
5
4
3
158
321
1
329
104
430
437
332
292
299
155
106
120
102
327
355
88
440
94
307
93
107
331
335
6
7
2
5
4
3
158
321
1
329
104
430
437
332
292
299
155
106
120
102
327
355
88
440
94
307
93
107
331
335
6
7
2
5
4
3
158
321
1
329
104
430
437
332
292
299
155
106
120
102
327
355
88
440
94
307
93
107
331
335
6
7
2
5
4
3
158
321
1
329
104
430
437
332
292
299
155
106
120
102
327
355
88
440
94
307
93
107
331
335
6
7
2
5
4
3
158
321
1
329
104
430
437
332
292
299
155
106
120
102
327
355
88
440
94
307
93
107
331
335
6
7
2
5
4
3
158
321
1
329
104
430
437
332
292
299
155
106
120
102
327
355
88
440
94
307
93
107
331
335
6
7
2
5
4
3
158
321
1
329
104
430
437
332
292
299
155
106
120
102
327
355
88
440
94
307
93
107
331
335
6
7
2
5
4
3
158
321
1
329
104
430
437
332
292
299
155
106
120
102
327
355
88
440
94
307
93
107
331
335
6
7
2
5
4
3
158
321
1
329
104
430
437
332
292
299
155
106
120
102
327
355
88
440
94
307
93
107
331
335
6
7
2
5
4
3
158
321
1
329
104
430
437
332
292
299
155
106
120
102
327
355
88
440
94
307
93
107
331
335
6
7
2
5
4
3
158
321
1
329
104
430
437
332
292
299
155
106
120
102
327
355
88
440
94
307
93
107
331
335
6
7
2
5
4
3
158
321
1
329
104
430
437
332
292
299
155
106
120
102
327
355
88
440
94
307
93
107
331
335
6
7
2
5
4
3
158
321
1
329
104
430
437
332
292
299
155
106
120
102
327
355
88
440
94
307
93
107
331
335
6
7
2
5
4
3
158
321
1
329
104
430
437
332
292
299
155
106
120
102
327
355
88
440
94
307
93
107
331
335
6
7
2
5
4
3
158
321
1
329
104
430
437
332
292
299
155
106
120
102
327
355
88
440
94
307
93
107
331
335
6
7
2
5
4
3
158
321
1
329
104
430
437
332
292
299
155
106
120
102
327
355
88
440
94
307
93
107
331
335
6
7
2
5
4
3
158
321
1
329
104
430
437
332
292
299
155
106
120
102
327
355
88
440
94
307
93
107
331
335
6
7
2
5
4
3
158
321
1
329
104
430
437
332
292
299
155
106
120
102
327
355
88
440
94
307
93
107
331
335
6
7
2
5
4
3
158
321
1
329
104
430
437
332
292
299
155
106
120
102
327
355
88
440
94
307
93
107
331
335
6
7
2
5
4
3
158
321
1
329
104
430
437
332
292
299
155
106
120
102
327
355
88
440
94
307
93
107
331
335
6
7
2
5
4
3
158
321
1
329
104
430
437
332
292
299
155
106
120
102
327
355
88
440
94
307
93
107
331
335
6
7
2
5
4
3
158
321
1
329
104
430
437
332
292
299
155
106
120
102
327
355
88
440
94
307
93
107
331
335
6
7
2
5
4
3
158
321
1
329
104
430
437
332
292
299
155
106
120
102
327
355
88
440
94
307
93
107
331
335
6
7
2
5
4
3
158
321
1
329
104
430
437
332
292
299
155
106
120
102
327
355
88
440
94
307
93
107
331
335
6
7
2
5
4
3
158
321
1
329
104
430
437
332
292
299
155
106
120
102
327
355
88
440
94
307
93
107
331
335
6
7
2
5
4
3
158
321
1
329
104
430
437
332
292
299
155
106
120
102
327
355
88
440
94
307
93
107
331
335
6
7
2
5
4
3
158
321
1
329
104
430
437
332
292
299
155
106
120
102
327
355
88
440
94
307
93
107
331
335
6
7
2
5
4
3
158
321
1
329
104
430
437
332
292
299
155
106
120
102
327
355
88
440
94
307
93
107
331
335
6
7
2
5
4
3
158
321
1
329
104
430
437
332
292
299
155
106
120
102
327
355
88
440
94
307
93
107
331
335
6
7
2
5
4
3
158
321
1
329
104
430
437
332
292
299
155
106
120
102
327
355
88
440
94
307
93
107
331
335
6
7
2
5
4
3
158
321
1
329
104
430
437
332
292
299
155
106
120
102
327
355
88
440
94
307
93
107
331
335
6
7
2
5
4
3
158
321
1
329
104
430
437
332
292
299
155
106
120
102
327
355
88
440
94
307
93
107
331
335
6
7
2
5
4
3
158
321
1
329
104
430
437
332
292
299
155
106
120
102
327
355
88
440
94
307
93
107
331
335
6
7
2
5
4
3
158
321
1
329
104
430
437
332
292
299
155
106
120
102
327
355
88
440
94
307
93
107
331
335
6
7
2
5
4
3
158
321
1
329
104
430
437
332
292
299
155
106
120
102
327
355
88
440
94
307
93
107
331
335
6
7
2
5
4
3
158
321
1
329
104
430
437
332
292
299
155
106
120
102
327
355
88
440
94
307
93
107
331
335
6
7
2
5
4
3
158
321
1
329
104
430
437
332
292
299
155
106
120
102
327
355
88
440
94
307
93
107
331
335
6
7
2
5
4
3
158
321
1
329
104
430
437
332
292
299
155
106
120
102
327
355
88
440
94
307
93
107
331
335
6
7
2
5
4
3
158
321
1
329
104
430
437
332
292
299
155
106
120
102
327
355
88
440
94
307
93
107
331
335
6
7
2
5
4
3
158
321
1
329
104
430
437
332
292
299
155
106
120
102
327
355
88
440
94
307
93
107
331
335
6
7
2
5
4
3
158
321
1
329
104
430
437
332
292
299
155
106
120
102
327
355
88
440
94
307
93
107
331
335
6
7
2
5
4
3
158
321
1
329
104
430
437
332
292
299
155
106
120
102
327
355
88
440
94
307
93
107
331
335
6
7
2
5
4
3
158
321
1
329
104
430
437
332
292
299
155
106
120
102
327
355
88
440
94
307
93
107
331
335
6
7
2
5
4
3
158
321
1
329
104
430
437
332
292
299
155
106
120
102
327
355
88
440
94
307
93
107
331
335
6
7
2
5
4
3
158
321
1
329
104
430
437
332
292
299
155
106
120
102
327
355
88
440
94
307
93
107
331
335
6
7
2
5
4
3
158
321
1
329
104
430
437
332
292
299
155
106
120
102
327
355
88
440
94
307
93
107
331
335
6
7
2
5
4
3
158
321
1
329
104
430
437
332
292
299
155
106
120
102
327
355
88
440
94
307
93
107
331
335
6
7
2
5
4
3
158
321
1
329
104
430
437
332
292
299
155
106
120
102
327
355
88
440
94
307
93
107
331
335
6
7
2
5
4
3
158
321
1
329
104
430
437
332
292
299
155
106
120
102
327
355
88
440
94
307
93
107
331
335
