178
166
170
172
420
195
409
13
196
300
293
205
285
185
335
1696
528
169
258
690
529
247
248
371
847
1505
223
1599
60
288
336
349
201
433
2463
178
166
170
172
420
195
409
13
196
300
293
205
285
185
335
1696
528
169
258
690
529
247
248
371
847
1505
223
1599
60
288
336
349
201
433
2463
178
166
170
172
420
195
409
13
196
300
293
205
285
185
335
1696
528
169
258
690
529
247
248
371
847
1505
223
1599
60
288
336
349
201
433
2463
178
166
170
172
420
195
409
13
196
300
293
205
285
185
335
1696
528
169
258
690
529
247
248
371
847
1505
223
1599
60
288
336
349
201
433
2463
178
166
170
172
420
195
409
13
196
300
293
205
285
185
335
1696
528
169
258
690
529
247
248
371
847
1505
223
1599
60
288
336
349
201
433
2463
178
166
170
172
420
195
409
13
196
300
293
205
285
185
335
1696
528
169
258
690
529
247
248
371
847
1505
223
1599
60
288
336
349
201
433
2463
178
166
170
172
420
195
409
13
196
300
293
205
285
185
335
1696
528
169
258
690
529
247
248
371
847
1505
223
1599
60
288
336
349
201
433
2463
178
166
170
172
420
195
409
13
196
300
293
205
285
185
335
1696
528
169
258
690
529
247
248
371
847
1505
223
1599
60
288
336
349
201
433
2463
178
166
170
172
420
195
409
13
196
300
293
205
285
185
335
1696
528
169
258
690
529
247
248
371
847
1505
223
1599
60
288
336
349
201
433
2463
178
166
170
172
420
195
409
13
196
300
293
205
285
185
335
1696
528
169
258
690
529
247
248
371
847
1505
223
1599
60
288
336
349
201
433
2463
178
166
170
172
420
195
409
13
196
300
293
205
285
185
335
1696
528
169
258
690
529
247
248
371
847
1505
223
1599
60
288
336
349
201
433
2463
178
166
170
172
420
195
409
13
196
300
293
205
285
185
335
1696
528
169
258
690
529
247
248
371
847
1505
223
1599
60
288
336
349
201
433
2463
178
166
170
172
420
195
409
13
196
300
293
205
285
185
335
1696
528
169
258
690
529
247
248
371
847
1505
223
1599
60
288
336
349
201
433
2463
178
166
170
172
420
195
409
13
196
300
293
205
285
185
335
1696
528
169
258
690
529
247
248
371
847
1505
223
1599
60
288
336
349
201
433
2463
178
166
170
172
420
195
409
13
196
300
293
205
285
185
335
1696
528
169
258
690
529
247
248
371
847
1505
223
1599
60
288
336
349
201
433
2463
178
166
170
172
420
195
409
13
196
300
293
205
285
185
335
1696
528
169
258
690
529
247
248
371
847
1505
223
1599
60
288
336
349
201
433
2463
178
166
170
172
420
195
409
13
196
300
293
205
285
185
335
1696
528
169
258
690
529
247
248
371
847
1505
223
1599
60
288
336
349
201
433
2463
178
166
170
172
420
195
409
13
196
300
293
205
285
185
335
1696
528
169
258
690
529
247
248
371
847
1505
223
1599
60
288
336
349
201
433
2463
178
166
170
172
420
195
409
13
196
300
293
205
285
185
335
1696
528
169
258
690
529
247
248
371
847
1505
223
1599
60
288
336
349
201
433
2463
178
166
170
172
420
195
409
13
196
300
293
205
285
185
335
1696
528
169
258
690
529
247
248
371
847
1505
223
1599
60
288
336
349
201
433
2463
178
166
170
172
420
195
409
13
196
300
293
205
285
185
335
1696
528
169
258
690
529
247
248
371
847
1505
223
1599
60
288
336
349
201
433
2463
178
166
170
172
420
195
409
13
196
300
293
205
285
185
335
1696
528
169
258
690
529
247
248
371
847
1505
223
1599
60
288
336
349
201
433
2463
178
166
170
172
420
195
409
13
196
300
293
205
285
185
335
1696
528
169
258
690
529
247
248
371
847
1505
223
1599
60
288
336
349
201
433
2463
178
166
170
172
420
195
409
13
196
300
293
205
285
185
335
1696
528
169
258
690
529
247
248
371
847
1505
223
1599
60
288
336
349
201
433
2463
178
166
170
172
420
195
409
13
196
300
293
205
285
185
335
1696
528
169
258
690
529
247
248
371
847
1505
223
1599
60
288
336
349
201
433
2463
178
166
170
172
420
195
409
13
196
300
293
205
285
185
335
1696
528
169
258
690
529
247
248
371
847
1505
223
1599
60
288
336
349
201
433
2463
178
166
170
172
420
195
409
13
196
300
293
205
285
185
335
1696
528
169
258
690
529
247
248
371
847
1505
223
1599
60
288
336
349
201
433
2463
178
166
170
172
420
195
409
13
196
300
293
205
285
185
335
1696
528
169
258
690
529
247
248
371
847
1505
223
1599
60
288
336
349
201
433
2463
178
166
170
172
420
195
409
13
196
300
293
205
285
185
335
1696
528
169
258
690
529
247
248
371
847
1505
223
1599
60
288
336
349
201
433
2463
178
166
170
172
420
195
409
13
196
300
293
205
285
185
335
1696
528
169
258
690
529
247
248
371
847
1505
223
1599
60
288
336
349
201
433
2463
178
166
170
172
420
195
409
13
196
300
293
205
285
185
335
1696
528
169
258
690
529
247
248
371
847
1505
223
1599
60
288
336
349
201
433
2463
178
166
170
172
420
195
409
13
196
300
293
205
285
185
335
1696
528
169
258
690
529
247
248
371
847
1505
223
1599
60
288
336
349
201
433
2463
178
166
170
172
420
195
409
13
196
300
293
205
285
185
335
1696
528
169
258
690
529
247
248
371
847
1505
223
1599
60
288
336
349
201
433
2463
178
166
170
172
420
195
409
13
196
300
293
205
285
185
335
1696
528
169
258
690
529
247
248
371
847
1505
223
1599
60
288
336
349
201
433
2463
178
166
170
172
420
195
409
13
196
300
293
205
285
185
335
1696
528
169
258
690
529
247
248
371
847
1505
223
1599
60
288
336
349
201
433
2463
178
166
170
172
420
195
409
13
196
300
293
205
285
185
335
1696
528
169
258
690
529
247
248
371
847
1505
223
1599
60
288
336
349
201
433
2463
178
166
170
172
420
195
409
13
196
300
293
205
285
185
335
1696
528
169
258
690
529
247
248
371
847
1505
223
1599
60
288
336
349
201
433
2463
178
166
170
172
420
195
409
13
196
300
293
205
285
185
335
1696
528
169
258
690
529
247
248
371
847
1505
223
1599
60
288
336
349
201
433
2463
178
166
170
172
420
195
409
13
196
300
293
205
285
185
335
1696
528
169
258
690
529
247
248
371
847
1505
223
1599
60
288
336
349
201
433
2463
178
166
170
172
420
195
409
13
196
300
293
205
285
185
335
1696
528
169
258
690
529
247
248
371
847
1505
223
1599
60
288
336
349
201
433
2463
178
166
170
172
420
195
409
13
196
300
293
205
285
185
335
1696
528
169
258
690
529
247
248
371
847
1505
223
1599
60
288
336
349
201
433
2463
178
166
170
172
420
195
409
13
196
300
293
205
285
185
335
1696
528
169
258
690
529
247
248
371
847
1505
223
1599
60
288
336
349
201
433
2463
178
166
170
172
420
195
409
13
196
300
293
205
285
185
335
1696
528
169
258
690
529
247
248
371
847
1505
223
1599
60
288
336
349
201
433
2463
178
166
170
172
420
195
409
13
196
300
293
205
285
185
335
1696
528
169
258
690
529
247
248
371
847
1505
223
1599
60
288
336
349
201
433
2463
178
166
170
172
420
195
409
13
196
300
293
205
285
185
335
1696
528
169
258
690
529
247
248
371
847
1505
223
1599
60
288
336
349
201
433
2463
178
166
170
172
420
195
409
13
196
300
293
205
285
185
335
1696
528
169
258
690
529
247
248
371
847
1505
223
1599
60
288
336
349
201
433
2463
178
166
170
172
420
195
409
13
196
300
293
205
285
185
335
1696
528
169
258
690
529
247
248
371
847
1505
223
1599
60
288
336
349
201
433
2463
178
166
170
172
420
195
409
13
196
300
293
205
285
185
335
1696
528
169
258
690
529
247
248
371
847
1505
223
1599
60
288
336
349
201
433
2463
178
166
170
172
420
195
409
13
196
300
293
205
285
185
335
1696
528
169
258
690
529
247
248
371
847
1505
223
1599
60
288
336
349
201
433
2463
178
166
170
172
420
195
409
13
196
300
293
205
285
185
335
1696
528
169
258
690
529
247
248
371
847
1505
223
1599
60
288
336
349
201
433
2463
