715
1310
605
1889
705
203
2061
614
2064
28
1033
2066
659
211
1035
1040
2266
362
2448
655
576
2046
608
2102
691
2078
713
227
1620
1992
1522
2084
2885
339
531
1027
1696
187
1300
204
715
1310
605
1889
705
203
2061
614
2064
28
1033
2066
659
211
1035
1040
2266
362
2448
655
576
2046
608
2102
691
2078
713
227
1620
1992
1522
2084
2885
339
531
1027
1696
187
1300
204
715
1310
605
1889
705
203
2061
614
2064
28
1033
2066
659
211
1035
1040
2266
362
2448
655
576
2046
608
2102
691
2078
713
227
1620
1992
1522
2084
2885
339
531
1027
1696
187
1300
204
715
1310
605
1889
705
203
2061
614
2064
28
1033
2066
659
211
1035
1040
2266
362
2448
655
576
2046
608
2102
691
2078
713
227
1620
1992
1522
2084
2885
339
531
1027
1696
187
1300
204
715
1310
605
1889
705
203
2061
614
2064
28
1033
2066
659
211
1035
1040
2266
362
2448
655
576
2046
608
2102
691
2078
713
227
1620
1992
1522
2084
2885
339
531
1027
1696
187
1300
204
715
1310
605
1889
705
203
2061
614
2064
28
1033
2066
659
211
1035
1040
2266
362
2448
655
576
2046
608
2102
691
2078
713
227
1620
1992
1522
2084
2885
339
531
1027
1696
187
1300
204
715
1310
605
1889
705
203
2061
614
2064
28
1033
2066
659
211
1035
1040
2266
362
2448
655
576
2046
608
2102
691
2078
713
227
1620
1992
1522
2084
2885
339
531
1027
1696
187
1300
204
715
1310
605
1889
705
203
2061
614
2064
28
1033
2066
659
211
1035
1040
2266
362
2448
655
576
2046
608
2102
691
2078
713
227
1620
1992
1522
2084
2885
339
531
1027
1696
187
1300
204
715
1310
605
1889
705
203
2061
614
2064
28
1033
2066
659
211
1035
1040
2266
362
2448
655
576
2046
608
2102
691
2078
713
227
1620
1992
1522
2084
2885
339
531
1027
1696
187
1300
204
715
1310
605
1889
705
203
2061
614
2064
28
1033
2066
659
211
1035
1040
2266
362
2448
655
576
2046
608
2102
691
2078
713
227
1620
1992
1522
2084
2885
339
531
1027
1696
187
1300
204
715
1310
605
1889
705
203
2061
614
2064
28
1033
2066
659
211
1035
1040
2266
362
2448
655
576
2046
608
2102
691
2078
713
227
1620
1992
1522
2084
2885
339
531
1027
1696
187
1300
204
715
1310
605
1889
705
203
2061
614
2064
28
1033
2066
659
211
1035
1040
2266
362
2448
655
576
2046
608
2102
691
2078
713
227
1620
1992
1522
2084
2885
339
531
1027
1696
187
1300
204
715
1310
605
1889
705
203
2061
614
2064
28
1033
2066
659
211
1035
1040
2266
362
2448
655
576
2046
608
2102
691
2078
713
227
1620
1992
1522
2084
2885
339
531
1027
1696
187
1300
204
715
1310
605
1889
705
203
2061
614
2064
28
1033
2066
659
211
1035
1040
2266
362
2448
655
576
2046
608
2102
691
2078
713
227
1620
1992
1522
2084
2885
339
531
1027
1696
187
1300
204
715
1310
605
1889
705
203
2061
614
2064
28
1033
2066
659
211
1035
1040
2266
362
2448
655
576
2046
608
2102
691
2078
713
227
1620
1992
1522
2084
2885
339
531
1027
1696
187
1300
204
715
1310
605
1889
705
203
2061
614
2064
28
1033
2066
659
211
1035
1040
2266
362
2448
655
576
2046
608
2102
691
2078
713
227
1620
1992
1522
2084
2885
339
531
1027
1696
187
1300
204
715
1310
605
1889
705
203
2061
614
2064
28
1033
2066
659
211
1035
1040
2266
362
2448
655
576
2046
608
2102
691
2078
713
227
1620
1992
1522
2084
2885
339
531
1027
1696
187
1300
204
715
1310
605
1889
705
203
2061
614
2064
28
1033
2066
659
211
1035
1040
2266
362
2448
655
576
2046
608
2102
691
2078
713
227
1620
1992
1522
2084
2885
339
531
1027
1696
187
1300
204
715
1310
605
1889
705
203
2061
614
2064
28
1033
2066
659
211
1035
1040
2266
362
2448
655
576
2046
608
2102
691
2078
713
227
1620
1992
1522
2084
2885
339
531
1027
1696
187
1300
204
715
1310
605
1889
705
203
2061
614
2064
28
1033
2066
659
211
1035
1040
2266
362
2448
655
576
2046
608
2102
691
2078
713
227
1620
1992
1522
2084
2885
339
531
1027
1696
187
1300
204
715
1310
605
1889
705
203
2061
614
2064
28
1033
2066
659
211
1035
1040
2266
362
2448
655
576
2046
608
2102
691
2078
713
227
1620
1992
1522
2084
2885
339
531
1027
1696
187
1300
204
715
1310
605
1889
705
203
2061
614
2064
28
1033
2066
659
211
1035
1040
2266
362
2448
655
576
2046
608
2102
691
2078
713
227
1620
1992
1522
2084
2885
339
531
1027
1696
187
1300
204
715
1310
605
1889
705
203
2061
614
2064
28
1033
2066
659
211
1035
1040
2266
362
2448
655
576
2046
608
2102
691
2078
713
227
1620
1992
1522
2084
2885
339
531
1027
1696
187
1300
204
715
1310
605
1889
705
203
2061
614
2064
28
1033
2066
659
211
1035
1040
2266
362
2448
655
576
2046
608
2102
691
2078
713
227
1620
1992
1522
2084
2885
339
531
1027
1696
187
1300
204
715
1310
605
1889
705
203
2061
614
2064
28
1033
2066
659
211
1035
1040
2266
362
2448
655
576
2046
608
2102
691
2078
713
227
1620
1992
1522
2084
2885
339
531
1027
1696
187
1300
204
715
1310
605
1889
705
203
2061
614
2064
28
1033
2066
659
211
1035
1040
2266
362
2448
655
576
2046
608
2102
691
2078
713
227
1620
1992
1522
2084
2885
339
531
1027
1696
187
1300
204
715
576
688
220
184
2046
1869
1515
81
809
1310
1254
608
605
1889
319
1319
679
577
399
705
318
75
1523
2102
1368
2621
1091
203
2061
725
810
1130
314
105
614
1940
1237
1369
1009
715
576
688
220
184
2046
1869
1515
81
809
1310
1254
608
605
1889
319
1319
679
577
399
705
318
75
1523
2102
1368
2621
1091
203
2061
725
810
1130
314
105
614
1940
1237
1369
1009
715
576
688
220
184
2046
1869
1515
81
809
1310
1254
608
605
1889
319
1319
679
577
399
705
318
75
1523
2102
1368
2621
1091
203
2061
725
810
1130
314
105
614
1940
1237
1369
1009
715
576
688
220
184
2046
1869
1515
81
809
1310
1254
608
605
1889
319
1319
679
577
399
705
318
75
1523
2102
1368
2621
1091
203
2061
725
810
1130
314
105
614
1940
1237
1369
1009
715
576
688
220
184
2046
1869
1515
81
809
1310
1254
608
605
1889
319
1319
679
577
399
705
318
75
1523
2102
1368
2621
1091
203
2061
725
810
1130
314
105
614
1940
1237
1369
1009
715
576
688
220
184
2046
1869
1515
81
809
1310
1254
608
605
1889
319
1319
679
577
399
705
318
75
1523
2102
1368
2621
1091
203
2061
725
810
1130
314
105
614
1940
1237
1369
1009
715
576
688
220
184
2046
1869
1515
81
809
1310
1254
608
605
1889
319
1319
679
577
399
705
318
75
1523
2102
1368
2621
1091
203
2061
725
810
1130
314
105
614
1940
1237
1369
1009
715
576
688
220
184
2046
1869
1515
81
809
1310
1254
608
605
1889
319
1319
679
577
399
705
318
75
1523
2102
1368
2621
1091
203
2061
725
810
1130
314
105
614
1940
1237
1369
1009
715
576
688
220
184
2046
1869
1515
81
809
1310
1254
608
605
1889
319
1319
679
577
399
705
318
75
1523
2102
1368
2621
1091
203
2061
725
810
1130
314
105
614
1940
1237
1369
1009
715
576
688
220
184
2046
1869
1515
81
809
1310
1254
608
605
1889
319
1319
679
577
399
705
318
75
1523
2102
1368
2621
1091
203
2061
725
810
1130
314
105
614
1940
1237
1369
1009
715
576
688
220
184
2046
1869
1515
81
809
1310
1254
608
605
1889
319
1319
679
577
399
705
318
75
1523
2102
1368
2621
1091
203
2061
725
810
1130
314
105
614
1940
1237
1369
1009
715
576
688
220
184
2046
1869
1515
81
809
1310
1254
608
605
1889
319
1319
679
577
399
705
318
75
1523
2102
1368
2621
1091
203
2061
725
810
1130
314
105
614
1940
1237
1369
1009
715
576
688
220
184
2046
1869
1515
81
809
1310
1254
608
605
1889
319
1319
679
577
399
705
318
75
1523
2102
1368
2621
1091
203
2061
725
810
1130
314
105
614
1940
1237
1369
1009
715
576
688
220
184
2046
1869
1515
81
809
1310
1254
608
605
1889
319
1319
679
577
399
705
318
75
1523
2102
1368
2621
1091
203
2061
725
810
1130
314
105
614
1940
1237
1369
1009
715
576
688
220
184
2046
1869
1515
81
809
1310
1254
608
605
1889
319
1319
679
577
399
705
318
75
1523
2102
1368
2621
1091
203
2061
725
810
1130
314
105
614
1940
1237
1369
1009
715
576
688
220
184
2046
1869
1515
81
809
1310
1254
608
605
1889
319
1319
679
577
399
705
318
75
1523
2102
1368
2621
1091
203
2061
725
810
1130
314
105
614
1940
1237
1369
1009
715
576
688
220
184
2046
1869
1515
81
809
1310
1254
608
605
1889
319
1319
679
577
399
705
318
75
1523
2102
1368
2621
1091
203
2061
725
810
1130
314
105
614
1940
1237
1369
1009
715
576
688
220
184
2046
1869
1515
81
809
1310
1254
608
605
1889
319
1319
679
577
399
705
318
75
1523
2102
1368
2621
1091
203
2061
725
810
1130
314
105
614
1940
1237
1369
1009
715
576
688
220
184
2046
1869
1515
81
809
1310
1254
608
605
1889
319
1319
679
577
399
705
318
75
1523
2102
1368
2621
1091
203
2061
725
810
1130
314
105
614
1940
1237
1369
1009
715
576
688
220
184
2046
1869
1515
81
809
1310
1254
608
605
1889
319
1319
679
577
399
705
318
75
1523
2102
1368
2621
1091
203
2061
725
810
1130
314
105
614
1940
1237
1369
1009
715
576
688
220
184
2046
1869
1515
81
809
1310
1254
608
605
1889
319
1319
679
577
399
705
318
75
1523
2102
1368
2621
1091
203
2061
725
810
1130
314
105
614
1940
1237
1369
1009
715
576
688
220
184
2046
1869
1515
81
809
1310
1254
608
605
1889
319
1319
679
577
399
705
318
75
1523
2102
1368
2621
1091
203
2061
725
810
1130
314
105
614
1940
1237
1369
1009
715
576
688
220
184
2046
1869
1515
81
809
1310
1254
608
605
1889
319
1319
679
577
399
705
318
75
1523
2102
1368
2621
1091
203
2061
725
810
1130
314
105
614
1940
1237
1369
1009
715
576
688
220
184
2046
1869
1515
81
809
1310
1254
608
605
1889
319
1319
679
577
399
705
318
75
1523
2102
1368
2621
1091
203
2061
725
810
1130
314
105
614
1940
1237
1369
1009
