737
7111
3364
2536
432
6060
66
368
3180
3061
3108
1764
432
1999
66
3661
368
7616
1354
535
5006
2347
3448
1325
956
432
3896
66
368
1655
4841
4855
2434
1737
432
66
5918
368
29
3061
2758
3051
5300
2286
7623
3538
432
66
368
5514
2582
7451
2132
432
2764
66
368
3182
6406
2447
2405
869
4659
432
5993
66
368
4034
4360
186
4286
432
3456
3479
66
3261
368
1013
1913
5363
3972
3952
753
1004
767
34
432
66
368
6224
5090
5545
30
567
813
432
5742
66
368
1007
3536
3237
1660
2813
1826
432
66
559
368
4048
1543
692
4341
4431
324
432
1
66
2694
368
5200
1524
432
4193
5789
1064
66
368
2259
3340
2712
2021
1774
1930
1401
3813
432
1042
66
368
137
3258
170
868
432
3328
66
368
7361
371
651
6715
469
432
7611
66
3114
368
3514
5265
3057
6683
3860
6835
432
6417
3792
66
3230
368
5511
998
4297
1737
4498
432
3443
66
368
4754
1553
8972
3259
5038
4911
432
716
66
368
4027
6565
3209
3701
7747
432
4974
66
397
368
6026
3304
3287
2136
3608
4391
3310
432
66
368
7285
1035
5163
2545
432
66
6388
368
1213
393
2194
3184
541
7254
2805
432
1684
66
2372
368
1532
2639
738
432
642
2302
66
368
3156
877
682
4971
5723
3942
834
432
3580
66
368
2910
7079
3345
2516
2628
432
66
368
7142
2738
2192
1311
652
3264
7822
4555
3923
432
66
368
990
3470
8372
2734
3450
1581
3201
432
4154
66
368
6619
8204
2129
3473
4278
432
66
368
5010
1140
164
3057
940
1894
2292
536
432
9457
66
368
1007
243
6840
3902
4296
767
3707
521
432
66
368
3285
7770
1647
1057
432
66
6271
368
1134
2025
2064
7809
7292
1528
2199
432
3733
66
368
7067
295
3250
3354
489
5194
4762
7253
432
66
368
2121
2745
5266
5152
432
1179
361
66
368
2864
760
2310
8144
752
182
921
432
1577
66
368
1573
8255
6227
7212
432
8642
66
4493
368
6837
4474
2021
3312
7685
432
902
66
196
368
2259
2643
5292
1896
1196
4357
432
66
1588
368
4103
731
4562
2177
432
5947
66
368
3249
6406
1372
4371
3181
3742
5172
432
66
196
368
5323
2945
3349
945
1547
1677
7770
432
66
368
128
2329
2279
585
5220
432
3477
66
368
2332
1866
935
6481
4341
7182
3094
432
2297
1000
66
1146
368
204
4602
4296
432
5140
2476
66
3144
368
7366
1028
3222
827
432
66
368
2715
8824
2945
4330
1828
4991
7260
2700
2444
432
1
66
368
3274
1825
7471
823
1190
770
432
66
1913
368
1021
23
4013
437
567
432
2436
66
368
6874
5814
286
6481
7192
6533
1522
4550
432
66
529
368
