139
55
85
248
54
7
910
896
56
164
139
55
85
248
54
7
896
1568
56
164
394
139
55
85
248
54
7
896
56
164
139
55
85
248
54
7
896
56
164
250
139
55
85
248
54
7
218
896
56
164
139
55
85
248
529
54
7
896
56
164
707
139
55
85
248
54
7
896
56
164
139
55
85
248
54
7
896
56
164
804
139
55
85
248
54
7
896
56
164
1721
139
55
388
85
248
54
7
896
56
164
1309
139
55
85
248
54
7
896
56
164
139
55
85
248
54
7
896
56
164
524
1775
139
55
85
248
54
7
896
56
164
139
55
85
248
54
7
896
56
164
169
139
55
85
248
950
54
7
896
56
164
139
55
85
248
54
7
896
682
56
164
139
55
85
248
54
7
896
56
164
524
139
55
85
248
54
7
896
919
56
164
139
55
85
248
54
7
896
698
56
164
139
55
85
248
54
7
896
1329
56
164
139
55
79
85
248
54
7
896
56
164
139
55
85
248
54
7
896
56
164
1085
139
55
1332
85
248
54
7
896
56
164
139
55
85
248
54
7
896
1316
56
164
139
55
85
248
54
7
896
1163
56
164
139
55
85
1632
248
54
7
896
56
164
139
55
85
248
54
7
978
896
56
164
139
55
85
248
280
54
7
896
56
164
139
55
85
248
54
7
896
1952
56
164
139
55
85
248
378
54
7
896
56
164
139
55
85
248
54
7
896
56
164
929
139
55
85
248
54
7
594
896
56
164
139
55
85
248
54
7
192
896
56
164
139
55
85
248
54
7
896
56
164
1723
139
55
85
248
743
54
7
896
56
164
139
55
460
85
248
54
7
896
56
164
139
55
85
248
54
7
896
1243
56
164
139
55
85
248
54
7
734
896
56
164
139
55
85
248
291
54
7
896
56
164
139
55
442
85
248
54
7
896
56
164
139
55
599
85
248
54
7
896
56
164
139
55
85
248
54
7
896
56
164
284
139
55
1419
85
248
54
7
896
56
164
139
55
85
248
54
7
896
56
164
1198
139
55
85
248
54
7
896
255
56
164
139
55
85
248
54
7
896
817
56
164
139
55
92
85
248
54
7
896
56
164
139
55
1565
85
248
54
7
896
56
164
139
55
85
1124
248
54
7
896
56
164
139
55
1622
85
248
54
7
896
56
164
