18
111
75
56
57
11
108
83
17
54
18
111
75
56
57
11
108
83
17
54
18
111
75
56
57
11
108
83
17
54
18
111
75
56
57
11
108
83
17
54
18
111
75
56
57
11
108
83
17
54
18
111
75
56
57
11
108
83
17
54
18
111
75
56
57
11
108
83
17
54
18
111
75
56
57
11
108
83
17
54
18
111
75
56
57
11
108
83
17
54
18
111
75
56
57
11
108
83
17
54
18
111
75
56
57
11
108
83
17
54
18
111
75
56
57
11
108
83
17
54
18
111
75
56
57
11
108
83
17
54
18
111
75
56
57
11
108
83
17
54
18
111
75
56
57
11
108
83
17
54
18
111
75
56
57
11
108
83
17
54
18
111
75
56
57
11
108
83
17
54
18
111
75
56
57
11
108
83
17
54
18
111
75
56
57
11
108
83
17
54
18
111
75
56
57
11
108
83
17
54
18
111
75
56
57
11
108
83
17
54
18
111
75
56
57
11
108
83
17
54
18
111
75
56
57
11
108
83
17
54
18
111
75
56
57
11
108
83
17
54
18
111
75
56
57
11
108
83
17
54
18
111
75
56
57
11
108
83
17
54
18
111
75
56
57
11
108
83
17
54
18
111
75
56
57
11
108
83
17
54
18
111
75
56
57
11
108
83
17
54
18
111
75
56
57
11
108
83
17
54
18
111
75
56
57
11
108
83
17
54
18
111
75
56
57
11
108
83
17
54
18
111
75
56
57
11
108
83
17
54
18
111
75
56
57
11
108
83
17
54
18
111
75
56
57
11
108
83
17
54
18
111
75
56
57
11
108
83
17
54
18
111
75
56
57
11
108
83
17
54
18
111
75
56
57
11
108
83
17
54
18
111
75
56
57
11
108
83
17
54
18
111
75
56
57
11
108
83
17
54
18
111
75
56
57
11
108
83
17
54
18
111
75
56
57
11
108
83
17
54
18
111
75
56
57
11
108
83
17
54
18
111
75
56
57
11
108
83
17
54
18
111
75
56
57
11
108
83
17
54
18
111
75
56
57
11
108
83
17
54
18
111
75
56
57
11
108
83
17
54
18
111
75
56
57
11
108
83
17
54
18
111
75
56
57
11
108
83
17
54
18
111
75
56
57
11
108
83
17
54
