118
57
177
4
110
34
13
51
61
179
118
57
177
4
110
34
13
51
61
179
118
57
177
4
110
34
13
51
61
179
118
57
177
4
110
34
13
51
61
179
118
57
177
4
110
34
13
51
61
179
118
57
177
4
110
34
13
51
61
179
118
57
177
4
110
34
13
51
61
179
118
57
177
4
110
34
13
51
61
179
118
57
177
4
110
34
13
51
61
179
118
57
177
4
110
34
13
51
61
179
118
57
177
4
110
34
13
51
61
179
118
57
177
4
110
34
13
51
61
179
118
57
177
4
110
34
13
51
61
179
118
57
177
4
110
34
13
51
61
179
118
57
177
4
110
34
13
51
61
179
118
57
177
4
110
34
13
51
61
179
118
57
177
4
110
34
13
51
61
179
118
57
177
4
110
34
13
51
61
179
118
57
177
4
110
34
13
51
61
179
118
57
177
4
110
34
13
51
61
179
118
57
177
4
110
34
13
51
61
179
118
57
177
4
110
34
13
51
61
179
118
57
177
4
110
34
13
51
61
179
118
57
177
4
110
34
13
51
61
179
118
57
177
4
110
34
13
51
61
179
118
57
177
4
110
34
13
51
61
179
118
57
177
4
110
34
13
51
61
179
118
57
177
4
110
34
13
51
61
179
118
57
177
4
110
34
13
51
61
179
118
57
177
4
110
34
13
51
61
179
118
57
177
4
110
34
13
51
61
179
118
57
177
4
110
34
13
51
61
179
118
57
177
4
110
34
13
51
61
179
118
57
177
4
110
34
13
51
61
179
118
57
177
4
110
34
13
51
61
179
118
57
177
4
110
34
13
51
61
179
118
57
177
4
110
34
13
51
61
179
118
57
177
4
110
34
13
51
61
179
118
57
177
4
110
34
13
51
61
179
118
57
177
4
110
34
13
51
61
179
118
57
177
4
110
34
13
51
61
179
118
57
177
4
110
34
13
51
61
179
118
57
177
4
110
34
13
51
61
179
118
57
177
4
110
34
13
51
61
179
118
57
177
4
110
34
13
51
61
179
118
57
177
4
110
34
13
51
61
179
118
57
177
4
110
34
13
51
61
179
118
57
177
4
110
34
13
51
61
179
118
57
177
4
110
34
13
51
61
179
118
57
177
4
110
34
13
51
61
179
