243
292
96
7
131
300
65
99
2
74
243
292
96
7
131
300
65
99
2
74
243
292
96
7
131
300
65
99
2
74
243
292
96
7
131
300
65
99
2
74
243
292
96
7
131
300
65
99
2
74
243
292
96
7
131
300
65
99
2
74
243
292
96
7
131
300
65
99
2
74
243
292
96
7
131
300
65
99
2
74
243
292
96
7
131
300
65
99
2
74
243
292
96
7
131
300
65
99
2
74
243
292
96
7
131
300
65
99
2
74
243
292
96
7
131
300
65
99
2
74
243
292
96
7
131
300
65
99
2
74
243
292
96
7
131
300
65
99
2
74
243
292
96
7
131
300
65
99
2
74
243
292
96
7
131
300
65
99
2
74
243
292
96
7
131
300
65
99
2
74
243
292
96
7
131
300
65
99
2
74
243
292
96
7
131
300
65
99
2
74
243
292
96
7
131
300
65
99
2
74
243
292
96
7
131
300
65
99
2
74
243
292
96
7
131
300
65
99
2
74
243
292
96
7
131
300
65
99
2
74
243
292
96
7
131
300
65
99
2
74
243
292
96
7
131
300
65
99
2
74
243
292
96
7
131
300
65
99
2
74
243
292
96
7
131
300
65
99
2
74
243
292
96
7
131
300
65
99
2
74
243
292
96
7
131
300
65
99
2
74
243
292
96
7
131
300
65
99
2
74
243
292
96
7
131
300
65
99
2
74
243
292
96
7
131
300
65
99
2
74
243
292
96
7
131
300
65
99
2
74
243
292
96
7
131
300
65
99
2
74
243
292
96
7
131
300
65
99
2
74
243
292
96
7
131
300
65
99
2
74
243
292
96
7
131
300
65
99
2
74
243
292
96
7
131
300
65
99
2
74
243
292
96
7
131
300
65
99
2
74
243
292
96
7
131
300
65
99
2
74
243
292
96
7
131
300
65
99
2
74
243
292
96
7
131
300
65
99
2
74
243
292
96
7
131
300
65
99
2
74
243
292
96
7
131
300
65
99
2
74
243
292
96
7
131
300
65
99
2
74
243
292
96
7
131
300
65
99
2
74
243
292
96
7
131
300
65
99
2
74
243
292
96
7
131
300
65
99
2
74
243
292
96
7
131
300
65
99
2
74
243
292
96
7
131
300
65
99
2
74
