73
87
112
111
74
38
19
204
1
15
73
87
112
111
74
38
19
204
1
15
73
87
112
111
74
38
19
204
1
15
73
87
112
111
74
38
19
204
1
15
73
87
112
111
74
38
19
204
1
15
73
87
112
111
74
38
19
204
1
15
73
87
112
111
74
38
19
204
1
15
73
87
112
111
74
38
19
204
1
15
73
87
112
111
74
38
19
204
1
15
73
87
112
111
74
38
19
204
1
15
73
87
112
111
74
38
19
204
1
15
73
87
112
111
74
38
19
204
1
15
73
87
112
111
74
38
19
204
1
15
73
87
112
111
74
38
19
204
1
15
73
87
112
111
74
38
19
204
1
15
73
87
112
111
74
38
19
204
1
15
73
87
112
111
74
38
19
204
1
15
73
87
112
111
74
38
19
204
1
15
73
87
112
111
74
38
19
204
1
15
73
87
112
111
74
38
19
204
1
15
73
87
112
111
74
38
19
204
1
15
73
87
112
111
74
38
19
204
1
15
73
87
112
111
74
38
19
204
1
15
73
87
112
111
74
38
19
204
1
15
73
87
112
111
74
38
19
204
1
15
73
87
112
111
74
38
19
204
1
15
73
87
112
111
74
38
19
204
1
15
73
87
112
111
74
38
19
204
1
15
73
87
112
111
74
38
19
204
1
15
73
87
112
111
74
38
19
204
1
15
73
87
112
111
74
38
19
204
1
15
73
87
112
111
74
38
19
204
1
15
73
87
112
111
74
38
19
204
1
15
73
87
112
111
74
38
19
204
1
15
73
87
112
111
74
38
19
204
1
15
73
87
112
111
74
38
19
204
1
15
73
87
112
111
74
38
19
204
1
15
73
87
112
111
74
38
19
204
1
15
73
87
112
111
74
38
19
204
1
15
73
87
112
111
74
38
19
204
1
15
73
87
112
111
74
38
19
204
1
15
73
87
112
111
74
38
19
204
1
15
73
87
112
111
74
38
19
204
1
15
73
87
112
111
74
38
19
204
1
15
73
87
112
111
74
38
19
204
1
15
73
87
112
111
74
38
19
204
1
15
73
87
112
111
74
38
19
204
1
15
73
87
112
111
74
38
19
204
1
15
73
87
112
111
74
38
19
204
1
15
73
87
112
111
74
38
19
204
1
15
