3
165
87
6
9
164
52
189
130
176
3
165
87
6
9
164
52
189
130
176
3
165
87
6
9
164
52
189
130
176
3
165
87
6
9
164
52
189
130
176
3
165
87
6
9
164
52
189
130
176
3
165
87
6
9
164
52
189
130
176
3
165
87
6
9
164
52
189
130
176
3
165
87
6
9
164
52
189
130
176
3
165
87
6
9
164
52
189
130
176
3
165
87
6
9
164
52
189
130
176
3
165
87
6
9
164
52
189
130
176
3
165
87
6
9
164
52
189
130
176
3
165
87
6
9
164
52
189
130
176
3
165
87
6
9
164
52
189
130
176
3
165
87
6
9
164
52
189
130
176
3
165
87
6
9
164
52
189
130
176
3
165
87
6
9
164
52
189
130
176
3
165
87
6
9
164
52
189
130
176
3
165
87
6
9
164
52
189
130
176
3
165
87
6
9
164
52
189
130
176
3
165
87
6
9
164
52
189
130
176
3
165
87
6
9
164
52
189
130
176
3
165
87
6
9
164
52
189
130
176
3
165
87
6
9
164
52
189
130
176
3
165
87
6
9
164
52
189
130
176
3
165
87
6
9
164
52
189
130
176
3
165
87
6
9
164
52
189
130
176
3
165
87
6
9
164
52
189
130
176
3
165
87
6
9
164
52
189
130
176
3
165
87
6
9
164
52
189
130
176
3
165
87
6
9
164
52
189
130
176
3
165
87
6
9
164
52
189
130
176
3
165
87
6
9
164
52
189
130
176
3
165
87
6
9
164
52
189
130
176
3
165
87
6
9
164
52
189
130
176
3
165
87
6
9
164
52
189
130
176
3
165
87
6
9
164
52
189
130
176
3
165
87
6
9
164
52
189
130
176
3
165
87
6
9
164
52
189
130
176
3
165
87
6
9
164
52
189
130
176
3
165
87
6
9
164
52
189
130
176
3
165
87
6
9
164
52
189
130
176
3
165
87
6
9
164
52
189
130
176
3
165
87
6
9
164
52
189
130
176
3
165
87
6
9
164
52
189
130
176
3
165
87
6
9
164
52
189
130
176
3
165
87
6
9
164
52
189
130
176
3
165
87
6
9
164
52
189
130
176
3
165
87
6
9
164
52
189
130
176
3
165
87
6
9
164
52
189
130
176
