51
49
50
52
139
94
24
86
132
137
51
49
50
52
139
94
24
86
132
137
51
49
50
52
139
94
24
86
132
137
51
49
50
52
139
94
24
86
132
137
51
49
50
52
139
94
24
86
132
137
51
49
50
52
139
94
24
86
132
137
51
49
50
52
139
94
24
86
132
137
51
49
50
52
139
94
24
86
132
137
51
49
50
52
139
94
24
86
132
137
51
49
50
52
139
94
24
86
132
137
51
49
50
52
139
94
24
86
132
137
51
49
50
52
139
94
24
86
132
137
51
49
50
52
139
94
24
86
132
137
51
49
50
52
139
94
24
86
132
137
51
49
50
52
139
94
24
86
132
137
51
49
50
52
139
94
24
86
132
137
51
49
50
52
139
94
24
86
132
137
51
49
50
52
139
94
24
86
132
137
51
49
50
52
139
94
24
86
132
137
51
49
50
52
139
94
24
86
132
137
51
49
50
52
139
94
24
86
132
137
51
49
50
52
139
94
24
86
132
137
51
49
50
52
139
94
24
86
132
137
51
49
50
52
139
94
24
86
132
137
51
49
50
52
139
94
24
86
132
137
51
49
50
52
139
94
24
86
132
137
51
49
50
52
139
94
24
86
132
137
51
49
50
52
139
94
24
86
132
137
51
49
50
52
139
94
24
86
132
137
51
49
50
52
139
94
24
86
132
137
51
49
50
52
139
94
24
86
132
137
51
49
50
52
139
94
24
86
132
137
51
49
50
52
139
94
24
86
132
137
51
49
50
52
139
94
24
86
132
137
51
49
50
52
139
94
24
86
132
137
51
49
50
52
139
94
24
86
132
137
51
49
50
52
139
94
24
86
132
137
51
49
50
52
139
94
24
86
132
137
51
49
50
52
139
94
24
86
132
137
51
49
50
52
139
94
24
86
132
137
51
49
50
52
139
94
24
86
132
137
51
49
50
52
139
94
24
86
132
137
51
49
50
52
139
94
24
86
132
137
51
49
50
52
139
94
24
86
132
137
51
49
50
52
139
94
24
86
132
137
51
49
50
52
139
94
24
86
132
137
51
49
50
52
139
94
24
86
132
137
51
49
50
52
139
94
24
86
132
137
51
49
50
52
139
94
24
86
132
137
51
49
50
52
139
94
24
86
132
137
