39
4
13
8
7
170
3
10
40
61
39
4
13
8
7
170
3
10
40
61
39
4
13
8
7
170
3
10
40
61
39
4
13
8
7
170
3
10
40
61
39
4
13
8
7
170
3
10
40
61
39
4
13
8
7
170
3
10
40
61
39
4
13
8
7
170
3
10
40
61
39
4
13
8
7
170
3
10
40
61
39
4
13
8
7
170
3
10
40
61
39
4
13
8
7
170
3
10
40
61
39
4
13
8
7
170
3
10
40
61
39
4
13
8
7
170
3
10
40
61
39
4
13
8
7
170
3
10
40
61
39
4
13
8
7
170
3
10
40
61
39
4
13
8
7
170
3
10
40
61
39
4
13
8
7
170
3
10
40
61
39
4
13
8
7
170
3
10
40
61
39
4
13
8
7
170
3
10
40
61
39
4
13
8
7
170
3
10
40
61
39
4
13
8
7
170
3
10
40
61
39
4
13
8
7
170
3
10
40
61
39
4
13
8
7
170
3
10
40
61
39
4
13
8
7
170
3
10
40
61
39
4
13
8
7
170
3
10
40
61
39
4
13
8
7
170
3
10
40
61
39
4
13
8
7
170
3
10
40
61
39
4
13
8
7
170
3
10
40
61
39
4
13
8
7
170
3
10
40
61
39
4
13
8
7
170
3
10
40
61
39
4
13
8
7
170
3
10
40
61
39
4
13
8
7
170
3
10
40
61
39
4
13
8
7
170
3
10
40
61
39
4
13
8
7
170
3
10
40
61
39
4
13
8
7
170
3
10
40
61
39
4
13
8
7
170
3
10
40
61
39
4
13
8
7
170
3
10
40
61
39
4
13
8
7
170
3
10
40
61
39
4
13
8
7
170
3
10
40
61
39
4
13
8
7
170
3
10
40
61
39
4
13
8
7
170
3
10
40
61
39
4
13
8
7
170
3
10
40
61
39
4
13
8
7
170
3
10
40
61
39
4
13
8
7
170
3
10
40
61
39
4
13
8
7
170
3
10
40
61
39
4
13
8
7
170
3
10
40
61
39
4
13
8
7
170
3
10
40
61
39
4
13
8
7
170
3
10
40
61
39
4
13
8
7
170
3
10
40
61
39
4
13
8
7
170
3
10
40
61
39
4
13
8
7
170
3
10
40
61
