30
122
60
82
106
53
65
44
7
128
30
122
60
82
106
53
65
44
7
128
30
122
60
82
106
53
65
44
7
128
30
122
60
82
106
53
65
44
7
128
30
122
60
82
106
53
65
44
7
128
30
122
60
82
106
53
65
44
7
128
30
122
60
82
106
53
65
44
7
128
30
122
60
82
106
53
65
44
7
128
30
122
60
82
106
53
65
44
7
128
30
122
60
82
106
53
65
44
7
128
30
122
60
82
106
53
65
44
7
128
30
122
60
82
106
53
65
44
7
128
30
122
60
82
106
53
65
44
7
128
30
122
60
82
106
53
65
44
7
128
30
122
60
82
106
53
65
44
7
128
30
122
60
82
106
53
65
44
7
128
30
122
60
82
106
53
65
44
7
128
30
122
60
82
106
53
65
44
7
128
30
122
60
82
106
53
65
44
7
128
30
122
60
82
106
53
65
44
7
128
30
122
60
82
106
53
65
44
7
128
30
122
60
82
106
53
65
44
7
128
30
122
60
82
106
53
65
44
7
128
30
122
60
82
106
53
65
44
7
128
30
122
60
82
106
53
65
44
7
128
30
122
60
82
106
53
65
44
7
128
30
122
60
82
106
53
65
44
7
128
30
122
60
82
106
53
65
44
7
128
30
122
60
82
106
53
65
44
7
128
30
122
60
82
106
53
65
44
7
128
30
122
60
82
106
53
65
44
7
128
30
122
60
82
106
53
65
44
7
128
30
122
60
82
106
53
65
44
7
128
30
122
60
82
106
53
65
44
7
128
30
122
60
82
106
53
65
44
7
128
30
122
60
82
106
53
65
44
7
128
30
122
60
82
106
53
65
44
7
128
30
122
60
82
106
53
65
44
7
128
30
122
60
82
106
53
65
44
7
128
30
122
60
82
106
53
65
44
7
128
30
122
60
82
106
53
65
44
7
128
30
122
60
82
106
53
65
44
7
128
30
122
60
82
106
53
65
44
7
128
30
122
60
82
106
53
65
44
7
128
30
122
60
82
106
53
65
44
7
128
30
122
60
82
106
53
65
44
7
128
30
122
60
82
106
53
65
44
7
128
30
122
60
82
106
53
65
44
7
128
30
122
60
82
106
53
65
44
7
128
30
122
60
82
106
53
65
44
7
128
