273
19
141
216
35
127
115
232
63
416
273
19
141
216
35
127
115
232
63
416
273
19
141
216
35
127
115
232
63
416
273
19
141
216
35
127
115
232
63
416
273
19
141
216
35
127
115
232
63
416
273
19
141
216
35
127
115
232
63
416
273
19
141
216
35
127
115
232
63
416
273
19
141
216
35
127
115
232
63
416
273
19
141
216
35
127
115
232
63
416
273
19
141
216
35
127
115
232
63
416
273
19
141
216
35
127
115
232
63
416
273
19
141
216
35
127
115
232
63
416
273
19
141
216
35
127
115
232
63
416
273
19
141
216
35
127
115
232
63
416
273
19
141
216
35
127
115
232
63
416
273
19
141
216
35
127
115
232
63
416
273
19
141
216
35
127
115
232
63
416
273
19
141
216
35
127
115
232
63
416
273
19
141
216
35
127
115
232
63
416
273
19
141
216
35
127
115
232
63
416
273
19
141
216
35
127
115
232
63
416
273
19
141
216
35
127
115
232
63
416
273
19
141
216
35
127
115
232
63
416
273
19
141
216
35
127
115
232
63
416
273
19
141
216
35
127
115
232
63
416
273
19
141
216
35
127
115
232
63
416
273
19
141
216
35
127
115
232
63
416
273
19
141
216
35
127
115
232
63
416
273
19
141
216
35
127
115
232
63
416
273
19
141
216
35
127
115
232
63
416
273
19
141
216
35
127
115
232
63
416
273
19
141
216
35
127
115
232
63
416
273
19
141
216
35
127
115
232
63
416
273
19
141
216
35
127
115
232
63
416
273
19
141
216
35
127
115
232
63
416
273
19
141
216
35
127
115
232
63
416
273
19
141
216
35
127
115
232
63
416
273
19
141
216
35
127
115
232
63
416
273
19
141
216
35
127
115
232
63
416
273
19
141
216
35
127
115
232
63
416
273
19
141
216
35
127
115
232
63
416
273
19
141
216
35
127
115
232
63
416
273
19
141
216
35
127
115
232
63
416
273
19
141
216
35
127
115
232
63
416
273
19
141
216
35
127
115
232
63
416
273
19
141
216
35
127
115
232
63
416
273
19
141
216
35
127
115
232
63
416
273
19
141
216
35
127
115
232
63
416
273
19
141
216
35
127
115
232
63
416
273
19
141
216
35
127
115
232
63
416
