33
50
108
375
366
370
430
80
1
46
33
50
108
375
366
370
430
80
1
46
33
50
108
375
366
370
430
80
1
46
33
50
108
375
366
370
430
80
1
46
33
50
108
375
366
370
430
80
1
46
33
50
108
375
366
370
430
80
1
46
33
50
108
375
366
370
430
80
1
46
33
50
108
375
366
370
430
80
1
46
33
50
108
375
366
370
430
80
1
46
33
50
108
375
366
370
430
80
1
46
33
50
108
375
366
370
430
80
1
46
33
50
108
375
366
370
430
80
1
46
33
50
108
375
366
370
430
80
1
46
33
50
108
375
366
370
430
80
1
46
33
50
108
375
366
370
430
80
1
46
33
50
108
375
366
370
430
80
1
46
33
50
108
375
366
370
430
80
1
46
33
50
108
375
366
370
430
80
1
46
33
50
108
375
366
370
430
80
1
46
33
50
108
375
366
370
430
80
1
46
33
50
108
375
366
370
430
80
1
46
33
50
108
375
366
370
430
80
1
46
33
50
108
375
366
370
430
80
1
46
33
50
108
375
366
370
430
80
1
46
33
50
108
375
366
370
430
80
1
46
33
50
108
375
366
370
430
80
1
46
33
50
108
375
366
370
430
80
1
46
33
50
108
375
366
370
430
80
1
46
33
50
108
375
366
370
430
80
1
46
33
50
108
375
366
370
430
80
1
46
33
50
108
375
366
370
430
80
1
46
33
50
108
375
366
370
430
80
1
46
33
50
108
375
366
370
430
80
1
46
33
50
108
375
366
370
430
80
1
46
33
50
108
375
366
370
430
80
1
46
33
50
108
375
366
370
430
80
1
46
33
50
108
375
366
370
430
80
1
46
33
50
108
375
366
370
430
80
1
46
33
50
108
375
366
370
430
80
1
46
33
50
108
375
366
370
430
80
1
46
33
50
108
375
366
370
430
80
1
46
33
50
108
375
366
370
430
80
1
46
33
50
108
375
366
370
430
80
1
46
33
50
108
375
366
370
430
80
1
46
33
50
108
375
366
370
430
80
1
46
33
50
108
375
366
370
430
80
1
46
33
50
108
375
366
370
430
80
1
46
33
50
108
375
366
370
430
80
1
46
33
50
108
375
366
370
430
80
1
46
33
50
108
375
366
370
430
80
1
46
