109
163
55
22
145
2
6
148
107
23
109
163
55
22
145
2
6
148
107
23
109
163
55
22
145
2
6
148
107
23
109
163
55
22
145
2
6
148
107
23
109
163
55
22
145
2
6
148
107
23
109
163
55
22
145
2
6
148
107
23
109
163
55
22
145
2
6
148
107
23
109
163
55
22
145
2
6
148
107
23
109
163
55
22
145
2
6
148
107
23
109
163
55
22
145
2
6
148
107
23
109
163
55
22
145
2
6
148
107
23
109
163
55
22
145
2
6
148
107
23
109
163
55
22
145
2
6
148
107
23
109
163
55
22
145
2
6
148
107
23
109
163
55
22
145
2
6
148
107
23
109
163
55
22
145
2
6
148
107
23
109
163
55
22
145
2
6
148
107
23
109
163
55
22
145
2
6
148
107
23
109
163
55
22
145
2
6
148
107
23
109
163
55
22
145
2
6
148
107
23
109
163
55
22
145
2
6
148
107
23
109
163
55
22
145
2
6
148
107
23
109
163
55
22
145
2
6
148
107
23
109
163
55
22
145
2
6
148
107
23
109
163
55
22
145
2
6
148
107
23
109
163
55
22
145
2
6
148
107
23
109
163
55
22
145
2
6
148
107
23
109
163
55
22
145
2
6
148
107
23
109
163
55
22
145
2
6
148
107
23
109
163
55
22
145
2
6
148
107
23
109
163
55
22
145
2
6
148
107
23
109
163
55
22
145
2
6
148
107
23
109
163
55
22
145
2
6
148
107
23
109
163
55
22
145
2
6
148
107
23
109
163
55
22
145
2
6
148
107
23
109
163
55
22
145
2
6
148
107
23
109
163
55
22
145
2
6
148
107
23
109
163
55
22
145
2
6
148
107
23
109
163
55
22
145
2
6
148
107
23
109
163
55
22
145
2
6
148
107
23
109
163
55
22
145
2
6
148
107
23
109
163
55
22
145
2
6
148
107
23
109
163
55
22
145
2
6
148
107
23
109
163
55
22
145
2
6
148
107
23
109
163
55
22
145
2
6
148
107
23
109
163
55
22
145
2
6
148
107
23
109
163
55
22
145
2
6
148
107
23
109
163
55
22
145
2
6
148
107
23
109
163
55
22
145
2
6
148
107
23
109
163
55
22
145
2
6
148
107
23
