2
1
59
8
215
213
6
93
40
5
2
1
59
8
215
213
6
93
40
5
2
1
59
8
215
213
6
93
40
5
2
1
59
8
215
213
6
93
40
5
2
1
59
8
215
213
6
93
40
5
2
1
59
8
215
213
6
93
40
5
2
1
59
8
215
213
6
93
40
5
2
1
59
8
215
213
6
93
40
5
2
1
59
8
215
213
6
93
40
5
2
1
59
8
215
213
6
93
40
5
2
1
59
8
215
213
6
93
40
5
2
1
59
8
215
213
6
93
40
5
2
1
59
8
215
213
6
93
40
5
2
1
59
8
215
213
6
93
40
5
2
1
59
8
215
213
6
93
40
5
2
1
59
8
215
213
6
93
40
5
2
1
59
8
215
213
6
93
40
5
2
1
59
8
215
213
6
93
40
5
2
1
59
8
215
213
6
93
40
5
2
1
59
8
215
213
6
93
40
5
2
1
59
8
215
213
6
93
40
5
2
1
59
8
215
213
6
93
40
5
2
1
59
8
215
213
6
93
40
5
2
1
59
8
215
213
6
93
40
5
2
1
59
8
215
213
6
93
40
5
2
1
59
8
215
213
6
93
40
5
2
1
59
8
215
213
6
93
40
5
2
1
59
8
215
213
6
93
40
5
2
1
59
8
215
213
6
93
40
5
2
1
59
8
215
213
6
93
40
5
2
1
59
8
215
213
6
93
40
5
2
1
59
8
215
213
6
93
40
5
2
1
59
8
215
213
6
93
40
5
2
1
59
8
215
213
6
93
40
5
2
1
59
8
215
213
6
93
40
5
2
1
59
8
215
213
6
93
40
5
2
1
59
8
215
213
6
93
40
5
2
1
59
8
215
213
6
93
40
5
2
1
59
8
215
213
6
93
40
5
2
1
59
8
215
213
6
93
40
5
2
1
59
8
215
213
6
93
40
5
2
1
59
8
215
213
6
93
40
5
2
1
59
8
215
213
6
93
40
5
2
1
59
8
215
213
6
93
40
5
2
1
59
8
215
213
6
93
40
5
2
1
59
8
215
213
6
93
40
5
2
1
59
8
215
213
6
93
40
5
2
1
59
8
215
213
6
93
40
5
2
1
59
8
215
213
6
93
40
5
2
1
59
8
215
213
6
93
40
5
