33
6
19
15
32
33
6
19
15
32
33
6
19
15
32
33
6
19
15
32
33
6
19
15
32
33
6
19
15
32
33
6
19
15
32
33
6
19
15
32
33
6
19
15
32
33
6
19
15
32
33
6
19
15
32
33
6
19
15
32
33
6
19
15
32
33
6
19
15
32
33
6
19
15
32
33
6
19
15
32
33
6
19
15
32
33
6
19
15
32
33
6
19
15
32
33
6
19
15
32
33
6
19
15
32
33
6
19
15
32
33
6
19
15
32
33
6
19
15
32
33
6
19
15
32
33
6
19
15
32
33
6
19
15
32
33
6
19
15
32
33
6
19
15
32
33
6
19
15
32
33
6
19
15
32
33
6
19
15
32
33
6
19
15
32
33
6
19
15
32
33
6
19
15
32
33
6
19
15
32
33
6
19
15
32
33
6
19
15
32
33
6
19
15
32
33
6
19
15
32
33
6
19
15
32
33
6
19
15
32
33
6
19
15
32
33
6
19
15
32
33
6
19
15
32
33
6
19
15
32
33
6
19
15
32
33
6
19
15
32
33
6
19
15
32
33
6
19
15
32
