20
7
67
18
1
20
7
67
18
1
20
7
67
18
1
20
7
67
18
1
20
7
67
18
1
20
7
67
18
1
20
7
67
18
1
20
7
67
18
1
20
7
67
18
1
20
7
67
18
1
20
7
67
18
1
20
7
67
18
1
20
7
67
18
1
20
7
67
18
1
20
7
67
18
1
20
7
67
18
1
20
7
67
18
1
20
7
67
18
1
20
7
67
18
1
20
7
67
18
1
20
7
67
18
1
20
7
67
18
1
20
7
67
18
1
20
7
67
18
1
20
7
67
18
1
20
7
67
18
1
20
7
67
18
1
20
7
67
18
1
20
7
67
18
1
20
7
67
18
1
20
7
67
18
1
20
7
67
18
1
20
7
67
18
1
20
7
67
18
1
20
7
67
18
1
20
7
67
18
1
20
7
67
18
1
20
7
67
18
1
20
7
67
18
1
20
7
67
18
1
20
7
67
18
1
20
7
67
18
1
20
7
67
18
1
20
7
67
18
1
20
7
67
18
1
20
7
67
18
1
20
7
67
18
1
20
7
67
18
1
20
7
67
18
1
20
7
67
18
1
