46
30
118
148
79
121
119
236
196
228
46
30
376
118
148
79
121
119
196
228
46
30
118
148
79
121
229
119
196
228
46
30
158
118
148
79
121
119
196
228
46
30
137
118
148
79
121
119
196
228
46
30
118
148
79
121
119
196
456
228
46
30
118
148
79
121
161
119
196
228
46
30
33
118
148
79
121
119
196
228
46
30
118
148
79
121
87
119
196
228
46
30
336
118
148
79
121
119
196
228
46
30
118
148
79
121
119
196
43
228
46
30
118
148
79
121
119
217
196
228
46
30
118
148
79
121
119
196
228
60
46
30
118
148
79
121
225
119
196
228
46
30
118
148
79
121
119
196
228
436
46
30
118
148
79
121
119
196
228
151
46
30
118
148
79
121
119
93
196
228
46
30
203
118
148
79
121
119
196
228
46
30
118
148
79
121
119
3
196
228
212
46
30
118
148
79
121
119
196
228
46
30
118
148
79
121
119
196
228
60
46
30
118
148
79
121
149
119
196
228
46
30
247
118
148
79
121
119
196
228
46
30
118
148
79
121
288
119
196
228
46
30
118
148
79
121
114
119
196
228
46
30
118
148
79
121
222
119
196
228
46
30
118
148
79
121
61
119
196
228
46
30
118
148
79
121
112
119
196
228
46
30
152
118
148
79
121
119
196
228
46
30
118
148
79
121
90
119
196
228
46
30
118
148
79
121
113
119
196
228
46
30
118
148
79
121
119
172
196
228
102
46
30
118
148
79
121
119
196
228
46
30
118
148
79
121
51
119
196
228
46
30
118
148
79
121
119
22
196
228
46
30
118
148
79
121
119
16
196
228
46
30
260
118
148
79
121
119
196
228
248
46
30
118
148
79
121
119
196
228
46
30
118
148
79
121
120
119
196
228
46
30
118
148
79
121
119
196
228
465
46
30
118
148
79
121
119
231
196
228
46
30
118
148
79
121
119
221
196
228
46
30
152
118
148
79
121
119
196
228
46
30
326
118
148
79
121
119
196
228
46
30
118
148
79
121
339
119
196
228
46
30
118
148
79
121
81
119
196
228
46
30
118
148
79
121
119
196
228
117
46
30
118
148
79
121
195
119
196
228
46
30
118
148
79
121
119
6
196
228
46
30
118
148
79
121
112
119
196
228
