12
119
11
107
117
67
18
15
75
193
12
11
107
117
67
18
15
75
402
193
12
11
273
107
117
67
18
15
75
193
12
11
107
117
67
18
15
75
31
193
12
11
338
107
117
67
18
15
75
193
12
394
11
107
117
67
18
15
75
193
12
11
107
117
227
67
18
15
75
193
12
11
107
117
67
18
15
75
1
193
12
302
11
107
117
67
18
15
75
193
12
11
107
117
67
18
145
15
75
193
12
59
11
107
117
67
18
15
75
193
12
11
107
117
67
18
15
102
75
193
12
121
11
107
117
67
18
15
75
193
12
11
107
117
67
18
15
75
155
193
12
11
278
107
117
67
18
15
75
193
12
11
107
117
186
67
18
15
75
193
12
11
107
117
320
67
18
15
75
193
12
11
107
117
475
67
18
15
75
193
12
11
107
117
67
18
15
48
75
193
12
11
148
107
117
67
18
15
75
193
12
78
11
107
117
67
18
15
75
193
12
11
107
117
67
18
15
75
33
193
12
78
11
107
117
67
18
15
75
193
12
146
11
107
117
67
18
15
75
193
12
11
107
117
67
438
18
15
75
193
12
11
107
117
67
201
18
15
75
193
12
257
11
107
117
67
18
15
75
193
12
11
107
117
243
67
18
15
75
193
12
11
107
117
67
18
15
75
239
193
12
110
11
107
117
67
18
15
75
193
12
11
107
117
233
67
18
15
75
193
12
204
11
107
117
67
18
15
75
193
12
11
107
117
67
18
15
39
75
193
12
11
107
117
435
67
18
15
75
193
12
11
107
117
67
18
15
26
75
193
12
11
107
117
67
18
15
75
454
193
12
11
91
107
117
67
18
15
75
193
12
11
107
117
237
67
18
15
75
193
12
11
107
117
367
67
18
15
75
193
12
11
107
117
122
67
18
15
75
193
12
252
11
107
117
67
18
15
75
193
12
11
107
117
233
67
18
15
75
193
12
11
107
117
192
67
18
15
75
193
12
205
11
107
117
67
18
15
75
193
12
11
107
117
67
18
145
15
75
193
12
11
107
117
221
67
18
15
75
193
12
11
107
117
25
67
18
15
75
193
12
11
107
117
67
18
15
75
193
258
12
11
107
117
67
381
18
15
75
193
12
11
107
117
270
67
18
15
75
193
