35
17
58
36
340
113
4
33
126
18
35
17
58
36
113
4
33
126
92
18
35
17
58
36
410
113
4
33
126
18
35
17
58
36
113
4
33
126
18
181
35
17
58
36
113
94
4
33
126
18
35
17
58
36
113
4
33
126
18
219
35
17
58
36
128
113
4
33
126
18
35
17
58
36
191
113
4
33
126
18
35
17
58
36
113
4
150
33
126
18
35
17
58
36
311
113
4
33
126
18
35
17
58
36
232
113
4
33
126
18
351
35
17
58
36
113
4
33
126
18
35
17
58
36
113
4
33
126
317
18
35
17
58
36
113
201
4
33
126
18
35
17
58
36
13
113
4
33
126
18
35
17
58
36
113
47
4
33
126
18
35
17
58
36
113
16
4
33
126
18
35
17
58
36
113
4
54
33
126
18
385
35
17
58
36
113
4
33
126
18
35
17
58
36
97
113
4
33
126
18
35
17
58
36
102
113
4
33
126
18
35
17
58
36
374
113
4
33
126
18
35
17
58
36
113
159
4
33
126
18
35
17
58
36
238
113
4
33
126
18
35
17
58
36
113
4
33
126
269
18
35
17
58
36
186
113
4
33
126
18
35
17
58
36
340
113
4
33
126
18
163
35
17
58
36
113
4
33
126
18
35
17
58
36
107
113
4
33
126
18
35
17
58
36
108
113
4
33
126
18
35
17
58
36
205
113
4
33
126
18
85
35
17
58
36
113
4
33
126
18
35
17
58
36
113
339
4
33
126
18
157
35
17
58
36
113
4
33
126
18
77
35
17
58
36
113
4
33
126
18
35
17
58
36
113
300
4
33
126
18
35
17
58
36
84
113
4
33
126
18
35
17
58
36
113
4
150
33
126
18
35
17
58
36
270
113
4
33
126
18
35
17
58
36
113
4
314
33
126
18
35
17
58
36
414
113
4
33
126
18
103
35
17
58
36
113
4
33
126
18
35
17
58
36
113
254
4
33
126
18
35
17
58
36
239
113
4
33
126
18
35
17
58
36
301
113
4
33
126
18
35
17
58
36
113
4
33
126
241
18
35
17
58
36
239
113
4
33
126
18
35
17
58
36
113
5
4
33
126
18
35
17
58
36
444
113
4
33
126
18
35
17
58
36
113
345
4
33
126
18
