58
60
42
15
49
58
60
42
15
49
58
60
42
15
49
58
60
42
15
49
58
60
42
15
49
58
60
42
15
49
58
60
42
15
49
58
60
42
15
49
58
60
42
15
49
58
60
42
15
49
58
60
42
15
49
58
60
42
15
49
58
60
42
15
49
58
60
42
15
49
58
60
42
15
49
58
60
42
15
49
58
60
42
15
49
58
60
42
15
49
58
60
42
15
49
58
60
42
15
49
58
60
42
15
49
58
60
42
15
49
58
60
42
15
49
58
60
42
15
49
58
60
42
15
49
58
60
42
15
49
58
60
42
15
49
58
60
42
15
49
58
60
42
15
49
58
60
42
15
49
58
60
42
15
49
58
60
42
15
49
58
60
42
15
49
58
60
42
15
49
58
60
42
15
49
58
60
42
15
49
58
60
42
15
49
58
60
42
15
49
58
60
42
15
49
58
60
42
15
49
58
60
42
15
49
58
60
42
15
49
58
60
42
15
49
58
60
42
15
49
58
60
42
15
49
58
60
42
15
49
58
60
42
15
49
58
60
42
15
49
58
60
42
15
49
58
60
42
15
49
