80
25
107
1
33
80
25
107
1
33
80
25
107
1
33
80
25
107
1
33
80
25
107
1
33
80
25
107
1
33
80
25
107
1
33
80
25
107
1
33
80
25
107
1
33
80
25
107
1
33
80
25
107
1
33
80
25
107
1
33
80
25
107
1
33
80
25
107
1
33
80
25
107
1
33
80
25
107
1
33
80
25
107
1
33
80
25
107
1
33
80
25
107
1
33
80
25
107
1
33
80
25
107
1
33
80
25
107
1
33
80
25
107
1
33
80
25
107
1
33
80
25
107
1
33
80
25
107
1
33
80
25
107
1
33
80
25
107
1
33
80
25
107
1
33
80
25
107
1
33
80
25
107
1
33
80
25
107
1
33
80
25
107
1
33
80
25
107
1
33
80
25
107
1
33
80
25
107
1
33
80
25
107
1
33
80
25
107
1
33
80
25
107
1
33
80
25
107
1
33
80
25
107
1
33
80
25
107
1
33
80
25
107
1
33
80
25
107
1
33
80
25
107
1
33
80
25
107
1
33
80
25
107
1
33
80
25
107
1
33
80
25
107
1
33
80
25
107
1
33
