59
42
2
68
3
59
42
2
68
3
59
42
2
68
3
59
42
2
68
3
59
42
2
68
3
59
42
2
68
3
59
42
2
68
3
59
42
2
68
3
59
42
2
68
3
59
42
2
68
3
59
42
2
68
3
59
42
2
68
3
59
42
2
68
3
59
42
2
68
3
59
42
2
68
3
59
42
2
68
3
59
42
2
68
3
59
42
2
68
3
59
42
2
68
3
59
42
2
68
3
59
42
2
68
3
59
42
2
68
3
59
42
2
68
3
59
42
2
68
3
59
42
2
68
3
59
42
2
68
3
59
42
2
68
3
59
42
2
68
3
59
42
2
68
3
59
42
2
68
3
59
42
2
68
3
59
42
2
68
3
59
42
2
68
3
59
42
2
68
3
59
42
2
68
3
59
42
2
68
3
59
42
2
68
3
59
42
2
68
3
59
42
2
68
3
59
42
2
68
3
59
42
2
68
3
59
42
2
68
3
59
42
2
68
3
59
42
2
68
3
59
42
2
68
3
59
42
2
68
3
59
42
2
68
3
59
42
2
68
3
59
42
2
68
3
59
42
2
68
3
