184
642
534
520
537
316
92
187
210
21
236
556
151
497
26
188
763
187
179
21
625
46
21
738
349
336
835
187
653
334
36
151
738
866
855
879
187
583
484
21
809
643
461
593
206
624
243
146
187
21
230
171
469
439
163
533
383
591
187
21
579
306
109
242
932
573
50
187
179
21
296
532
142
402
557
353
136
187
628
21
639
46
357
490
498
256
10
699
187
21
599
745
385
524
347
169
626
878
187
21
32
557
163
78
223
407
150
187
135
21
384
145
446
610
176
214
799
500
187
21
565
372
452
294
164
72
92
437
187
21
410
20
169
861
501
23
739
587
187
21
181
315
86
575
538
468
300
706
187
21
62
638
61
63
596
160
778
187
380
21
403
868
95
240
168
128
539
435
187
21
290
770
532
120
588
82
79
437
187
21
662
40
42
826
571
570
421
187
726
21
401
604
359
181
116
317
594
163
187
21
605
21
357
575
737
475
697
187
135
835
701
168
412
509
755
163
864
437
187
21
867
304
195
370
411
933
187
665
131
21
426
42
235
598
472
800
333
661
187
21
128
971
553
350
498
544
421
187
564
21
452
234
588
455
76
734
79
187
406
21
698
410
531
561
56
305
3
213
187
21
868
473
364
21
952
737
369
187
28
521
212
470
21
659
352
932
82
187
603
634
295
186
193
32
23
160
22
187
484
21
711
280
703
531
405
140
800
491
187
21
403
244
525
613
369
110
143
696
187
21
40
365
254
543
285
130
443
338
187
21
6
43
330
798
255
195
293
529
187
21
240
470
808
142
92
778
361
187
179
21
6
190
609
439
211
607
187
628
39
21
20
798
893
208
293
85
778
187
726
21
212
245
73
344
952
469
539
213
187
21
856
729
880
329
727
610
436
551
187
21
447
254
278
294
241
728
187
179
231
21
495
171
438
89
319
735
187
318
484
21
709
606
496
930
610
138
431
435
187
21
15
64
575
631
146
594
596
213
187
21
310
506
623
877
145
259
147
187
133
21
21
89
576
88
405
548
413
464
187
441
230
641
496
91
36
571
413
533
187
21
253
116
727
405
455
257
694
187
131
21
385
205
808
323
325
455
328
256
187
21
470
575
499
725
607
541
187
7
429
21
670
644
538
147
72
778
79
187
521
21
