60
18
373
319
23
222
272
111
205
166
60
18
373
23
222
272
111
740
205
166
60
18
373
23
222
272
111
269
205
166
60
18
373
23
222
272
111
205
340
166
60
18
373
23
222
272
111
205
682
166
368
60
18
373
23
222
272
111
205
166
60
18
373
523
23
222
272
111
205
166
60
18
373
955
23
222
272
111
205
166
60
18
373
23
93
222
272
111
205
166
60
638
18
373
23
222
272
111
205
166
60
18
373
23
222
272
111
205
421
166
60
18
373
23
222
272
111
205
166
716
60
937
18
373
23
222
272
111
205
166
60
18
373
23
222
272
111
205
166
824
60
18
373
341
23
222
272
111
205
166
60
18
373
984
23
222
272
111
205
166
60
18
373
23
475
222
272
111
205
166
60
18
373
23
222
272
111
205
105
166
85
60
18
373
23
222
272
111
205
166
60
297
18
373
23
222
272
111
205
166
894
60
18
373
23
222
272
111
205
166
60
18
373
23
222
272
111
205
290
166
60
18
373
594
23
222
272
111
205
166
60
18
373
23
222
272
111
205
566
166
542
60
18
373
23
222
272
111
205
166
60
18
373
23
222
272
111
205
849
166
60
18
373
23
222
500
272
111
205
166
60
18
373
462
23
222
272
111
205
166
60
18
373
23
129
222
272
111
205
166
644
60
18
373
23
222
272
111
205
166
60
18
373
23
79
222
272
111
205
166
894
60
18
373
23
222
272
111
205
166
60
470
18
373
23
222
272
111
205
166
60
18
373
23
222
272
111
182
205
166
60
18
373
23
222
272
111
205
429
166
60
18
373
23
222
272
111
205
535
166
60
18
373
23
222
8
272
111
205
166
60
204
18
373
23
222
272
111
205
166
60
605
18
373
23
222
272
111
205
166
214
60
18
373
23
222
272
111
205
166
264
60
18
373
23
222
272
111
205
166
60
18
373
23
222
272
111
527
205
166
60
18
373
23
222
272
111
205
88
166
60
18
373
23
288
222
272
111
205
166
60
18
373
22
23
222
272
111
205
166
60
18
373
23
300
222
272
111
205
166
60
18
373
498
23
222
272
111
205
166
60
18
373
23
222
272
111
205
197
166
60
536
18
373
23
222
272
111
205
166
60
773
18
373
23
222
272
111
205
166
