1
33
124
22
741
143
505
42
340
82
1
33
124
22
741
195
143
42
340
82
1
33
124
22
741
525
143
42
340
82
273
1
33
124
22
741
143
42
340
82
550
1
33
124
22
741
143
42
340
82
1
33
124
22
741
570
143
42
340
82
1
33
124
22
741
201
143
42
340
82
637
1
33
124
22
741
143
42
340
82
1
33
124
22
741
143
42
340
569
82
1
33
105
124
22
741
143
42
340
82
739
1
33
124
22
741
143
42
340
82
473
1
33
124
22
741
143
42
340
82
1
33
124
22
741
86
143
42
340
82
1
33
124
22
741
243
143
42
340
82
159
1
33
124
22
741
143
42
340
82
1
33
124
22
741
171
143
42
340
82
1
33
124
22
741
288
143
42
340
82
1
290
33
124
22
741
143
42
340
82
1
33
124
22
741
143
42
340
317
82
126
1
33
124
22
741
143
42
340
82
189
1
33
124
22
741
143
42
340
82
1
37
33
124
22
741
143
42
340
82
341
1
33
124
22
741
143
42
340
82
1
33
680
124
22
741
143
42
340
82
273
1
33
124
22
741
143
42
340
82
473
1
33
124
22
741
143
42
340
82
1
33
124
22
741
842
143
42
340
82
760
1
33
124
22
741
143
42
340
82
1
33
124
22
741
269
143
42
340
82
164
1
33
124
22
741
143
42
340
82
313
1
33
124
22
741
143
42
340
82
1
33
124
22
741
143
728
42
340
82
152
1
33
124
22
741
143
42
340
82
1
33
124
22
741
143
42
340
346
82
1
33
124
22
741
143
42
340
60
82
1
33
124
22
741
549
143
42
340
82
1
33
124
22
741
288
143
42
340
82
1
33
124
22
741
723
143
42
340
82
1
33
124
22
741
503
143
42
340
82
1
33
39
124
22
741
143
42
340
82
1
749
33
124
22
741
143
42
340
82
1
38
33
124
22
741
143
42
340
82
1
33
124
22
741
143
738
42
340
82
593
1
33
124
22
741
143
42
340
82
1
33
261
124
22
741
143
42
340
82
1
33
124
22
741
726
143
42
340
82
1
33
124
22
741
673
143
42
340
82
47
1
33
124
22
741
143
42
340
82
1
33
124
22
741
109
143
42
340
82
1
33
124
22
741
595
143
42
340
82
