278
38
325
54
58
142
302
69
37
800
278
38
325
54
58
252
142
302
69
37
278
38
325
54
58
142
9
302
69
37
819
278
38
325
54
58
142
302
69
37
278
38
325
54
87
58
142
302
69
37
278
38
325
54
58
142
302
69
597
37
278
38
325
54
58
142
302
69
37
305
278
38
325
54
245
58
142
302
69
37
278
38
325
54
58
142
302
69
391
37
278
38
325
54
58
142
154
302
69
37
278
38
325
54
58
142
748
302
69
37
278
38
325
54
648
58
142
302
69
37
278
38
325
54
58
142
302
69
600
37
278
38
325
54
58
142
302
69
71
37
278
529
38
325
54
58
142
302
69
37
845
278
38
325
54
58
142
302
69
37
278
38
325
54
217
58
142
302
69
37
278
787
38
325
54
58
142
302
69
37
278
38
325
54
58
229
142
302
69
37
278
38
325
54
58
142
302
69
127
37
278
38
325
54
58
142
302
69
358
37
278
38
325
54
58
142
31
302
69
37
278
38
325
54
58
142
302
69
37
485
278
38
325
54
58
142
302
69
37
591
292
278
38
325
54
58
142
302
69
37
557
278
38
325
54
58
142
302
69
37
278
38
325
54
58
592
142
302
69
37
393
278
38
325
54
58
142
302
69
37
278
38
325
54
601
58
142
302
69
37
278
38
325
54
58
117
142
302
69
37
278
38
325
54
58
142
302
69
37
498
278
38
325
54
58
886
142
302
69
37
278
38
325
54
58
142
627
302
69
37
278
38
325
54
58
142
302
69
569
37
400
278
38
325
54
58
142
302
69
37
524
278
38
325
54
58
142
302
69
37
278
340
38
325
54
58
142
302
69
37
278
38
325
54
58
142
302
69
479
37
278
38
325
54
58
272
142
302
69
37
278
38
325
54
58
142
9
302
69
37
278
38
325
54
58
142
703
302
69
37
278
38
325
54
398
58
142
302
69
37
278
38
325
54
676
58
142
302
69
37
768
278
38
325
54
58
142
302
69
37
278
38
325
54
58
535
142
302
69
37
278
38
325
54
58
276
142
302
69
37
278
38
325
54
58
142
302
69
37
19
278
38
325
54
607
58
142
302
69
37
278
529
38
325
54
58
142
302
69
37
278
38
325
54
58
142
692
302
69
37
