50
383
267
8
73
131
149
117
54
331
50
383
267
8
276
131
149
117
54
331
50
383
267
8
187
131
149
117
54
331
50
383
267
8
262
131
149
117
54
331
50
383
267
8
188
131
149
117
54
331
50
383
267
31
8
131
149
117
54
331
50
383
267
8
850
131
149
117
54
331
50
383
267
8
171
131
149
117
54
331
50
383
267
8
131
122
149
117
54
331
795
50
383
267
8
131
149
117
54
331
50
142
383
267
8
131
149
117
54
331
50
383
267
8
131
149
117
998
54
331
50
383
267
8
566
131
149
117
54
331
50
383
74
267
8
131
149
117
54
331
50
383
267
8
131
422
149
117
54
331
50
383
267
8
131
149
117
3
54
331
50
383
267
8
131
149
117
609
54
331
50
383
267
8
391
131
149
117
54
331
852
50
383
267
8
131
149
117
54
331
50
383
267
8
262
131
149
117
54
331
50
383
267
8
626
131
149
117
54
331
50
383
267
8
341
131
149
117
54
331
50
383
267
8
131
149
117
421
54
331
50
383
267
949
8
131
149
117
54
331
137
50
383
267
8
131
149
117
54
331
50
383
267
867
8
131
149
117
54
331
50
383
267
8
131
352
149
117
54
331
50
390
383
267
8
131
149
117
54
331
50
383
267
8
160
131
149
117
54
331
688
50
383
267
8
131
149
117
54
331
50
383
785
267
8
131
149
117
54
331
50
383
267
8
131
149
117
421
54
331
50
383
267
8
321
131
149
117
54
331
50
879
383
267
8
131
149
117
54
331
50
383
267
8
289
131
149
117
54
331
137
50
383
267
8
131
149
117
54
331
50
383
267
8
131
149
117
225
54
331
50
383
267
8
775
131
149
117
54
331
50
649
383
267
8
131
149
117
54
331
50
383
267
8
254
131
149
117
54
331
50
383
629
267
8
131
149
117
54
331
50
133
383
267
8
131
149
117
54
331
50
522
383
267
8
131
149
117
54
331
50
383
267
542
8
131
149
117
54
331
50
383
792
267
8
131
149
117
54
331
50
383
267
8
851
131
149
117
54
331
50
668
383
267
8
131
149
117
54
331
50
879
383
267
8
131
149
117
54
331
50
383
267
8
864
131
149
117
54
331
50
383
267
8
131
525
149
117
54
331
