1338
2046
4312
1286
2059
1846
1813
515
932
2074
3532
2841
3362
266
684
2073
689
130
2364
414
3396
1834
908
1133
1497
1512
1065
1050
1167
2138
1367
1540
519
266
684
130
510
2940
414
4405
2183
3614
1577
377
3129
509
1403
2720
3237
977
3248
266
684
229
344
130
3047
655
414
412
1433
2213
588
3203
572
1404
954
609
3065
1648
1223
2365
2518
266
684
1409
90
130
4584
414
385
2708
2213
567
3382
3447
4072
1425
3144
3121
1655
2250
4229
4449
42
266
684
130
414
3538
822
284
826
2341
2752
1311
2157
2027
488
2007
2276
85
3239
266
684
130
2095
35
414
294
1939
2131
635
1759
1936
757
4514
1497
282
2534
807
363
266
684
2141
130
3732
2929
1293
414
3096
3416
769
4850
2834
1817
3700
757
2820
783
415
3914
4473
759
266
684
2141
130
1259
414
698
1761
2712
2829
490
1900
995
2155
417
1181
3365
4479
566
266
684
2779
130
1082
4584
414
3041
1862
837
3643
1308
2687
1270
1280
4663
266
684
1830
130
3119
3047
596
2265
285
414
958
740
2824
340
2458
2057
4806
871
1212
1358
1648
3344
759
362
266
684
4120
130
270
414
2215
4792
2109
3037
866
4157
2015
1706
3367
3588
4163
844
524
182
2880
266
684
663
130
414
3781
1069
2342
2301
4328
582
2624
6
3558
208
1980
413
36
4478
1717
266
684
3075
130
4707
414
2507
2289
1016
3550
2374
4685
1594
733
2973
2995
1646
3219
2644
3664
266
684
130
1030
3657
414
3127
1178
856
908
3041
726
1014
1497
195
2635
2176
3074
3688
266
684
130
1866
3978
414
503
860
2723
3382
567
3934
3497
949
3544
2412
121
1060
299
302
1367
266
684
130
739
414
2100
522
290
4117
3873
1937
825
690
3993
2152
259
3147
2396
1760
519
266
684
90
130
655
414
2256
4868
3607
2294
4014
1938
617
1393
954
1917
273
2540
661
266
684
130
650
151
414
3284
3396
2127
1344
1722
158
3235
907
2228
372
4126
1544
4076
1717
266
684
4564
2731
130
414
3229
1691
95
404
4784
2380
570
695
1730
4007
406
3563
3330
1193
1181
266
684
344
130
414
1672
4477
1981
414
3391
4373
3007
1816
1678
1655
168
4449
3460
364
1083
266
684
39
130
1021
1116
3278
2517
3912
732
2723
2187
1491
3615
361
2717
790
4308
3861
3765
266
684
130
3487
1160
414
1457
635
2827
401
1222
4305
851
969
210
1455
2175
597
266
684
4475
1513
130
2992
414
3229
34
3887
2877
2135
3339
2687
3078
1205
744
2953
3482
2804
22
4760
266
684
130
1434
414
4061
866
610
2830
2701
818
2821
587
4307
155
2509
266
684
1615
90
1964
130
3471
270
414
3230
610
3530
1659
1545
2251
1852
2366
3372
1851
2819
4079
3688
2405
266
684
130
881
414
1825
3583
606
638
2780
1674
790
497
1138
2251
717
3347
2228
870
1469
347
2598
266
684
130
762
414
2780
384
259
4090
3393
1535
1214
993
1083
3242
1195
266
684
1573
130
4053
161
762
414
656
1414
4477
1919
1052
2025
700
2804
3427
2343
839
2260
266
684
224
4822
130
1294
414
2864
3164
2437
860
459
1657
708
2611
2051
508
2160
2400
2532
1265
1217
1295
146
645
266
684
130
414
1304
2127
823
207
3993
479
3334
3174
2502
390
2384
982
1280
266
684
130
1966
285
414
958
2738
1600
3808
614
1059
959
2911
947
1635
1921
266
684
3075
130
3119
1509
414
1209
457
3284
1939
3088
2188
1645
2211
414
763
2287
527
1841
1405
3215
397
4108
2365
266
684
4176
130
2965
156
2305
127
2013
1105
2449
3609
2097
1362
993
751
2080
266
684
94
130
3119
3165
414
2831
2810
192
770
2780
3831
1086
728
541
4373
1369
1428
328
2278
978
3553
4140
266
684
130
414
419
23
1393
2147
849
120
2384
1071
1465
266
684
929
3394
3223
130
2199
1882
414
3538
2664
3912
1759
377
4116
817
2198
2108
2697
2240
2743
266
684
2162
130
707
3565
1333
285
414
1850
2585
1190
419
777
2832
1905
1439
514
420
417
1162
324
266
684
2034
130
3961
1866
3296
414
2177
2174
2109
1388
1502
535
1126
1913
1887
1521
1926
1252
2430
57
266
684
689
130
3978
414
2427
635
1388
1951
4133
2973
3393
2358
2052
63
2315
1540
266
684
130
3762
1437
1018
414
2522
4129
7
4482
692
1218
695
46
195
879
266
684
1549
2570
130
3961
693
722
1379
414
2831
1596
3407
2865
1185
3589
907
4235
536
885
372
2179
1208
1044
266
684
3697
130
1518
414
2944
58
605
1371
2204
292
571
1428
3175
2431
1627
367
1061
1593
2346
1367
266
684
2480
130
414
3646
487
928
602
401
962
969
1229
318
3002
3951
1860
2771
4044
266
684
4822
130
414
317
740
156
3236
2600
1134
1606
1393
2357
4147
686
1358
1090
2086
266
684
512
2847
130
3657
414
990
649
1016
2701
414
361
853
900
1749
2523
2816
2529
266
684
430
130
632
1973
4707
4147
2826
3113
2815
4014
837
1174
2917
118
2224
2911
1757
266
684
2936
1495
916
130
405
296
414
606
487
910
797
1905
3009
3347
300
1990
3191
1213
266
684
1464
3111
130
1030
160
1496
414
4168
4685
2400
836
587
2721
279
2727
3552
4140
2024
266
684
1902
3442
1276
130
170
414
3229
1659
414
2189
2540
2240
675
3072
2880
2346
1083
387
266
684
935
3731
130
2805
1339
1736
3392
