223
295
1386
478
527
129
52
267
330
47
9
463
33
908
19
233
24
11
54
20
223
295
456
478
527
129
52
960
267
330
47
9
463
33
19
233
24
11
54
20
223
295
478
527
129
52
1545
267
330
47
9
463
33
19
233
24
11
466
54
20
223
295
478
527
129
52
285
552
267
330
47
9
463
33
19
233
24
11
54
20
223
295
879
478
527
129
52
267
330
47
9
1690
463
33
19
233
24
11
54
20
223
295
478
527
129
52
267
330
1485
47
9
463
33
1137
19
233
24
11
54
20
223
295
561
517
478
527
129
52
267
330
47
9
463
33
19
233
24
11
54
20
223
295
490
478
527
129
52
267
330
47
9
725
463
33
19
233
24
11
54
20
223
295
353
478
527
129
52
267
330
47
9
463
33
19
233
24
11
54
368
20
223
295
478
527
129
52
267
330
47
9
610
463
33
968
19
233
24
11
54
20
223
295
785
1295
478
527
129
52
267
330
47
9
463
33
19
233
24
11
54
20
223
295
478
527
129
52
267
330
47
9
57
463
33
19
233
24
11
1559
54
20
223
295
22
478
527
129
52
267
330
47
9
463
33
1624
19
233
24
11
54
20
223
295
478
527
129
52
267
330
47
9
296
463
33
19
233
886
24
11
54
20
223
295
478
527
129
52
267
330
47
9
1745
463
33
19
233
24
623
11
54
20
223
295
768
478
527
129
52
267
330
47
9
402
463
33
19
233
24
11
54
20
223
295
478
527
129
52
267
330
47
9
463
33
1632
1474
19
233
24
11
54
20
223
295
1657
478
527
129
52
267
330
47
9
463
33
19
233
24
11
620
54
20
223
295
478
527
129
52
267
330
47
9
520
463
33
19
233
24
11
54
1897
20
223
295
430
478
527
129
52
267
330
47
9
463
33
19
233
24
11
54
20
533
223
295
615
478
527
129
52
267
330
47
9
1239
463
33
19
233
24
11
54
20
223
295
433
478
527
129
52
267
330
47
9
591
463
33
19
233
24
11
54
20
223
295
478
527
129
52
1351
267
330
47
9
463
33
19
233
24
11
54
20
1671
223
295
478
527
129
52
267
330
47
9
622
463
33
19
233
941
24
11
54
20
223
295
478
527
129
52
267
330
824
47
9
391
463
33
19
233
24
11
54
20
223
295
478
527
129
52
267
330
1212
47
9
463
33
601
19
233
24
11
54
20
223
295
547
478
527
129
52
267
330
47
9
276
463
33
19
233
24
11
54
20
223
295
521
478
527
129
52
267
330
584
47
9
463
33
19
233
24
11
54
20
223
295
14
478
527
129
52
267
330
47
9
73
463
33
19
233
24
11
54
20
223
295
897
478
527
129
52
267
330
47
9
463
33
19
233
405
24
11
54
20
223
295
880
478
527
129
52
267
330
47
9
463
33
19
233
24
11
54
20
162
223
295
478
527
129
52
267
330
47
9
618
463
33
19
233
24
11
54
20
1329
223
295
690
478
527
129
52
267
330
47
9
379
463
33
19
233
24
11
54
20
223
295
381
478
527
129
52
267
330
47
9
463
33
19
233
24
11
401
54
20
223
295
478
527
129
52
267
330
47
9
463
33
801
19
233
24
11
54
71
20
223
295
698
332
478
527
129
52
267
330
47
9
463
33
19
233
24
11
54
20
223
295
478
527
129
52
267
330
1473
47
9
480
463
33
19
233
24
11
54
20
223
295
478
527
129
52
267
330
629
47
9
463
33
1067
19
233
24
11
54
20
223
295
1619
62
478
527
129
52
267
330
47
9
463
33
19
233
24
11
54
20
223
295
478
527
129
52
267
330
832
47
9
463
33
19
233
24
11
205
54
20
223
295
478
527
129
52
267
330
47
9
463
33
264
19
233
590
24
11
54
20
223
295
1666
880
478
527
129
52
267
330
47
9
463
33
19
233
24
11
54
20
223
295
478
527
129
52
267
330
47
9
463
33
19
827
233
352
24
11
54
20
223
295
236
478
527
129
52
267
330
47
9
463
33
19
1367
233
24
11
54
20
223
295
478
527
129
52
267
330
47
9
423
1560
463
33
19
233
24
11
54
20
223
295
478
527
129
52
267
330
47
9
603
463
33
19
233
24
11
54
20
1555
223
295
788
1446
478
527
129
52
267
330
47
9
463
33
19
233
24
11
54
20
223
295
1316
478
527
129
52
267
330
47
9
1481
463
33
19
233
24
11
54
20
223
295
484
983
478
527
129
52
267
330
47
9
463
33
19
233
24
11
54
20
223
295
478
527
129
52
267
330
47
9
777
463
33
19
233
1744
24
11
54
20
