424
175
129
399
828
585
181
20
342
481
136
103
40
398
141
324
596
1210
15
839
424
175
129
399
828
585
181
20
170
481
136
103
1477
40
398
141
324
596
15
839
424
175
129
467
399
828
585
181
20
481
136
103
422
40
398
141
324
596
15
839
424
175
129
399
828
585
181
20
481
136
338
103
40
398
141
324
596
15
659
839
424
804
175
129
904
399
828
585
181
20
481
136
103
40
398
141
324
596
15
839
424
175
129
588
399
828
585
181
20
481
136
103
40
398
165
141
324
596
15
839
424
175
129
399
828
585
181
88
20
481
136
1408
103
40
398
141
324
596
15
839
424
175
129
399
828
585
181
20
65
481
136
103
40
398
141
324
596
15
57
839
424
175
129
1757
399
828
585
181
20
481
136
103
40
398
141
324
596
350
15
839
424
175
129
399
828
585
181
20
481
136
103
40
398
141
324
596
62
15
839
1329
424
175
129
711
399
828
585
181
20
481
136
103
40
398
141
324
596
1681
15
839
424
176
175
129
399
828
585
181
20
821
481
136
103
40
398
141
324
596
15
839
28
424
175
129
399
828
585
181
20
481
136
103
468
40
398
141
324
596
15
839
424
175
129
711
399
828
585
181
20
481
136
103
1280
40
398
141
324
596
15
839
424
1127
175
129
399
828
585
181
20
1468
481
136
103
40
398
141
324
596
15
839
424
175
129
399
828
792
585
181
20
481
136
103
40
398
141
324
596
604
15
839
424
617
175
129
399
828
585
181
20
481
136
103
40
398
141
324
596
15
906
839
424
175
129
399
828
585
181
20
214
481
136
103
782
40
398
141
324
596
15
839
424
175
129
1592
399
828
585
181
20
680
481
136
103
40
398
141
324
596
15
839
424
175
129
399
828
585
181
20
481
136
103
40
398
141
324
596
193
599
15
839
424
175
129
399
828
585
181
20
522
481
136
103
1230
40
398
141
324
596
15
839
424
175
129
399
828
585
181
20
481
209
136
103
40
398
141
324
596
1020
15
839
1354
424
175
129
399
828
585
181
20
672
481
136
103
40
398
141
324
596
15
839
424
175
129
399
828
585
181
20
1031
481
136
103
40
398
141
324
596
15
149
839
424
175
129
399
828
585
181
20
598
481
136
103
40
398
141
324
596
85
15
839
424
175
129
399
828
585
181
20
481
136
103
40
398
141
324
596
294
15
969
839
424
175
129
399
828
585
181
20
481
136
103
40
398
141
324
596
15
678
1158
839
424
34
175
129
399
828
585
923
181
20
481
136
103
40
398
141
324
596
15
839
424
175
129
399
828
585
181
20
1878
481
136
103
40
398
141
324
596
15
839
1167
424
1178
952
175
129
399
828
585
181
20
481
136
103
40
398
141
324
596
15
839
424
175
129
1201
399
828
585
181
20
481
136
103
40
398
141
324
596
15
448
839
424
175
129
1332
399
828
585
542
181
20
481
136
103
40
398
141
324
596
15
839
325
424
175
129
399
828
585
181
20
481
136
103
40
398
141
324
596
15
839
1167
424
175
129
399
828
585
181
20
481
136
103
40
398
141
324
596
1681
15
839
854
424
175
129
472
399
828
585
181
20
481
136
103
40
398
141
324
596
285
15
839
424
175
129
399
828
410
585
181
20
481
136
103
40
398
141
324
596
15
1242
839
282
424
175
129
399
828
585
181
20
1327
481
136
103
40
398
141
324
596
15
839
325
424
175
129
399
828
585
181
20
481
136
103
40
398
141
324
596
15
1429
839
424
175
129
399
828
585
181
20
481
136
103
40
398
166
141
324
596
15
794
839
745
424
175
129
1435
399
828
585
181
20
481
136
103
40
398
141
324
596
15
839
424
175
129
683
399
828
585
181
20
481
136
103
40
398
141
324
596
15
839
1414
424
175
129
147
399
828
585
181
20
481
136
103
40
398
141
324
596
146
15
839
424
175
129
399
828
585
181
20
481
136
103
40
398
141
324
596
1318
15
839
97
447
424
175
129
399
828
585
181
20
481
136
103
1303
40
398
141
324
596
15
839
424
175
129
887
399
828
585
181
20
481
136
103
40
398
141
324
596
15
57
839
424
175
129
399
828
585
181
20
481
136
103
499
1447
40
398
141
324
596
15
839
424
175
129
399
828
585
181
315
20
481
136
103
40
398
141
324
596
15
441
839
424
175
129
67
399
828
585
181
20
481
136
103
40
398
141
324
596
15
1255
839
424
175
129
399
828
585
181
20
481
136
103
40
398
141
324
596
15
380
839
846
424
175
129
399
828
585
181
20
481
1118
136
103
40
398
141
324
596
15
839
154
