12
576
468
994
89
211
676
584
1021
733
569
73
354
669
1089
772
770
87
673
1826
12
1104
576
468
994
89
211
676
2784
584
733
569
73
354
1089
772
770
87
673
1826
12
576
468
3547
994
89
211
676
3927
584
733
569
73
354
1089
772
770
87
673
1826
12
576
468
4255
1901
994
89
211
676
584
733
569
73
354
1089
772
770
87
673
1826
12
576
468
4475
994
89
211
676
584
733
569
73
354
1089
772
3135
770
87
673
1826
12
576
936
468
994
89
211
676
584
733
569
73
354
1089
772
919
770
87
673
1826
725
12
576
468
994
89
211
676
584
733
569
73
354
444
1089
772
770
87
673
1826
12
576
468
994
89
211
676
584
733
569
73
354
797
2418
1089
772
770
87
673
1826
12
576
468
3040
994
89
211
676
584
733
569
73
354
1089
772
770
87
2243
673
1826
12
2181
576
468
994
89
211
676
2618
584
733
569
73
354
1089
772
770
87
673
1826
12
576
468
994
89
211
676
613
584
733
569
73
354
1749
1089
772
770
87
673
1826
12
576
468
994
89
211
676
584
384
733
569
73
354
2231
1089
772
770
87
673
1826
12
576
468
1893
994
89
211
676
3705
584
733
569
73
354
1089
772
770
87
673
1826
309
12
576
468
994
89
211
676
584
733
569
73
354
381
1089
772
770
87
673
1826
12
576
468
4212
994
89
211
676
584
733
569
73
354
2772
1089
772
770
87
673
1826
12
576
468
994
89
211
676
584
733
569
73
354
702
1089
772
2319
770
87
673
1826
12
576
468
2323
994
89
211
676
1371
584
733
569
73
354
1089
772
770
87
673
1826
1923
12
576
468
994
89
211
676
584
733
569
73
354
270
1089
772
770
87
673
1826
12
576
468
994
89
211
676
584
733
569
73
354
1089
772
708
1754
770
87
673
1826
509
12
576
468
994
89
211
676
584
138
733
569
73
354
1089
772
770
87
673
1826
2493
12
576
468
2151
994
89
211
676
584
733
569
73
354
1089
772
770
87
673
1826
12
576
468
994
89
211
676
584
125
733
569
73
354
2212
1089
772
770
87
673
1826
12
576
468
994
89
211
676
584
1577
733
569
73
354
1380
1089
772
770
87
673
1826
12
576
468
994
89
211
676
584
1285
733
569
73
354
2936
1089
772
770
87
673
1826
12
576
358
468
2189
994
89
211
676
584
733
569
73
354
1089
772
770
87
673
1826
12
576
468
994
89
211
676
584
3723
733
569
73
354
487
1089
772
770
87
673
1826
12
576
468
994
89
211
676
584
2488
733
569
73
354
1382
1089
772
770
87
673
1826
12
576
4730
468
2277
994
89
211
676
584
733
569
73
354
1089
772
770
87
673
1826
12
576
468
994
89
211
676
584
733
569
73
354
532
1089
772
1963
770
87
673
1826
12
576
468
3646
994
89
211
676
584
1416
733
569
73
354
1089
772
770
87
673
1826
520
12
576
468
2607
994
89
211
676
584
733
569
73
354
1089
772
770
87
673
1826
12
576
468
994
89
211
676
584
2462
733
569
73
354
1089
772
837
770
87
673
1826
12
576
468
994
89
211
676
685
584
733
569
73
354
1977
1089
772
770
87
673
1826
953
12
2904
576
468
994
89
211
676
584
733
569
73
354
1089
772
770
87
673
1826
4388
12
4239
576
468
994
89
211
676
584
733
569
73
354
1089
772
770
87
673
1826
12
576
468
3558
994
89
211
676
584
733
569
73
354
1710
1089
772
770
87
673
1826
12
576
468
994
89
211
676
303
584
733
569
73
354
2704
1089
772
770
87
673
1826
12
576
468
994
89
211
676
584
733
569
73
354
578
2602
1089
772
770
87
673
1826
12
576
468
994
89
211
676
3437
584
733
569
73
354
2772
1089
772
770
87
673
1826
12
576
468
994
89
211
676
584
733
569
73
354
3770
1639
1089
772
770
87
673
1826
12
576
468
994
89
211
676
584
733
569
73
354
423
2035
1089
772
770
87
673
1826
12
576
468
994
89
211
676
584
3520
733
569
73
354
3452
1089
772
770
87
673
1826
4258
12
576
468
994
89
211
676
2184
584
733
569
73
354
1089
772
770
87
673
1826
407
12
576
468
994
89
211
676
584
733
569
73
354
1423
1089
772
770
87
673
1826
604
12
576
468
994
89
211
676
170
584
733
569
73
354
1089
772
770
87
673
1826
12
576
468
994
89
211
676
1644
2175
584
733
569
73
354
1089
772
770
87
673
1826
12
576
468
994
89
211
676
4887
584
733
569
73
354
1089
772
2981
770
87
673
1826
12
576
468
994
89
211
676
2785
584
615
733
569
73
354
1089
772
770
87
673
1826
12
576
468
994
89
211
676
2990
1402
584
733
569
73
354
1089
772
770
87
673
1826
2875
12
576
468
994
89
211
676
584
733
569
73
354
889
1089
772
770
87
673
1826
