307
608
78
63
66
71
571
145
214
449
478
59
814
222
153
155
486
138
135
74
307
608
78
63
545
1451
66
71
571
145
214
449
478
59
814
222
153
138
135
74
307
608
78
63
66
71
571
145
214
449
478
595
59
814
222
153
1185
138
135
74
307
608
1108
78
63
66
140
71
571
145
214
449
478
59
814
222
153
138
135
74
307
608
78
63
66
71
507
571
145
214
449
478
59
814
222
153
324
138
135
74
307
608
78
63
1120
66
71
571
145
214
449
106
478
59
814
222
153
138
135
74
307
608
78
63
381
66
71
757
571
145
214
449
478
59
814
222
153
138
135
74
307
608
78
63
66
71
571
145
214
449
478
59
814
222
153
33
772
138
135
74
307
608
197
78
63
66
71
642
571
145
214
449
478
59
814
222
153
138
135
74
307
608
78
63
66
71
571
145
214
449
478
690
59
814
222
153
602
138
135
74
307
608
78
63
66
71
684
571
145
214
449
478
59
814
222
153
138
135
338
74
307
608
516
78
63
66
71
1173
571
145
214
449
478
59
814
222
153
138
135
74
307
608
78
63
220
66
71
571
145
214
449
478
59
814
222
153
514
138
135
74
307
608
78
63
66
71
571
145
214
449
478
59
814
222
153
1489
1328
138
135
74
307
799
608
78
63
66
71
692
571
145
214
449
478
59
814
222
153
138
135
74
307
608
787
78
63
66
71
571
145
214
449
478
59
814
222
153
1023
138
135
74
307
608
78
63
66
71
571
145
214
449
478
227
59
814
222
153
1016
138
135
74
307
608
78
63
1268
66
1450
71
571
145
214
449
478
59
814
222
153
138
135
74
307
608
78
63
1541
66
71
571
145
214
449
478
59
814
222
153
1101
138
135
74
307
608
78
63
66
71
571
145
214
449
808
478
59
814
222
153
12
138
135
74
307
608
78
63
66
71
571
145
214
641
449
478
59
814
222
153
867
138
135
74
307
608
78
63
66
71
571
145
214
1059
449
478
741
59
814
222
153
138
135
74
307
502
608
78
63
66
140
71
571
145
214
449
478
59
814
222
153
138
135
74
307
608
78
63
66
71
1214
571
145
214
449
478
59
814
222
153
152
138
135
74
307
608
78
63
66
71
1163
571
145
214
449
478
59
814
222
153
1787
138
135
74
307
608
78
63
66
515
873
71
571
145
214
449
478
59
814
222
153
138
135
74
307
608
78
63
66
71
571
145
214
449
478
59
814
222
153
167
466
138
135
74
307
608
78
63
1197
66
71
571
145
214
449
478
59
814
222
153
81
138
135
74
307
608
919
78
63
575
66
71
571
145
214
449
478
59
814
222
153
138
135
74
307
608
78
63
1067
66
71
571
145
1391
214
449
478
59
814
222
153
138
135
74
307
608
78
63
66
71
38
571
145
214
449
478
59
814
222
153
138
135
179
74
307
608
78
63
66
71
1212
571
145
214
449
478
59
814
222
153
166
138
135
74
307
608
644
78
63
66
71
571
145
214
449
478
59
814
222
153
1406
138
135
74
307
608
78
63
66
71
571
145
214
449
885
478
1259
59
814
222
153
138
135
74
307
608
78
63
66
71
1212
571
145
214
449
1560
478
59
814
222
153
138
135
74
307
608
78
63
66
71
1186
571
145
214
449
478
59
814
222
153
332
138
135
74
307
608
78
63
66
71
752
571
145
554
214
449
478
59
814
222
153
138
135
74
307
608
78
63
66
856
71
571
145
214
449
478
59
814
222
153
92
138
135
74
307
608
78
63
1559
66
71
571
145
214
449
478
59
814
222
153
764
138
135
74
307
608
78
63
66
71
906
571
145
214
449
478
1522
59
814
222
153
138
135
74
307
608
78
63
66
71
571
145
214
449
478
227
59
814
222
153
1384
138
135
74
307
608
627
78
63
575
66
71
571
145
214
449
478
59
814
222
153
138
135
74
307
608
78
63
66
71
571
145
214
449
478
59
814
222
153
699
166
138
135
74
307
608
78
63
66
71
260
571
145
214
449
478
59
814
222
153
889
138
135
74
307
608
78
63
1007
66
71
571
145
214
449
534
478
59
814
222
153
138
135
74
307
608
78
63
66
71
693
571
145
214
449
478
59
814
222
153
460
138
135
74
307
608
78
63
66
71
571
145
214
449
674
478
59
814
222
153
794
138
135
74
307
608
78
63
66
71
662
571
145
207
214
449
478
59
814
222
153
138
135
74
307
608
78
63
66
71
571
145
214
449
478
59
814
222
153
686
772
138
135
74
307
608
78
63
66
71
571
145
214
1017
449
346
478
59
814
222
153
138
135
74
