200
675
23
51
1144
75
225
758
429
401
561
663
60
64
755
40
233
575
31
588
71
637
137
568
1984
200
1859
675
23
51
1144
75
225
758
429
1552
561
663
60
64
755
40
233
575
31
588
71
637
137
568
200
675
1732
23
51
1144
75
225
758
429
561
1063
663
60
64
755
40
233
575
31
588
71
637
137
568
200
2933
675
23
51
1144
75
4846
225
758
429
561
663
60
64
755
40
233
575
31
588
71
637
137
568
200
675
23
671
51
1144
75
225
758
429
561
2877
663
60
64
755
40
233
575
31
588
71
637
137
568
200
675
496
1956
23
51
1144
75
225
758
429
561
663
60
64
755
40
233
575
31
588
71
637
137
568
200
675
23
51
1144
75
225
3353
758
429
561
663
60
64
1983
755
40
233
575
31
588
71
637
137
568
200
675
23
51
1144
75
225
758
429
1506
561
663
60
64
755
40
233
575
31
588
71
637
137
711
568
200
675
23
51
1144
75
225
758
429
561
4763
663
1312
60
64
755
40
233
575
31
588
71
637
137
568
200
675
3712
23
51
1144
75
1157
225
758
429
561
663
60
64
755
40
233
575
31
588
71
637
137
568
200
675
23
51
1144
75
225
758
429
212
4455
561
663
60
64
755
40
233
575
31
588
71
637
137
568
200
675
23
156
51
1144
75
998
225
758
429
561
663
60
64
755
40
233
575
31
588
71
637
137
568
495
200
675
23
51
1144
75
225
758
429
561
663
60
64
755
40
233
575
31
588
71
637
137
568
3296
200
675
23
51
1144
75
225
3462
758
429
561
663
60
64
755
40
233
575
31
588
71
637
137
568
1397
200
675
23
51
1144
75
4546
225
758
429
2351
561
663
60
64
755
40
233
575
31
588
71
637
137
568
200
675
23
51
1144
75
4552
225
758
429
561
663
60
64
755
40
233
575
31
588
71
637
137
1274
568
200
675
23
51
1144
75
225
2508
758
429
561
663
60
64
755
40
233
575
31
588
71
637
137
568
1702
200
675
23
51
1144
75
225
4276
758
429
561
663
60
64
755
40
233
575
31
588
71
637
137
2752
568
200
675
23
51
1144
75
3641
225
758
429
561
663
60
64
755
40
233
575
31
588
71
637
137
1819
568
200
675
2268
23
51
1144
75
225
758
429
561
3562
663
60
64
755
40
233
575
31
588
71
637
137
568
200
675
23
51
1144
75
1440
225
758
429
561
663
60
64
755
40
233
575
31
588
71
637
137
4423
568
200
675
23
51
1144
75
225
758
429
52
561
663
60
64
755
40
233
575
31
588
71
637
137
568
2977
200
675
23
51
1144
75
225
758
429
2513
561
663
60
64
755
40
233
575
31
588
71
637
137
224
568
200
675
23
51
1144
75
225
758
429
3570
561
663
60
64
755
40
233
575
31
588
71
637
137
431
568
200
675
23
51
1144
75
225
758
429
4341
561
4268
663
60
64
755
40
233
575
31
588
71
637
137
568
200
2933
675
23
51
1144
75
225
758
429
561
663
4356
60
64
755
40
233
575
31
588
71
637
137
568
200
675
23
51
1144
75
225
758
429
561
663
2460
60
64
2384
755
40
233
575
31
588
71
637
137
568
200
3382
675
23
51
1144
75
225
758
429
561
663
60
64
755
40
233
575
31
588
71
637
137
3342
568
200
675
23
51
1144
75
225
758
429
561
663
60
64
755
40
233
575
31
588
71
637
137
1803
568
1986
200
675
3115
23
51
1144
75
225
758
429
1298
561
663
60
64
755
40
233
575
31
588
71
637
137
568
200
675
23
51
1144
75
4534
225
758
429
561
663
60
64
755
40
233
575
31
588
71
637
137
568
1763
200
675
23
799
51
1144
75
225
758
429
561
663
60
64
755
40
233
575
31
588
71
637
137
4098
568
200
675
23
51
1144
75
225
2458
758
429
561
663
60
64
755
40
233
575
31
588
71
637
137
1575
568
200
675
2253
23
3525
51
1144
75
225
758
429
561
663
60
64
755
40
233
575
31
588
71
637
137
568
200
675
23
51
1144
75
225
758
429
561
328
663
60
64
755
40
233
575
31
588
71
637
137
4564
568
200
675
23
51
1144
75
225
758
429
561
155
663
60
64
128
755
40
233
575
31
588
71
637
137
568
200
675
23
51
1144
75
2617
225
758
429
160
561
663
60
64
755
40
233
575
31
588
71
637
137
568
200
675
23
51
1144
75
225
758
429
1562
2574
561
663
60
64
755
40
233
575
31
588
71
637
137
568
200
675
343
23
231
51
1144
75
225
758
429
561
663
60
64
755
40
233
575
31
588
71
637
137
568
200
675
23
51
1144
75
3654
225
758
429
2611
561
663
60
64
755
40
233
575
31
588
71
637
137
568
200
675
23
51
1144
75
225
758
429
561
663
60
64
755
40
233
575
31
588
71
637
137
2673
568
3175
200
675
23
51
1144
75
225
758
429
561
663
60
64
2518
755
40
233
575
31
588
71
637
137
568
466
200
675
23
51
1144
75
225
758
429
561
663
60
64
755
40
233
575
31
588
71
637
137
3964
1409
568
200
675
23
51
1144
75
225
758
429
561
663
60
64
755
40
233
575
31
588
71
637
137
711
568
4292
200
675
23
51
1144
75
225
758
429
1546
506
561
663
60
64
755
40
233
575
31
588
71
637
137
568
200
675
23
2604
51
1144
75
225
758
429
561
663
60
64
531
755
40
233
575
31
588
71
637
137
568
200
503
675
23
51
1144
75
225
758
429
561
663
60
64
755
40
233
575
31
588
71
637
137
2639
568
200
675
23
51
1144
75
225
2561
758
429
561
663
60
64
755
40
233
575
31
588
71
637
137
839
568
1619
200
675
23
51
1144
75
225
758
429
3447
561
663
60
64
755
40
233
575
31
588
71
637
137
568
200
675
1459
23
51
1144
75
225
758
429
3000
561
663
60
64
755
40
233
575
31
588
71
637
137
568
