496
280
12
549
1071
494
119
364
806
9
640
705
602
120
887
7
1319
455
81
256
601
14
168
230
2388
496
280
12
549
1392
1071
494
119
364
806
9
640
705
602
120
887
7
455
81
256
601
14
168
742
230
496
280
12
549
1071
494
119
364
806
9
640
705
602
120
887
7
455
81
256
601
14
543
168
578
230
496
280
12
549
1071
494
119
364
806
9
640
705
602
120
887
7
455
81
256
471
601
14
168
230
916
1376
496
280
12
549
1071
494
119
364
806
9
640
705
602
120
887
7
455
81
256
601
14
1408
168
230
496
280
12
549
1071
494
2405
119
364
806
9
640
705
233
602
120
887
7
455
81
256
601
14
168
230
496
280
12
549
1071
494
119
364
806
9
640
705
1231
602
120
887
1914
7
455
81
256
601
14
168
230
496
280
12
549
1071
494
119
2963
364
806
9
640
705
602
120
887
7
455
81
256
601
14
3043
168
230
496
280
12
549
714
1071
494
119
364
806
9
640
705
602
120
887
7
455
81
256
601
14
729
168
230
496
280
12
549
1071
494
2940
119
364
806
9
640
705
602
120
887
7
455
81
256
601
14
1623
168
230
2533
1786
496
280
12
549
1071
494
119
364
806
9
640
705
602
120
887
7
455
81
256
601
14
168
230
496
280
12
549
1071
494
119
364
806
9
640
705
2361
602
120
887
7
455
81
256
3703
601
14
168
230
496
280
12
549
1294
1071
494
119
364
806
9
640
705
865
602
120
887
7
455
81
256
601
14
168
230
496
280
12
549
2642
1071
494
119
364
806
9
640
705
602
120
887
3318
7
455
81
256
601
14
168
230
4293
496
280
12
549
1071
494
119
364
806
9
640
705
602
120
2949
887
7
455
81
256
601
14
168
230
496
280
12
549
1071
494
119
364
806
9
640
705
602
120
2540
887
7
455
81
256
601
14
168
2052
230
496
280
12
549
1071
494
119
364
806
9
640
705
2176
602
120
887
7
455
81
256
191
601
14
168
230
496
280
12
549
1071
494
119
364
806
9
640
705
602
120
787
887
7
455
81
256
601
14
168
4105
230
496
280
12
549
1071
928
494
119
364
806
9
640
705
602
120
887
7
455
81
256
575
601
14
168
230
496
280
12
549
3444
1071
494
119
364
806
9
640
705
1631
602
120
887
7
455
81
256
601
14
168
230
496
280
12
549
1071
494
119
125
364
806
9
640
705
602
120
887
7
455
81
256
601
14
168
849
230
496
280
12
549
1389
1071
494
119
364
806
9
640
705
602
120
887
7
1461
455
81
256
601
14
168
230
496
280
12
549
1071
494
1267
119
364
806
9
640
705
2258
602
120
887
7
455
81
256
601
14
168
230
496
280
12
549
2368
1071
494
883
119
364
806
9
640
705
602
120
887
7
455
81
256
601
14
168
230
496
280
12
549
1071
494
119
364
806
9
640
705
602
120
2942
887
7
455
81
256
601
14
168
3520
230
496
280
12
549
1071
494
119
364
806
9
640
705
602
120
887
7
1098
455
81
256
601
14
168
1280
230
496
280
12
549
1071
494
119
364
806
9
640
705
602
120
887
4063
7
455
81
256
609
601
14
168
230
496
280
12
549
1071
494
119
364
806
712
9
640
705
602
120
887
7
455
81
256
601
14
1193
168
230
496
280
12
549
1071
494
119
364
806
9
640
705
602
120
887
7
455
81
256
406
1649
601
14
168
230
910
496
280
12
549
1071
494
119
364
806
9
640
705
2324
602
120
887
7
455
81
256
601
14
168
230
496
280
12
549
1071
494
119
364
806
1554
9
640
705
602
120
2083
887
7
455
81
256
601
14
168
230
496
280
12
549
1294
1071
494
119
364
806
9
640
705
602
120
887
7
455
81
256
601
14
168
230
727
496
280
12
549
1071
494
119
364
806
9
640
705
602
120
887
7
455
81
256
601
14
1966
168
1106
230
496
280
12
549
1071
494
119
407
364
806
9
640
705
602
120
887
7
455
81
256
601
14
2939
168
230
496
280
12
549
1071
494
119
364
806
9
640
705
602
120
887
211
7
455
81
256
601
14
168
230
1652
496
280
12
549
1071
494
119
364
806
1201
9
640
705
602
120
887
2914
7
455
81
256
601
14
168
230
496
280
12
549
2269
1071
494
119
364
806
9
640
705
602
120
887
7
455
81
256
601
14
168
1422
230
496
280
12
549
1071
494
119
364
806
9
640
705
504
602
120
887
7
455
81
256
601
14
452
168
230
724
496
280
12
549
1071
494
119
364
806
9
640
705
602
120
1575
887
7
455
81
256
601
14
168
230
496
280
12
549
1071
494
119
364
806
2476
9
640
705
426
602
120
887
7
455
81
256
601
14
168
230
496
280
12
549
1071
494
119
1737
364
806
9
640
705
2319
602
120
887
7
455
81
256
601
14
168
230
496
280
12
549
1071
494
119
364
806
9
640
705
602
120
887
7
3124
455
81
256
4398
601
14
168
230
496
280
12
549
1071
494
119
364
806
9
640
705
602
120
887
7
455
81
256
601
14
98
168
230
201
496
280
12
549
1801
1071
494
119
364
806
9
640
705
602
120
887
7
455
81
256
1395
601
14
168
230
496
280
12
549
1071
494
119
364
806
9
640
705
602
1891
120
887
7
455
81
256
601
14
168
742
230
1786
496
280
12
549
1071
494
119
364
806
9
640
705
602
120
887
7
455
81
256
1673
601
14
168
230
496
280
12
549
1777
1071
494
119
364
806
9
640
705
995
602
120
887
7
455
81
256
601
14
168
230
496
280
12
549
1071
494
119
364
806
9
640
705
602
120
691
887
7
455
81
256
601
14
168
230
4133
2402
496
280
12
549
1071
494
119
364
806
9
640
705
2994
602
120
887
7
455
81
256
601
14
168
230
496
280
12
549
1071
494
119
364
806
9
640
705
602
120
887
7
455
81
256
3217
601
14
168
3791
230
