68
158
104
99
2011
19
321
299
346
5
198
335
102
8
4
93
742
356
343
3
96
345
307
437
7
438
2151
451
2
3324
68
158
104
99
19
321
299
2383
346
5
198
335
102
8
4
93
2423
742
356
343
3
96
345
307
437
7
2208
438
451
2
1842
68
158
104
99
19
321
299
346
304
5
198
335
1261
102
8
4
93
742
356
343
3
96
345
307
437
7
438
451
2
68
158
104
99
2064
19
321
299
2741
346
5
198
335
102
8
4
93
742
356
343
3
96
345
307
437
7
438
451
2732
2
1219
68
158
104
99
4668
1066
19
321
299
346
5
198
335
102
8
4
93
742
356
343
3
96
345
307
437
7
438
451
2
68
3792
158
104
99
19
321
299
346
5
198
335
2350
102
8
4
93
742
356
343
3
96
345
307
437
7
438
4044
451
2
3050
68
158
104
99
19
321
299
3644
346
5
198
335
102
8
3470
4
93
742
356
343
3
96
345
307
437
7
438
451
2
68
158
104
99
19
321
299
346
2881
5
198
335
102
8
2690
4
93
742
356
343
3
96
345
307
437
7
438
451
2
3075
68
158
104
99
3395
19
321
299
346
5
198
335
102
8
4
93
429
742
356
343
3
96
345
307
437
7
1240
438
451
2
68
158
104
99
3503
19
321
299
346
4013
5
198
335
102
8
4
93
440
742
356
343
3
96
345
307
437
7
438
451
2
68
158
104
99
374
19
321
299
346
5
198
335
102
8
4
93
742
356
343
3
96
345
307
437
7
2281
438
2379
451
2
68
158
104
99
1395
19
321
299
210
346
5
198
335
102
8
4
93
742
356
343
3
96
345
307
437
7
438
451
2
3826
68
158
104
99
19
321
299
2367
346
71
5
198
335
102
8
4
93
742
356
343
3
96
345
307
437
7
2561
438
451
2
68
1728
158
104
99
19
321
299
2114
346
5
198
335
102
8
4
93
742
356
343
3
96
345
307
437
7
3352
438
451
2
68
158
104
99
19
321
299
412
346
5
198
335
102
8
4
93
1868
742
356
343
3
96
345
307
437
7
438
451
2865
2
68
158
104
99
19
321
299
346
5
198
335
102
8
4
93
742
356
343
3
96
345
307
437
7
1409
438
527
451
2
4520
68
158
104
99
19
321
299
346
5
198
335
164
102
8
4
93
742
356
343
3
96
345
307
437
7
368
438
2849
451
2
68
158
104
99
19
321
299
346
4424
5
198
335
3782
102
8
4
93
742
356
343
3
96
345
307
437
7
438
451
2
3826
68
158
104
99
19
321
299
346
3723
1033
5
198
335
3652
102
8
4
93
742
356
343
3
96
345
307
437
7
438
451
2
68
158
104
99
19
321
299
346
5
198
335
1268
102
8
4
93
742
356
343
3
96
345
307
437
7
676
438
1824
451
2
68
158
104
99
19
321
299
346
2045
5
198
335
102
8
4
93
742
356
343
3
96
345
307
437
7
9
438
451
2
4344
68
4419
158
104
99
19
321
299
346
2503
5
198
335
102
8
4
93
742
356
343
3
96
345
307
437
7
2633
438
451
2
68
158
104
99
19
321
299
308
346
3843
444
5
198
335
102
8
4
93
742
356
343
3
96
345
307
437
7
438
451
2
68
158
104
99
19
321
299
346
1904
5
198
335
102
8
4
93
742
356
343
3
96
345
307
437
7
1251
438
3040
451
2
68
158
104
99
3363
19
321
299
346
5
198
335
102
8
1629
4
93
742
356
343
3
96
345
307
437
7
1894
438
451
2
68
158
104
99
1969
19
321
299
346
5
198
335
102
8
4
93
742
356
343
3
96
345
307
437
7
2065
438
451
2
348
68
158
104
99
19
321
299
346
33
5
198
335
102
8
4
93
245
742
356
343
3
96
345
307
437
7
438
451
2710
2
68
158
104
99
298
2937
19
321
299
346
2015
5
198
335
102
8
4
93
742
356
343
3
96
345
307
437
7
438
451
2
68
158
104
99
19
321
299
346
5
198
335
1855
3852
102
8
4
93
742
356
343
3
96
345
307
437
7
438
451
2
4596
3571
68
158
104
99
2874
19
321
299
3659
346
5
198
335
102
8
4
93
742
356
343
3
96
345
307
437
7
438
451
2
68
158
104
99
1907
19
321
299
3361
346
5
198
335
102
8
1970
4
93
742
356
343
3
96
345
307
437
7
438
451
2
68
158
104
99
19
321
299
2109
346
5
198
335
102
8
4
93
742
356
343
3
96
345
307
437
7
1282
438
451
174
2
68
158
104
99
3679
1421
19
321
299
346
5
198
335
102
8
1212
4
93
742
356
343
3
96
345
307
437
7
438
451
2
68
158
104
99
19
321
299
4423
346
5
198
335
102
8
4
93
742
356
343
3
96
345
307
437
7
1745
438
451
2
315
68
158
104
99
3673
19
321
299
346
5
198
335
102
8
225
4
93
742
356
343
3
96
345
307
437
7
438
451
2
1217
68
158
104
99
19
321
299
346
5
198
335
2706
102
8
2638
4
93
742
356
343
3
96
345
307
437
7
3522
438
451
2
1568
290
68
158
104
99
19
321
299
1262
346
5
198
335
102
8
4
93
742
356
343
3
96
345
307
437
7
438
451
2
68
158
104
99
19
321
299
346
882
5
198
335
102
8
4
93
742
356
343
3
96
345
307
437
7
3469
438
1426
451
2
68
158
104
99
19
321
299
165
346
5
198
335
1711
2509
102
8
4
93
742
356
343
3
96
345
307
437
7
438
451
2
68
158
104
99
1604
19
321
299
346
5
198
335
1581
102
8
4
93
742
356
343
3
96
345
307
437
7
609
438
451
2
68
158
104
99
3663
19
321
299
346
5
198
335
327
102
8
4
93
742
356
343
3
96
345
307
437
7
438
451
2
2549
1168
68
158
104
99
2838
3152
19
321
299
346
5
198
335
102
8
4
93
742
356
343
3
96
345
307
437
7
438
451
2
2429
68
158
104
99
19
321
299
346
5
198
335
488
102
8
4
93
742
356
343
3
96
345
307
437
7
2446
438
451
2
68
158
104
99
19
321
299
3785
4653
346
5
198
335
102
8
4
93
742
356
343
3
96
345
307
437
7
438
451
2710
2
68
158
104
99
622
19
321
299
2013
346
5
198
335
102
8
4
93
1594
742
356
343
3
96
345
307
437
7
438
451
2
68
158
104
99
19
321
299
346
239
5
198
335
102
8
4
93
742
356
343
3
96
345
307
437
7
4559
438
1601
451
2
68
158
104
99
1843
19
321
299
2327
346
5
198
335
102
8
4
93
742
356
343
3
96
345
307
437
7
332
438
451
2
68
158
104
99
19
321
299
3189
2135
346
5
198
335
102
8
4
93
742
356
343
3
96
345
307
437
7
1958
438
451
2
68
158
104
99
19
321
299
2072
346
5
198
335
102
8
4
93
742
356
343
3
96
345
307
437
7
1616
438
451
2
1239
68
158
104
99
19
321
299
346
5
198
335
102
8
4
93
742
356
343
3
96
345
307
437
7
438
2923
451
176
1405
2
