577
725
625
1515
605
319
679
2621
4526
614
318
1369
688
184
809
855
2046
1889
105
691
711
1318
1641
81
220
83
709
1237
1523
2102
75
1310
1869
2064
399
608
576
314
715
937
577
725
1515
605
319
679
2621
614
318
1369
688
184
809
855
2046
1889
105
691
2629
1641
81
220
7527
83
6964
709
1237
1523
2102
6518
75
1310
1869
2064
399
608
576
314
715
937
577
725
2257
1515
605
319
679
2621
614
318
1369
688
184
809
855
2046
1889
105
691
1641
81
220
83
7318
709
1237
1523
4283
2102
936
75
1310
1869
2064
399
608
576
314
715
937
577
725
1515
605
319
679
2621
614
318
1369
688
184
809
855
6758
2046
1889
105
691
1641
81
220
9795
83
709
1237
1523
2102
75
1310
1869
2064
399
608
576
314
6831
715
937
4430
7448
577
725
3291
1179
1515
524
605
319
679
2621
614
318
1369
688
184
809
855
2046
1889
105
691
1641
81
220
83
709
1237
1523
2102
75
1310
1869
2064
399
608
576
314
715
937
577
725
1515
605
319
679
2621
2099
614
318
1369
688
184
809
855
2046
1889
105
691
1641
81
220
3449
83
1752
709
1237
1523
2102
6172
75
1310
1869
2064
399
608
576
314
715
937
577
725
9564
1515
605
319
679
2621
4526
614
318
1369
688
184
809
855
2046
1889
105
691
6443
2534
1641
81
220
83
709
1237
1523
2102
75
1310
1869
2064
399
608
576
314
715
937
577
725
1417
1515
2116
605
319
679
2621
614
318
1369
688
184
809
855
2046
1889
105
691
107
1641
81
220
83
709
1237
1523
2102
75
1310
1869
2064
399
608
576
314
7579
715
937
577
725
366
1515
605
319
679
2621
614
318
1369
688
184
809
855
2046
1889
105
691
1641
81
220
258
428
83
709
1237
1523
1977
2102
75
1310
1869
2064
399
608
576
314
715
937
577
725
1515
605
319
679
2621
6698
614
318
1369
688
184
809
855
2046
1889
105
691
1641
81
220
2401
83
4689
3453
709
1237
1523
2102
75
1310
1869
2064
399
608
576
314
715
937
577
725
1515
605
319
679
2621
614
318
1369
688
184
809
855
2046
742
1889
105
691
1641
81
220
7519
83
709
1237
7383
1523
2102
75
1310
1869
2064
7293
399
608
576
314
715
937
577
725
1515
605
319
679
2621
614
318
1369
688
184
809
1606
3485
855
2046
1889
105
691
1641
81
220
1971
83
709
1237
1523
3140
2102
75
1310
1869
2064
399
608
576
314
715
937
577
725
1515
605
319
679
2621
614
318
1369
688
184
809
855
2046
1889
105
691
6674
1641
81
5523
220
83
709
1237
624
1523
4921
2102
75
1310
1869
2064
399
608
576
314
715
937
577
725
388
1515
605
319
679
2621
614
318
1369
688
184
809
855
2046
1889
105
691
5273
1641
81
220
3449
83
709
1237
1523
2102
75
1310
1869
2064
399
608
576
314
268
715
937
577
725
1515
1128
605
319
679
2621
614
318
1369
688
184
809
855
2046
1889
105
691
1641
81
220
1162
83
5199
4893
709
1237
1523
2102
75
1310
1869
2064
399
608
576
314
715
937
577
725
1515
3045
2873
605
319
679
2621
614
318
1369
688
184
809
2189
855
2046
1889
105
691
1641
81
220
1763
83
709
1237
1523
2102
75
1310
1869
2064
399
608
576
314
715
937
577
725
1515
3173
6120
605
319
679
2621
614
318
1369
688
184
809
855
2046
1889
105
691
1641
81
220
83
1752
709
1237
1523
2102
75
1310
1869
2064
399
608
576
314
149
715
937
577
725
1515
605
319
679
2621
614
318
1369
688
184
809
451
3961
855
2046
1889
105
691
1641
81
3121
220
83
2092
709
1237
1523
2102
75
1310
1869
2064
399
608
576
314
715
937
577
725
7544
1515
605
319
679
2621
614
318
1369
688
184
809
855
2046
1889
105
691
3329
1641
81
220
83
3583
709
1237
1523
2102
75
1310
1869
2064
399
608
576
314
4950
715
937
577
725
1515
605
319
679
2621
614
318
1369
688
184
809
855
2046
7262
7248
1889
105
691
1201
1641
81
220
83
3702
709
1237
1523
2102
75
1310
1869
2064
399
608
576
314
715
937
577
725
1515
605
319
679
2621
614
318
1429
1369
688
184
809
855
271
2046
1889
105
691
1641
81
220
8814
83
7511
709
1237
1523
2102
75
1310
1869
2064
399
608
576
314
715
937
577
725
1515
1939
605
319
679
2621
2529
614
318
1369
688
184
809
1576
855
2046
1889
105
691
1641
81
220
83
709
1237
1523
1892
2102
75
1310
1869
2064
399
608
576
314
715
937
577
725
1515
605
319
679
2621
2893
614
318
1369
688
184
809
855
2220
2046
1889
105
691
1641
81
220
83
4942
709
1237
1523
5943
2102
75
1310
1869
2064
399
608
576
314
715
937
577
725
1515
605
319
679
2621
614
318
1369
688
184
809
855
2046
1889
105
691
1641
81
220
83
709
3422
1237
1523
1578
2102
75
1310
1869
2064
399
608
576
314
5541
715
937
5289
577
725
1515
605
319
679
2621
614
318
1369
688
184
809
855
1975
2046
1889
105
691
3395
1641
81
220
83
457
709
1237
1523
2102
75
1310
1869
2064
399
608
576
314
7606
715
937
577
725
892
1515
605
319
679
2621
7945
614
318
1369
688
184
809
855
7172
2046
1889
105
691
1641
81
220
83
709
1237
1523
2102
75
1310
1869
2064
6483
399
608
576
314
715
937
577
725
1515
605
319
679
2621
614
318
1369
688
184
809
855
2046
1889
105
691
4224
1641
81
220
83
3696
709
1237
1523
2209
2102
75
1310
1869
2064
6265
399
608
576
314
715
937
577
725
1515
605
319
679
2621
614
318
1369
688
184
809
855
2046
1889
105
691
3153
1641
81
220
170
4292
83
7253
709
1237
1523
2102
75
1310
1869
2064
399
608
576
314
715
937
577
725
1515
605
319
679
2621
614
318
1369
688
184
809
855
2046
1889
105
691
1641
81
220
4494
83
709
1237
1523
5711
2102
75
1310
1869
2064
5032
399
608
576
314
5425
715
937
577
725
1515
605
319
679
2621
614
318
1369
688
184
809
7710
855
796
2046
1889
105
691
1641
81
220
83
4264
709
1237
3375
1523
2102
75
1310
1869
2064
399
608
576
314
715
937
577
725
1515
605
319
679
2621
614
318
1369
688
184
809
855
2046
1889
105
691
1641
81
220
5010
91
83
4976
709
1237
1523
5760
2102
75
1310
1869
2064
399
608
576
314
715
937
4947
577
725
1515
1800
605
319
679
2621
614
318
1369
688
184
809
855
2046
1889
105
691
1641
81
220
83
5566
709
1237
1523
2102
75
1310
1869
2064
399
608
576
314
1459
715
937
577
725
7122
1515
605
5542
319
679
2621
614
318
1369
688
184
809
3193
855
2046
1889
105
691
677
1641
81
220
83
709
1237
1523
2102
75
1310
1869
2064
399
608
576
314
715
937
577
725
3138
6087
1515
605
319
679
2621
614
318
3835
1369
688
184
809
855
2046
1889
105
691
1641
81
220
3644
83
709
1237
1523
2102
75
1310
1869
2064
399
608
576
314
715
937
577
725
1515
605
5275
319
679
2621
614
318
1369
688
184
809
855
2046
7262
7746
1889
105
691
3515
1641
81
220
83
709
1237
1523
2102
75
1310
1869
2064
399
608
576
314
715
937
577
725
1515
605
319
679
2621
614
318
1369
688
184
809
855
2046
1889
105
691
1641
81
220
83
709
1237
6568
2001
1523
4828
2102
75
1310
1869
2064
2447
399
608
576
314
715
937
577
725
1515
605
319
679
2621
614
318
1369
688
184
809
855
2046
1889
105
691
1641
81
220
3769
83
709
2699
1237
5378
7227
1523
2102
75
1310
1869
2064
399
608
576
314
715
937
577
725
1515
605
319
679
2621
1555
614
318
1369
688
184
809
855
2046
1889
105
691
1641
81
220
83
709
1237
1523
1136
2102
75
1310
1869
2064
678
399
608
576
314
1026
715
937
577
725
1515
605
319
679
2621
2005
614
318
144
1369
688
184
809
855
2046
1889
105
691
1641
81
5511
220
3706
83
709
1237
1523
2102
75
1310
1869
2064
399
608
576
314
715
937
577
725
4460
1515
605
319
679
2621
614
318
1369
688
184
809
3259
855
2046
1889
105
691
1641
81
220
83
709
1237
6212
1523
7441
2102
75
1310
1869
2064
399
608
576
314
715
937
577
725
1515
605
319
679
2621
614
318
1369
688
184
809
855
2046
1889
105
691
2040
1641
81
220
83
1196
709
1237
1523
2102
75
1310
1869
2064
1500
399
608
576
314
8055
715
937
577
725
1515
605
8011
319
679
2621
1854
614
318
1369
688
184
809
855
2046
3411
1889
105
691
1641
81
220
83
709
1237
306
1523
2102
75
1310
1869
2064
399
608
576
314
715
937
577
725
3031
1515
605
319
679
2621
614
318
1369
688
184
809
855
2046
1889
105
691
4480
2418
8
1641
81
220
83
709
1237
1523
2102
75
1310
1869
2064
399
608
576
314
715
937
577
725
1515
605
319
679
2621
614
318
1369
688
184
809
690
855
5661
2046
1889
105
691
1641
81
220
83
1820
709
1237
1523
5608
2102
75
1310
1869
2064
399
608
576
314
715
937
577
725
1515
605
319
679
2621
614
318
1369
688
184
809
1727
855
2046
1889
105
691
42
1641
81
4352
220
83
582
709
1237
1523
2102
75
1310
1869
2064
399
608
576
314
715
937
2740
577
725
1515
605
319
679
2621
614
318
1369
688
184
809
855
2046
1889
105
691
1641
81
220
83
709
1237
1523
2102
75
1310
1869
2064
172
399
608
576
314
3368
715
937
3512
577
725
1515
3987
605
319
679
2621
614
318
1369
688
184
809
5548
855
2046
1889
105
691
1641
81
220
83
4781
709
1237
1523
2102
75
1310
1869
2064
399
608
576
314
774
715
937
577
725
1515
605
319
679
2621
614
318
3489
1369
688
184
809
855
2046
1889
105
691
3313
1641
81
220
83
1628
709
1237
1523
2102
75
1310
1869
2064
399
608
576
314
4985
715
937
577
725
3158
1515
605
319
679
2621
614
318
1369
688
184
809
855
1795
2046
1889
105
691
1641
81
220
83
709
3692
1237
1523
2102
75
1310
1869
2064
399
608
576
314
6831
715
937
577
725
4285
1515
605
319
679
2621
614
318
1369
688
184
809
855
3053
2046
1889
105
691
1641
81
220
83
709
1237
1523
2102
75
1310
1869
2064
399
608
576
314
715
937
8661
2071
