180
1217
243
7
1018
607
1044
1964
1344
224
182
925
349
65
188
1291
98
1036
1436
237
1931
996
607
13
240
1957
48
871
1045
1953
2146
1034
41
3153
1443
1039
1344
996
1961
21
32
86
1443
925
172
180
1965
1038
1963
1436
24
1169
756
89
2086
26
1947
451
10
28
872
85
239
19
451
756
44
1291
3526
348
87
3526
355
224
1963
3153
1569
220
348
239
31
88
1008
2014
1
451
24
1018
240
224
1029
98
60
240
1021
1964
348
351
224
875
749
180
26
225
59
757
8
46
520
1436
28
182
787
48
239
876
1430
2146
1003
90
1569
1957
1432
44
31
995
607
349
348
1291
86
1217
1961
347
1291
231
1433
2146
3526
37
1432
182
1291
1989
1570
51
771
224
355
872
1169
223
1434
756
1569
1431
220
227
2012
54
520
1291
1582
1045
2146
607
180
995
3526
875
1574
1569
3153
5
28
14
1433
1953
84
2620
863
96
872
451
8
356
3153
1430
48
59
119
1021
2014
2086
57
1291
170
180
33
1044
756
228
749
1574
873
871
1036
93
169
60
2086
996
872
876
85
57
757
347
14
243
28
756
19
1570
224
174
26
2146
240
925
864
96
1044
1963
237
1045
2146
44
28
182
13
1570
119
14
181
1018
1012
1344
1233
348
172
12
239
355
347
1021
65
1964
925
228
220
181
1961
1574
93
451
40
65
868
188
757
1432
1963
240
612
65
1217
84
183
96
868
170
7
612
756
65
24
48
2077
1432
181
46
1964
1931
57
1012
119
1434
49
182
232
1045
863
237
1963
41
867
875
1568
1233
349
223
183
57
59
42
2012
220
191
54
1461
866
872
2014
219
1574
188
32
351
1957
222
231
219
996
88
233
451
1036
3153
925
1021
1964
63
44
225
89
863
757
866
2012
20
995
2014
228
1989
42
89
1963
169
1034
44
46
871
1434
60
239
235
183
1983
1430
96
1044
1461
221
872
173
169
8
225
1018
2620
169
23
347
21
1433
863
349
2065
46
170
1961
13
864
181
173
95
65
85
182
176
1826
1344
1461
749
239
10
1044
2086
220
12
41
1291
87
170
1947
1574
351
31
10
872
183
995
1461
95
191
2107
1963
2077
12
48
1569
14
40
1582
33
10
219
871
96
2086
520
249
1432
1291
349
756
224
1045
1233
1436
96
227
24
180
1434
1983
19
232
875
1963
63
243
876
873
864
5
10
188
3526
98
1961
757
31
2065
1963
1989
232
16
873
1433
1038
1363
351
3153
181
1961
24
21
60
866
1233
37
1430
225
864
5
1363
239
1461
