243
70
59
73
963
54
183
169
582
165
78
682
906
80
187
56
665
85
79
135
885
582
80
889
186
68
1123
242
57
184
248
666
385
86
582
74
212
305
599
889
582
187
149
668
74
61
186
963
426
141
268
428
219
585
51
56
54
186
170
61
391
429
582
71
894
169
175
312
385
75
183
51
585
135
79
312
668
667
682
68
667
73
134
666
268
881
85
668
169
219
135
139
1
667
137
78
599
305
385
666
60
219
62
260
137
312
55
894
183
80
599
61
896
665
52
666
243
62
906
68
75
141
441
170
218
175
429
72
585
212
139
175
171
585
428
478
137
429
665
59
251
134
52
75
429
889
667
78
80
665
666
682
170
432
894
441
963
681
54
152
60
906
889
432
312
70
682
78
183
585
428
61
186
681
149
585
51
57
86
171
72
243
881
906
75
164
152
260
141
186
582
432
69
305
59
78
428
68
51
74
889
75
79
243
1
885
56
68
80
62
86
906
171
242
667
268
894
80
478
432
75
268
164
86
73
665
169
894
681
432
251
52
184
137
71
60
78
141
667
134
432
428
135
57
478
134
251
219
74
62
141
385
56
149
668
963
889
585
85
1123
896
73
75
85
384
86
268
59
187
212
963
169
183
599
665
56
428
72
81
74
385
429
894
224
59
184
164
85
134
218
428
384
165
219
251
51
432
70
141
55
171
429
219
78
80
68
666
896
668
260
599
139
224
80
896
219
432
429
251
57
251
268
881
183
152
212
441
384
135
682
219
1
218
391
251
80
894
81
1123
169
599
218
428
57
391
248
385
224
134
152
164
426
881
51
385
896
81
57
906
134
212
171
268
432
81
666
248
69
186
79
312
62
51
667
134
139
885
170
78
384
218
141
75
137
165
1
219
906
441
1123
56
391
134
432
889
186
582
312
666
79
56
894
224
169
242
251
212
682
429
149
72
391
224
70
81
668
218
268
599
441
69
385
171
889
667
183
963
81
137
885
72
86
68
243
441
62
135
896
51
305
889
79
243
86
85
312
665
1123
1
478
165
599
212
1123
429
51
667
1
57
385
72
889
667
243
52
183
681
881
70
134
1
70
881
441
171
224
85
170
59
54
666
54
81
79
885
152
86
61
582
312
170
134
242
165
391
56
135
212
61
1123
