194
504
209
432
877
26
206
205
807
1778
742
440
2393
2305
889
1754
205
751
885
825
799
237
1707
620
902
2143
858
806
887
99
796
812
611
1314
65
993
610
1757
205
204
1525
439
514
882
2348
623
879
3075
2768
2812
624
800
205
1641
616
3479
2525
1882
368
197
803
1208
1558
2812
1296
3646
501
877
836
190
1889
906
371
39
837
455
204
792
438
723
1060
2250
563
522
2778
620
530
860
372
1990
694
636
1920
44
93
1868
194
868
714
812
2522
875
692
514
372
26
1709
843
145
432
2778
435
2056
292
26
1208
906
625
811
877
2110
439
35
455
2171
438
2174
718
1868
1554
860
751
1300
292
509
879
819
993
837
895
26
854
561
180
1707
1300
884
1296
2397
2778
205
661
438
693
1208
906
720
1889
884
1394
1525
615
292
508
446
435
369
237
206
2088
2084
119
505
565
541
946
624
432
1128
9
26
2476
2179
818
875
891
694
937
2152
440
8
1423
968
882
612
2139
1920
190
798
1521
35
885
527
109
1989
1998
1872
658
860
195
871
529
623
2763
35
734
1933
119
610
823
696
1872
1571
819
2143
438
99
70
524
1778
609
817
750
1991
499
801
718
625
1554
194
811
2321
712
714
1757
180
292
501
1022
742
1086
911
620
946
67
2139
2163
856
1128
1994
740
696
639
371
26
1314
812
439
132
206
924
858
733
884
848
1086
2305
132
846
109
1866
716
800
1964
812
750
860
824
712
613
190
2814
1682
2096
1757
843
828
869
446
2145
2171
368
837
8
825
2321
993
2166
9
1637
452
746
1520
815
565
857
440
1554
207
44
727
968
1063
1754
809
368
438
827
868
2397
2024
716
1889
504
1086
876
72
44
197
798
67
372
1128
2147
819
4
870
499
712
1398
902
615
530
2003
205
1709
145
873
522
2250
2003
711
2483
625
369
846
710
626
615
848
1554
1118
820
39
614
372
1887
730
796
708
616
807
895
195
868
626
292
1060
625
370
145
1754
505
612
1691
205
1168
730
527
832
831
1022
870
1198
1757
508
47
2085
39
636
1521
198
195
1933
99
522
902
2348
2397
871
1126
370
624
3143
2084
372
605
968
904
825
882
740
372
884
2522
1521
607
72
902
2655
2110
801
708
825
370
2812
836
811
2525
887
1887
799
1087
2015
2523
507
207
663
887
831
708
807
942
5
695
1886
2476
887
907
2348
937
2525
757
877
3479
527
2179
840
605
296
732
616
237
180
615
1128
2096
806
959
606
624
820
946
2163
1558
695
2773
843
372
620
