61
3
10
223
4
12
222
13
8
170
10
12
3
222
4
223
61
8
170
13
222
8
170
10
61
223
4
3
13
12
13
170
222
10
223
61
12
3
8
4
170
8
13
12
222
223
3
10
61
4
13
12
223
170
3
222
4
61
8
10
222
170
12
3
223
61
8
10
13
4
61
12
10
222
8
170
4
223
13
3
10
13
12
61
223
4
222
8
170
3
3
8
4
170
61
222
10
12
13
223
10
13
61
8
4
3
223
170
222
12
170
12
10
223
222
3
13
61
4
8
170
8
3
10
223
61
13
222
12
4
223
10
170
61
8
3
12
13
4
222
61
13
8
222
4
3
12
170
10
223
12
222
3
10
13
223
170
8
4
61
8
13
170
222
12
61
223
3
4
10
12
13
4
222
223
170
61
8
10
3
222
3
170
13
61
4
10
8
12
223
223
10
61
4
12
8
13
222
3
170
170
12
13
61
8
10
223
3
4
222
61
223
12
10
170
13
8
4
222
3
4
8
170
10
3
223
12
222
61
13
12
61
4
222
10
223
13
3
170
8
13
3
10
222
12
4
223
8
61
170
12
13
4
61
10
3
8
223
222
170
13
61
170
10
222
8
223
4
3
12
61
12
8
223
10
222
13
4
170
3
222
12
3
8
4
170
223
13
61
10
222
61
10
4
12
170
8
223
3
13
4
170
61
222
12
223
10
8
3
13
222
13
170
8
3
12
61
10
223
4
13
3
61
10
170
4
223
8
222
12
12
222
13
10
3
61
8
170
4
223
222
8
3
61
12
13
10
170
223
4
10
222
8
12
170
61
13
3
223
4
12
13
170
222
61
3
8
223
10
4
61
170
223
3
4
10
13
8
12
222
3
10
222
61
8
223
13
4
170
12
4
3
10
223
8
170
61
12
13
222
170
8
3
12
222
4
10
13
61
223
4
3
222
10
223
61
170
8
12
13
170
3
10
12
4
8
223
61
222
13
12
170
223
222
8
13
61
4
10
3
13
3
170
12
8
61
222
4
223
10
222
3
8
61
223
4
10
12
13
170
4
13
10
170
222
12
3
8
223
61
223
13
10
4
170
12
222
3
61
8
13
223
61
222
8
12
10
3
170
4
10
13
61
3
4
170
12
8
222
223
