1
15
2
7
215
6
214
69
213
5
59
3
7
93
11
15
2
6
5
8
7
69
201
3
215
230
6
2
67
5
215
3
214
6
58
2
5
15
69
10
11
69
15
1
230
5
214
7
215
201
213
15
69
58
6
59
67
201
5
214
215
11
10
6
2
15
213
8
214
230
67
1
69
6
214
10
201
11
2
213
58
201
213
15
93
214
7
10
230
59
69
58
201
6
1
213
67
2
230
8
201
15
7
215
213
230
8
3
6
1
15
214
93
1
11
3
230
201
10
2
8
58
15
67
214
1
6
215
93
10
215
67
214
11
93
3
5
6
59
213
10
3
2
201
69
230
15
11
8
5
67
7
1
58
11
215
230
201
59
6
201
230
213
69
58
214
15
215
7
6
5
10
93
8
3
215
201
230
1
58
93
8
215
230
7
67
201
2
1
6
11
213
67
215
201
1
214
59
2
3
214
215
8
6
201
93
213
11
3
59
8
2
93
58
214
67
6
10
230
15
215
69
214
93
2
6
10
213
67
8
215
214
93
201
6
69
67
15
7
1
15
93
11
7
2
10
201
5
58
213
214
215
6
5
59
67
10
201
15
1
214
11
5
10
201
7
1
6
93
215
8
230
93
1
58
201
7
213
3
67
59
69
11
230
201
7
58
213
67
93
1
230
7
11
93
58
10
69
201
15
1
7
214
69
2
5
11
230
10
213
230
213
214
215
59
3
7
1
15
93
1
7
2
201
6
213
214
10
67
5
11
7
58
213
10
2
6
1
93
5
8
7
3
2
11
215
58
67
15
213
6
59
11
67
58
5
214
93
230
215
201
3
69
93
10
214
15
11
67
2
213
11
2
214
215
8
93
69
5
201
58
59
7
2
215
201
6
67
11
93
69
10
214
1
15
201
6
11
59
58
201
58
10
59
93
69
8
7
230
213
10
5
69
214
67
230
6
201
2
59
15
214
59
6
1
2
69
11
213
8
67
93
10
201
1
8
5
215
15
214
15
3
6
230
69
2
201
7
1
5
59
215
58
93
8
213
2
230
67
69
215
59
11
10
7
230
58
67
5
213
58
15
11
67
215
3
10
5
214
213
93
5
213
67
214
59
230
201
11
7
67
93
58
59
5
215
15
1
7
11
