113
56
182
80
36
11
54
53
18
75
77
36
53
75
57
115
113
83
80
54
108
115
116
77
57
2
54
182
111
56
57
11
111
17
108
83
75
18
77
2
18
77
111
83
56
57
205
115
17
80
11
2
53
57
75
17
113
111
36
108
116
182
53
2
77
205
115
111
17
54
83
11
116
111
182
2
115
77
80
53
18
115
113
75
182
11
111
56
108
17
56
108
18
75
2
111
113
80
17
53
2
56
80
53
18
83
57
17
116
36
36
113
75
2
57
205
53
111
54
77
77
56
182
36
75
115
80
57
113
17
53
2
116
11
18
57
17
36
113
108
182
75
113
116
111
36
205
57
56
108
111
53
17
80
77
54
11
83
205
113
18
111
36
54
75
80
77
116
11
2
18
115
182
56
54
205
113
80
83
77
17
182
77
205
115
108
111
57
2
80
111
115
80
108
205
54
36
77
116
182
11
18
108
36
111
113
56
57
115
80
80
53
54
111
36
57
77
116
108
182
182
108
115
56
53
116
2
17
75
11
113
80
17
57
11
18
77
2
108
182
2
182
36
77
75
11
56
17
111
116
18
53
182
11
116
113
77
17
75
83
182
36
11
113
108
80
205
116
75
115
18
80
83
75
2
56
115
17
116
53
17
111
116
2
54
75
77
18
115
113
54
11
36
205
115
2
182
80
18
108
75
116
2
205
17
80
108
182
115
111
77
17
83
75
115
11
2
80
53
111
77
113
115
83
53
116
111
205
54
17
108
57
36
80
18
53
56
11
113
75
2
57
113
17
116
182
18
77
75
205
17
108
111
11
116
205
77
18
54
113
18
83
111
56
205
53
108
116
2
182
115
113
108
80
57
53
56
75
182
2
57
36
18
80
54
108
111
75
83
116
57
108
56
205
182
75
18
113
80
17
18
54
116
17
115
113
77
108
83
75
115
36
54
57
80
77
113
205
83
111
18
115
75
11
113
56
54
80
17
108
77
113
11
56
205
53
182
111
2
116
18
2
80
111
108
57
53
116
54
205
80
182
108
57
75
2
83
77
116
54
17
77
56
116
111
36
11
53
57
182
205
108
182
56
57
18
115
2
53
75
77
111
54
113
115
53
18
11
182
75
2
57
80
111
36
11
75
17
18
205
