55
155
206
12
30
259
103
194
126
10
55
155
206
12
30
259
103
194
126
10
55
155
206
12
30
259
103
194
126
10
55
155
206
12
30
259
103
194
126
10
55
155
206
12
30
259
103
194
126
10
55
155
206
12
30
259
103
194
126
10
55
155
206
12
30
259
103
194
126
10
55
155
206
12
30
259
103
194
126
10
55
155
206
12
30
259
103
194
126
10
55
155
206
12
30
259
103
194
126
10
55
155
206
12
30
259
103
194
126
10
55
155
206
12
30
259
103
194
126
10
55
155
206
12
30
259
103
194
126
10
55
155
206
12
30
259
103
194
126
10
55
155
206
12
30
259
103
194
126
10
55
155
206
12
30
259
103
194
126
10
55
155
206
12
30
259
103
194
126
10
55
155
206
12
30
259
103
194
126
10
55
155
206
12
30
259
103
194
126
10
55
155
206
12
30
259
103
194
126
10
55
155
206
12
30
259
103
194
126
10
55
155
206
12
30
259
103
194
126
10
55
155
206
12
30
259
103
194
126
10
55
155
206
12
30
259
103
194
126
10
55
155
206
12
30
259
103
194
126
10
55
155
206
12
30
259
103
194
126
10
55
155
206
12
30
259
103
194
126
10
55
155
206
12
30
259
103
194
126
10
55
155
206
12
30
259
103
194
126
10
55
155
206
12
30
259
103
194
126
10
55
155
206
12
30
259
103
194
126
10
55
155
206
12
30
259
103
194
126
10
55
155
206
12
30
259
103
194
126
10
55
155
206
12
30
259
103
194
126
10
55
155
206
12
30
259
103
194
126
10
55
155
206
12
30
259
103
194
126
10
55
155
206
12
30
259
103
194
126
10
55
155
206
12
30
259
103
194
126
10
55
155
206
12
30
259
103
194
126
10
55
155
206
12
30
259
103
194
126
10
55
155
206
12
30
259
103
194
126
10
55
155
206
12
30
259
103
194
126
10
55
155
206
12
30
259
103
194
126
10
55
155
206
12
30
259
103
194
126
10
55
155
206
12
30
259
103
194
126
10
55
155
206
12
30
259
103
194
126
10
55
155
206
12
30
259
103
194
126
10
55
155
206
12
30
259
103
194
126
10
55
155
206
12
30
259
103
194
126
10
55
155
206
12
30
259
103
194
126
10
