208
137
52
29
132
139
49
86
51
24
208
137
52
29
132
139
49
86
51
24
208
137
52
29
132
139
49
86
51
24
208
137
52
29
132
139
49
86
51
24
208
137
52
29
132
139
49
86
51
24
208
137
52
29
132
139
49
86
51
24
208
137
52
29
132
139
49
86
51
24
208
137
52
29
132
139
49
86
51
24
208
137
52
29
132
139
49
86
51
24
208
137
52
29
132
139
49
86
51
24
208
137
52
29
132
139
49
86
51
24
208
137
52
29
132
139
49
86
51
24
208
137
52
29
132
139
49
86
51
24
208
137
52
29
132
139
49
86
51
24
208
137
52
29
132
139
49
86
51
24
208
137
52
29
132
139
49
86
51
24
208
137
52
29
132
139
49
86
51
24
208
137
52
29
132
139
49
86
51
24
208
137
52
29
132
139
49
86
51
24
208
137
52
29
132
139
49
86
51
24
208
137
52
29
132
139
49
86
51
24
208
137
52
29
132
139
49
86
51
24
208
137
52
29
132
139
49
86
51
24
208
137
52
29
132
139
49
86
51
24
208
137
52
29
132
139
49
86
51
24
208
137
52
29
132
139
49
86
51
24
208
137
52
29
132
139
49
86
51
24
208
137
52
29
132
139
49
86
51
24
208
137
52
29
132
139
49
86
51
24
208
137
52
29
132
139
49
86
51
24
208
137
52
29
132
139
49
86
51
24
208
137
52
29
132
139
49
86
51
24
208
137
52
29
132
139
49
86
51
24
208
137
52
29
132
139
49
86
51
24
208
137
52
29
132
139
49
86
51
24
208
137
52
29
132
139
49
86
51
24
208
137
52
29
132
139
49
86
51
24
208
137
52
29
132
139
49
86
51
24
208
137
52
29
132
139
49
86
51
24
208
137
52
29
132
139
49
86
51
24
208
137
52
29
132
139
49
86
51
24
208
137
52
29
132
139
49
86
51
24
208
137
52
29
132
139
49
86
51
24
208
137
52
29
132
139
49
86
51
24
208
137
52
29
132
139
49
86
51
24
208
137
52
29
132
139
49
86
51
24
208
137
52
29
132
139
49
86
51
24
208
137
52
29
132
139
49
86
51
24
208
137
52
29
132
139
49
86
51
24
208
137
52
29
132
139
49
86
51
24
