6
107
139
109
145
22
163
55
148
23
6
107
139
109
145
22
163
55
148
23
6
107
139
109
145
22
163
55
148
23
6
107
139
109
145
22
163
55
148
23
6
107
139
109
145
22
163
55
148
23
6
107
139
109
145
22
163
55
148
23
6
107
139
109
145
22
163
55
148
23
6
107
139
109
145
22
163
55
148
23
6
107
139
109
145
22
163
55
148
23
6
107
139
109
145
22
163
55
148
23
6
107
139
109
145
22
163
55
148
23
6
107
139
109
145
22
163
55
148
23
6
107
139
109
145
22
163
55
148
23
6
107
139
109
145
22
163
55
148
23
6
107
139
109
145
22
163
55
148
23
6
107
139
109
145
22
163
55
148
23
6
107
139
109
145
22
163
55
148
23
6
107
139
109
145
22
163
55
148
23
6
107
139
109
145
22
163
55
148
23
6
107
139
109
145
22
163
55
148
23
6
107
139
109
145
22
163
55
148
23
6
107
139
109
145
22
163
55
148
23
6
107
139
109
145
22
163
55
148
23
6
107
139
109
145
22
163
55
148
23
6
107
139
109
145
22
163
55
148
23
6
107
139
109
145
22
163
55
148
23
6
107
139
109
145
22
163
55
148
23
6
107
139
109
145
22
163
55
148
23
6
107
139
109
145
22
163
55
148
23
6
107
139
109
145
22
163
55
148
23
6
107
139
109
145
22
163
55
148
23
6
107
139
109
145
22
163
55
148
23
6
107
139
109
145
22
163
55
148
23
6
107
139
109
145
22
163
55
148
23
6
107
139
109
145
22
163
55
148
23
6
107
139
109
145
22
163
55
148
23
6
107
139
109
145
22
163
55
148
23
6
107
139
109
145
22
163
55
148
23
6
107
139
109
145
22
163
55
148
23
6
107
139
109
145
22
163
55
148
23
6
107
139
109
145
22
163
55
148
23
6
107
139
109
145
22
163
55
148
23
6
107
139
109
145
22
163
55
148
23
6
107
139
109
145
22
163
55
148
23
6
107
139
109
145
22
163
55
148
23
6
107
139
109
145
22
163
55
148
23
6
107
139
109
145
22
163
55
148
23
6
107
139
109
145
22
163
55
148
23
6
107
139
109
145
22
163
55
148
23
6
107
139
109
145
22
163
55
148
23
