115
83
112
204
1
73
87
74
38
111
115
83
112
204
1
73
87
74
38
111
115
83
112
204
1
73
87
74
38
111
115
83
112
204
1
73
87
74
38
111
115
83
112
204
1
73
87
74
38
111
115
83
112
204
1
73
87
74
38
111
115
83
112
204
1
73
87
74
38
111
115
83
112
204
1
73
87
74
38
111
115
83
112
204
1
73
87
74
38
111
115
83
112
204
1
73
87
74
38
111
115
83
112
204
1
73
87
74
38
111
115
83
112
204
1
73
87
74
38
111
115
83
112
204
1
73
87
74
38
111
115
83
112
204
1
73
87
74
38
111
115
83
112
204
1
73
87
74
38
111
115
83
112
204
1
73
87
74
38
111
115
83
112
204
1
73
87
74
38
111
115
83
112
204
1
73
87
74
38
111
115
83
112
204
1
73
87
74
38
111
115
83
112
204
1
73
87
74
38
111
115
83
112
204
1
73
87
74
38
111
115
83
112
204
1
73
87
74
38
111
115
83
112
204
1
73
87
74
38
111
115
83
112
204
1
73
87
74
38
111
115
83
112
204
1
73
87
74
38
111
115
83
112
204
1
73
87
74
38
111
115
83
112
204
1
73
87
74
38
111
115
83
112
204
1
73
87
74
38
111
115
83
112
204
1
73
87
74
38
111
115
83
112
204
1
73
87
74
38
111
115
83
112
204
1
73
87
74
38
111
115
83
112
204
1
73
87
74
38
111
115
83
112
204
1
73
87
74
38
111
115
83
112
204
1
73
87
74
38
111
115
83
112
204
1
73
87
74
38
111
115
83
112
204
1
73
87
74
38
111
115
83
112
204
1
73
87
74
38
111
115
83
112
204
1
73
87
74
38
111
115
83
112
204
1
73
87
74
38
111
115
83
112
204
1
73
87
74
38
111
115
83
112
204
1
73
87
74
38
111
115
83
112
204
1
73
87
74
38
111
115
83
112
204
1
73
87
74
38
111
115
83
112
204
1
73
87
74
38
111
115
83
112
204
1
73
87
74
38
111
115
83
112
204
1
73
87
74
38
111
115
83
112
204
1
73
87
74
38
111
115
83
112
204
1
73
87
74
38
111
115
83
112
204
1
73
87
74
38
111
115
83
112
204
1
73
87
74
38
111
