125
91
1
236
223
168
89
127
4
121
121
168
91
223
127
233
123
89
236
2
1
223
4
127
168
89
236
121
2
6
2
127
1
103
223
4
123
125
121
233
91
223
236
233
2
4
121
103
123
125
123
89
91
2
103
1
233
121
223
127
89
2
1
103
6
127
121
223
233
91
1
121
236
168
91
2
89
103
123
127
1
2
123
233
4
6
168
236
125
91
91
223
123
233
2
121
6
127
89
168
236
123
127
103
91
1
4
168
233
121
236
4
103
125
121
123
233
89
2
223
6
123
91
1
4
103
236
2
168
233
91
89
236
123
223
1
168
121
233
127
4
223
127
236
233
6
89
121
2
125
125
6
168
123
103
4
121
2
89
1
1
2
236
103
89
125
168
4
6
123
91
4
1
233
2
125
127
223
6
236
1
103
89
121
4
91
223
125
233
6
6
168
123
89
125
127
1
233
121
2
121
223
127
4
168
2
6
236
91
233
127
121
103
6
123
233
4
89
223
1
2
233
125
89
6
168
127
123
4
103
6
168
2
233
223
89
236
4
127
1
2
1
121
233
236
168
4
89
123
6
121
233
91
236
223
125
4
123
2
168
125
6
89
2
4
223
91
233
127
123
103
123
4
168
91
127
6
223
233
121
91
103
123
6
233
223
125
4
2
127
236
168
103
123
1
121
125
2
91
89
223
2
123
127
233
168
1
4
125
91
91
2
168
127
123
233
4
103
125
236
6
89
127
223
2
123
1
125
233
103
6
91
236
168
223
123
127
233
2
103
236
6
2
223
89
233
127
103
121
168
236
233
121
4
91
123
2
125
223
103
168
236
89
123
233
1
127
121
91
6
168
89
6
103
123
127
236
2
1
233
91
168
121
6
1
223
123
127
233
89
89
127
223
91
1
236
168
4
2
125
236
91
1
4
123
233
168
125
2
127
236
6
125
233
127
223
168
121
4
91
223
6
233
91
127
125
103
123
236
89
125
236
2
121
89
1
91
127
123
6
123
1
125
91
2
6
168
4
233
127
168
223
121
89
4
123
103
233
236
2
89
125
2
121
1
233
123
103
168
4
2
236
223
121
123
1
233
103
127
168
1
4
125
236
91
123
6
168
223
127
233
127
103
4
125
89
123
121
223
236
