71
24
65
154
170
53
59
5
54
60
53
48
65
63
60
154
22
24
71
47
65
71
63
154
53
24
5
48
47
22
63
65
53
59
71
5
68
48
24
170
71
170
65
5
60
47
59
48
68
22
154
48
22
68
59
71
170
24
54
65
54
5
53
154
22
65
63
71
47
60
63
5
54
60
48
170
59
154
68
47
5
170
71
48
154
24
47
60
65
53
60
53
22
48
154
54
68
59
65
71
68
47
170
22
63
154
53
71
54
59
170
47
24
54
53
65
59
60
68
48
59
71
63
68
53
60
65
48
5
47
60
65
68
24
47
22
59
154
5
54
71
22
48
154
68
60
63
47
53
59
5
170
63
68
22
53
154
48
24
71
22
65
53
54
5
63
59
71
154
170
71
154
170
22
59
65
48
68
47
54
63
60
24
59
53
54
170
71
48
47
59
170
71
53
63
24
60
22
154
48
22
63
170
71
154
54
68
24
5
47
65
71
47
5
54
68
154
170
60
24
53
68
5
48
170
154
65
71
63
24
54
59
24
60
71
53
47
170
63
154
154
60
59
22
47
71
68
63
48
170
53
63
68
22
59
170
47
154
71
60
24
53
154
54
65
22
47
59
60
68
68
154
24
65
71
59
170
47
53
60
22
60
63
65
68
170
47
59
48
53
48
53
170
60
47
22
24
65
68
59
48
59
71
47
54
24
63
5
65
53
170
71
65
68
53
47
59
54
63
24
59
154
63
60
54
71
170
65
68
53
5
59
53
154
71
63
22
48
65
47
48
54
60
63
71
53
154
22
24
170
5
47
71
60
22
53
68
63
54
48
54
170
5
24
22
71
154
65
48
63
59
71
53
48
24
65
63
170
54
68
154
22
59
170
63
47
5
24
68
53
68
24
60
54
47
59
5
63
65
53
48
154
47
65
54
60
22
68
59
170
24
63
47
60
48
5
59
170
53
68
170
65
48
63
5
53
59
60
24
154
53
68
59
154
54
48
47
170
5
22
63
59
68
60
47
24
5
54
154
53
170
48
63
5
71
47
154
54
65
53
60
47
154
53
48
63
71
24
54
59
65
22
59
5
47
54
63
170
48
53
54
170
154
22
63
5
68
65
53
60
53
63
5
68
47
22
65
48
59
154
