128
62
92
53
44
30
60
122
7
106
128
62
92
53
44
30
60
122
7
106
128
62
92
53
44
30
60
122
7
106
128
62
92
53
44
30
60
122
7
106
128
62
92
53
44
30
60
122
7
106
128
62
92
53
44
30
60
122
7
106
128
62
92
53
44
30
60
122
7
106
128
62
92
53
44
30
60
122
7
106
128
62
92
53
44
30
60
122
7
106
128
62
92
53
44
30
60
122
7
106
128
62
92
53
44
30
60
122
7
106
128
62
92
53
44
30
60
122
7
106
128
62
92
53
44
30
60
122
7
106
128
62
92
53
44
30
60
122
7
106
128
62
92
53
44
30
60
122
7
106
128
62
92
53
44
30
60
122
7
106
128
62
92
53
44
30
60
122
7
106
128
62
92
53
44
30
60
122
7
106
128
62
92
53
44
30
60
122
7
106
128
62
92
53
44
30
60
122
7
106
128
62
92
53
44
30
60
122
7
106
128
62
92
53
44
30
60
122
7
106
128
62
92
53
44
30
60
122
7
106
128
62
92
53
44
30
60
122
7
106
128
62
92
53
44
30
60
122
7
106
128
62
92
53
44
30
60
122
7
106
128
62
92
53
44
30
60
122
7
106
128
62
92
53
44
30
60
122
7
106
128
62
92
53
44
30
60
122
7
106
128
62
92
53
44
30
60
122
7
106
128
62
92
53
44
30
60
122
7
106
128
62
92
53
44
30
60
122
7
106
128
62
92
53
44
30
60
122
7
106
128
62
92
53
44
30
60
122
7
106
128
62
92
53
44
30
60
122
7
106
128
62
92
53
44
30
60
122
7
106
128
62
92
53
44
30
60
122
7
106
128
62
92
53
44
30
60
122
7
106
128
62
92
53
44
30
60
122
7
106
128
62
92
53
44
30
60
122
7
106
128
62
92
53
44
30
60
122
7
106
128
62
92
53
44
30
60
122
7
106
128
62
92
53
44
30
60
122
7
106
128
62
92
53
44
30
60
122
7
106
128
62
92
53
44
30
60
122
7
106
128
62
92
53
44
30
60
122
7
106
128
62
92
53
44
30
60
122
7
106
128
62
92
53
44
30
60
122
7
106
128
62
92
53
44
30
60
122
7
106
128
62
92
53
44
30
60
122
7
106
