497
320
46
481
346
487
309
386
405
420
260
405
483
411
309
487
429
333
127
86
46
320
309
497
483
346
420
446
425
411
333
411
260
425
481
127
386
446
483
320
446
411
346
481
333
425
260
320
429
487
497
346
481
320
260
483
127
46
487
429
446
333
320
420
386
309
405
86
46
483
411
405
386
309
446
260
481
429
86
46
346
411
405
257
309
425
333
429
483
386
386
497
487
483
320
411
257
86
446
420
483
481
127
86
46
257
386
497
411
420
386
497
405
320
429
425
260
483
46
481
429
320
405
127
425
481
86
346
333
386
320
333
411
497
429
405
386
86
260
483
46
127
309
446
320
257
497
425
333
405
483
46
497
429
260
86
425
487
309
481
46
483
481
346
429
127
260
86
487
320
429
487
483
425
346
405
420
127
411
446
86
333
320
46
260
386
483
411
425
446
429
497
346
425
260
333
481
46
405
446
333
483
420
46
260
487
346
320
405
446
309
487
483
481
497
320
429
411
46
405
346
483
260
411
333
320
309
487
446
425
420
260
309
320
483
429
346
497
487
46
257
346
411
309
405
429
483
260
333
127
425
386
309
429
333
481
483
487
405
497
420
320
429
497
127
257
346
260
411
425
309
481
429
127
333
483
320
420
487
425
346
425
320
309
260
333
405
257
127
487
260
420
425
86
481
411
127
405
309
346
481
260
333
425
497
127
386
257
483
446
487
86
257
346
309
481
497
46
446
386
487
127
309
346
386
411
425
481
429
46
260
309
497
429
46
446
333
483
411
320
46
386
425
333
487
420
497
320
481
405
320
127
346
386
481
405
420
487
257
333
487
429
46
483
260
346
425
446
309
386
446
487
46
411
497
405
320
346
127
333
309
487
86
481
333
320
497
46
260
429
497
386
46
346
446
481
333
429
405
411
429
483
446
405
257
333
425
487
46
346
497
481
257
309
425
260
483
487
429
86
346
429
481
487
320
257
386
497
446
46
425
446
333
127
86
405
320
260
386
497
497
411
405
46
127
425
446
481
386
333
320
411
481
86
127
260
386
425
420
257
309
320
497
425
127
483
333
446
386
487
497
487
446
257
425
405
260
420
309
127
411
481
257
320
309
429
346
446
386
420
127
257
405
429
260
411
425
481
386
320
