104
234
143
9
73
58
91
37
27
215
104
234
143
9
73
58
91
37
27
215
104
234
143
9
73
58
91
37
27
215
104
234
143
9
73
58
91
37
27
215
104
234
143
9
73
58
91
37
27
215
104
234
143
9
73
58
91
37
27
215
104
234
143
9
73
58
91
37
27
215
104
234
143
9
73
58
91
37
27
215
104
234
143
9
73
58
91
37
27
215
104
234
143
9
73
58
91
37
27
215
104
234
143
9
73
58
91
37
27
215
104
234
143
9
73
58
91
37
27
215
104
234
143
9
73
58
91
37
27
215
104
234
143
9
73
58
91
37
27
215
104
234
143
9
73
58
91
37
27
215
104
234
143
9
73
58
91
37
27
215
104
234
143
9
73
58
91
37
27
215
104
234
143
9
73
58
91
37
27
215
104
234
143
9
73
58
91
37
27
215
104
234
143
9
73
58
91
37
27
215
104
234
143
9
73
58
91
37
27
215
104
234
143
9
73
58
91
37
27
215
104
234
143
9
73
58
91
37
27
215
104
234
143
9
73
58
91
37
27
215
104
234
143
9
73
58
91
37
27
215
104
234
143
9
73
58
91
37
27
215
104
234
143
9
73
58
91
37
27
215
104
234
143
9
73
58
91
37
27
215
104
234
143
9
73
58
91
37
27
215
104
234
143
9
73
58
91
37
27
215
104
234
143
9
73
58
91
37
27
215
104
234
143
9
73
58
91
37
27
215
104
234
143
9
73
58
91
37
27
215
104
234
143
9
73
58
91
37
27
215
104
234
143
9
73
58
91
37
27
215
104
234
143
9
73
58
91
37
27
215
104
234
143
9
73
58
91
37
27
215
104
234
143
9
73
58
91
37
27
215
104
234
143
9
73
58
91
37
27
215
104
234
143
9
73
58
91
37
27
215
104
234
143
9
73
58
91
37
27
215
104
234
143
9
73
58
91
37
27
215
104
234
143
9
73
58
91
37
27
215
104
234
143
9
73
58
91
37
27
215
104
234
143
9
73
58
91
37
27
215
104
234
143
9
73
58
91
37
27
215
104
234
143
9
73
58
91
37
27
215
104
234
143
9
73
58
91
37
27
215
104
234
143
9
73
58
91
37
27
215
104
234
143
9
73
58
91
37
27
215
