17
182
11
36
116
56
57
18
83
205
36
11
115
53
18
182
116
17
205
113
77
75
113
17
83
115
80
54
182
36
54
83
57
53
56
75
11
113
116
36
53
80
17
77
75
11
113
111
205
115
182
80
111
116
17
75
18
113
2
205
83
17
80
2
56
115
36
108
111
182
53
54
2
111
56
11
17
57
80
36
53
83
11
111
182
75
57
80
113
108
2
111
75
77
108
53
36
57
116
54
205
83
182
113
56
116
2
11
36
77
83
113
57
2
53
54
115
75
116
108
205
18
80
113
56
182
17
115
108
2
36
83
108
2
54
115
53
75
18
111
36
115
57
205
54
108
111
53
75
2
116
53
80
11
18
115
77
54
57
111
75
108
57
17
116
111
77
2
113
18
54
18
2
116
182
108
205
56
83
115
57
205
116
111
56
18
108
115
17
83
75
18
116
54
36
115
205
53
111
11
113
11
83
115
54
182
111
75
80
17
111
57
116
182
17
113
75
108
11
77
56
36
80
54
75
53
17
11
57
108
113
54
18
205
80
2
115
182
108
111
113
56
18
205
182
17
77
111
115
83
108
113
36
2
57
116
75
111
182
80
36
75
83
80
54
56
77
111
57
53
113
205
75
83
116
18
57
53
108
36
17
113
56
36
77
54
53
11
80
2
182
54
80
53
116
113
83
205
36
75
53
115
75
36
56
108
205
182
54
80
57
115
182
56
53
116
83
113
11
108
77
53
11
108
56
57
182
111
116
36
111
83
182
113
116
54
80
56
18
53
116
113
56
57
2
205
75
17
115
54
56
205
54
113
77
53
115
18
80
182
108
36
53
115
77
18
11
2
182
75
83
18
205
17
77
75
116
57
108
182
57
108
116
80
113
2
56
17
54
75
53
36
205
75
54
111
116
77
56
182
2
80
115
77
17
75
57
108
116
83
56
57
205
80
108
115
116
75
18
111
205
53
111
36
182
83
108
17
11
77
80
2
18
36
205
116
77
108
115
83
83
53
18
108
36
56
111
113
75
2
113
2
80
205
56
54
77
17
83
75
75
77
182
116
205
111
17
83
115
56
205
17
77
116
75
182
53
11
57
115
108
80
75
116
56
111
77
36
11
205
17
2
205
108
115
11
75
111
83
77
