11
56
111
182
2
113
80
115
18
52
18
116
108
54
56
83
17
80
115
182
111
116
76
11
17
205
182
83
54
113
115
56
75
2
83
11
57
54
80
116
115
52
111
83
53
57
56
2
54
18
80
57
52
115
17
11
53
76
18
205
182
57
75
76
113
52
108
56
11
54
83
111
75
113
54
11
52
17
80
57
116
111
182
115
11
54
108
113
53
52
108
113
116
115
83
52
18
11
205
57
80
108
11
205
113
83
111
54
52
17
54
113
2
11
57
52
56
17
205
75
54
113
108
205
52
83
17
80
182
76
2
56
205
182
57
53
115
113
76
111
17
54
75
53
18
80
52
182
83
116
18
75
76
54
80
56
83
11
111
108
108
115
52
205
76
53
80
83
182
2
182
80
113
56
17
115
116
53
18
11
113
2
57
53
116
83
182
115
11
76
57
54
75
113
17
76
18
53
111
108
205
57
2
76
182
17
54
83
116
113
11
76
83
18
116
80
53
56
17
2
116
75
53
2
111
76
56
52
17
57
56
111
75
80
17
2
108
53
52
115
17
108
57
182
75
111
116
11
54
80
205
11
18
53
113
115
108
80
2
83
115
2
18
53
108
205
80
113
76
17
57
205
111
2
83
11
75
18
116
182
108
57
75
205
80
113
18
11
56
2
57
52
182
83
113
18
80
111
53
11
52
56
2
83
17
113
182
80
18
76
18
57
17
2
80
111
115
75
56
113
18
56
17
11
113
108
182
116
115
53
76
113
53
11
54
111
57
108
56
52
52
53
113
75
205
116
18
80
182
11
205
116
108
17
182
115
76
56
57
54
17
205
76
52
116
115
18
54
113
80
11
17
75
115
111
205
182
54
18
76
75
57
54
18
2
17
205
11
115
116
80
17
75
53
56
2
116
52
18
111
52
83
75
113
54
108
116
205
11
76
17
111
57
75
11
76
108
182
56
52
11
205
116
76
53
83
2
57
115
54
54
108
205
115
80
17
56
116
18
76
53
56
116
54
11
80
111
83
76
115
18
115
17
11
116
52
53
2
56
57
18
52
116
2
108
113
54
56
83
76
53
54
182
75
80
76
52
111
18
205
75
52
56
76
108
113
116
80
53
83
108
2
53
56
182
76
57
115
83
18
