20
23
25
1
90
75
39
87
77
70
20
23
25
1
90
75
39
87
77
70
20
23
25
1
90
75
39
87
77
70
20
23
25
1
90
75
39
87
77
70
20
23
25
1
90
75
39
87
77
70
20
23
25
1
90
75
39
87
77
70
20
23
25
1
90
75
39
87
77
70
20
23
25
1
90
75
39
87
77
70
20
23
25
1
90
75
39
87
77
70
20
23
25
1
90
75
39
87
77
70
20
23
25
1
90
75
39
87
77
70
20
23
25
1
90
75
39
87
77
70
20
23
25
1
90
75
39
87
77
70
20
23
25
1
90
75
39
87
77
70
20
23
25
1
90
75
39
87
77
70
20
23
25
1
90
75
39
87
77
70
20
23
25
1
90
75
39
87
77
70
20
23
25
1
90
75
39
87
77
70
20
23
25
1
90
75
39
87
77
70
20
23
25
1
90
75
39
87
77
70
20
23
25
1
90
75
39
87
77
70
20
23
25
1
90
75
39
87
77
70
20
23
25
1
90
75
39
87
77
70
20
23
25
1
90
75
39
87
77
70
20
23
25
1
90
75
39
87
77
70
20
23
25
1
90
75
39
87
77
70
20
23
25
1
90
75
39
87
77
70
20
23
25
1
90
75
39
87
77
70
20
23
25
1
90
75
39
87
77
70
20
23
25
1
90
75
39
87
77
70
20
23
25
1
90
75
39
87
77
70
20
23
25
1
90
75
39
87
77
70
20
23
25
1
90
75
39
87
77
70
20
23
25
1
90
75
39
87
77
70
20
23
25
1
90
75
39
87
77
70
20
23
25
1
90
75
39
87
77
70
20
23
25
1
90
75
39
87
77
70
20
23
25
1
90
75
39
87
77
70
20
23
25
1
90
75
39
87
77
70
20
23
25
1
90
75
39
87
77
70
20
23
25
1
90
75
39
87
77
70
20
23
25
1
90
75
39
87
77
70
20
23
25
1
90
75
39
87
77
70
20
23
25
1
90
75
39
87
77
70
20
23
25
1
90
75
39
87
77
70
20
23
25
1
90
75
39
87
77
70
20
23
25
1
90
75
39
87
77
70
20
23
25
1
90
75
39
87
77
70
20
23
25
1
90
75
39
87
77
70
20
23
25
1
90
75
39
87
77
70
