12
222
10
223
4
8
61
170
13
3
12
222
10
223
4
8
61
170
13
3
12
222
10
223
4
8
61
170
13
3
12
222
10
223
4
8
61
170
13
3
12
222
10
223
4
8
61
170
13
3
12
222
10
223
4
8
61
170
13
3
12
222
10
223
4
8
61
170
13
3
12
222
10
223
4
8
61
170
13
3
12
222
10
223
4
8
61
170
13
3
12
222
10
223
4
8
61
170
13
3
12
222
10
223
4
8
61
170
13
3
12
222
10
223
4
8
61
170
13
3
12
222
10
223
4
8
61
170
13
3
12
222
10
223
4
8
61
170
13
3
12
222
10
223
4
8
61
170
13
3
12
222
10
223
4
8
61
170
13
3
12
222
10
223
4
8
61
170
13
3
12
222
10
223
4
8
61
170
13
3
12
222
10
223
4
8
61
170
13
3
12
222
10
223
4
8
61
170
13
3
12
222
10
223
4
8
61
170
13
3
12
222
10
223
4
8
61
170
13
3
12
222
10
223
4
8
61
170
13
3
12
222
10
223
4
8
61
170
13
3
12
222
10
223
4
8
61
170
13
3
12
222
10
223
4
8
61
170
13
3
12
222
10
223
4
8
61
170
13
3
12
222
10
223
4
8
61
170
13
3
12
222
10
223
4
8
61
170
13
3
12
222
10
223
4
8
61
170
13
3
12
222
10
223
4
8
61
170
13
3
12
222
10
223
4
8
61
170
13
3
12
222
10
223
4
8
61
170
13
3
12
222
10
223
4
8
61
170
13
3
12
222
10
223
4
8
61
170
13
3
12
222
10
223
4
8
61
170
13
3
12
222
10
223
4
8
61
170
13
3
12
222
10
223
4
8
61
170
13
3
12
222
10
223
4
8
61
170
13
3
12
222
10
223
4
8
61
170
13
3
12
222
10
223
4
8
61
170
13
3
12
222
10
223
4
8
61
170
13
3
12
222
10
223
4
8
61
170
13
3
12
222
10
223
4
8
61
170
13
3
12
222
10
223
4
8
61
170
13
3
12
222
10
223
4
8
61
170
13
3
12
222
10
223
4
8
61
170
13
3
12
222
10
223
4
8
61
170
13
3
12
222
10
223
4
8
61
170
13
3
12
222
10
223
4
8
61
170
13
3
