6
14
7
32
15
9
32
7
14
11
6
14
7
9
35
15
14
32
11
35
7
35
11
6
23
6
14
32
23
11
15
19
11
23
35
11
9
6
23
7
11
15
32
35
19
32
6
15
11
7
14
11
6
35
15
32
23
14
6
7
15
11
14
35
32
19
23
9
7
35
19
14
15
23
6
35
32
19
14
7
9
11
23
7
32
11
23
9
14
19
35
15
14
9
6
6
11
9
19
23
11
9
32
35
15
14
23
11
7
6
14
19
9
35
15
35
19
14
9
11
9
15
19
35
23
23
19
32
9
35
9
14
23
15
11
23
32
7
14
19
11
15
9
7
19
35
19
23
15
6
35
14
9
6
32
32
14
19
35
11
14
7
19
6
23
35
19
32
9
11
32
9
11
14
35
7
14
6
15
9
7
35
15
14
19
6
9
7
35
19
9
19
32
15
35
32
6
23
35
19
9
6
15
32
7
14
6
19
9
11
19
35
23
6
11
35
32
7
9
15
35
11
15
9
14
11
6
23
14
15
14
23
11
32
9
23
14
19
35
9
19
32
35
6
11
7
6
32
11
23
