2
23
22
1
12
6
1
23
31
22
23
21
31
2
12
6
23
31
2
3
3
22
24
23
12
23
31
22
1
6
1
24
21
22
23
31
6
3
2
21
24
2
1
23
12
6
23
31
3
21
24
21
3
6
22
21
6
1
3
22
1
6
3
21
31
21
3
23
1
31
2
23
24
31
6
21
22
2
24
3
24
22
23
12
1
6
24
3
2
21
23
3
1
12
22
21
2
24
31
23
6
31
21
1
22
1
23
24
21
3
1
21
3
2
22
22
24
12
1
2
1
3
21
23
12
3
22
2
31
23
3
22
2
23
1
1
23
6
2
22
23
1
12
31
6
24
1
22
2
23
2
24
12
31
21
3
1
2
6
22
6
23
24
12
21
6
21
1
23
31
22
23
1
12
21
24
1
3
23
31
3
6
2
22
12
12
1
3
21
31
12
3
6
1
23
3
23
22
1
12
6
21
3
2
12
3
6
21
22
23
6
21
24
22
3
24
12
2
22
21
23
31
21
1
24
12
23
21
2
24
3
23
2
12
31
31
23
6
2
12
24
22
2
31
23
1
31
24
22
2
