13
11
21
30
12
51
21
11
39
24
51
12
23
30
21
11
30
39
12
23
51
24
43
11
21
11
21
13
43
24
13
39
12
11
30
13
30
39
43
23
24
12
39
30
11
11
12
23
21
30
12
39
43
21
51
12
43
39
21
30
30
11
43
39
21
13
43
24
23
51
21
12
11
39
13
13
39
43
12
21
23
43
30
12
24
39
12
43
11
23
39
23
51
43
24
12
51
21
13
23
30
23
43
13
51
24
23
30
51
21
43
30
12
21
11
51
30
11
23
24
51
13
21
30
12
24
12
13
39
21
21
24
11
13
51
30
12
21
43
24
12
30
23
51
24
24
23
21
39
12
12
13
51
11
24
21
24
11
13
39
23
11
30
12
13
43
24
21
30
39
30
12
21
23
43
24
51
21
12
23
23
51
13
21
11
12
21
30
24
43
21
39
11
13
51
24
39
21
51
43
11
23
39
43
21
13
21
12
24
51
39
24
11
43
21
23
43
21
30
11
13
23
11
12
51
11
51
21
13
23
11
23
30
12
21
43
21
51
24
11
13
24
39
21
11
43
51
24
12
30
