67
29
23
30
18
67
29
23
30
18
67
29
23
30
18
67
29
23
30
18
67
29
23
30
18
67
29
23
30
18
67
29
23
30
18
67
29
23
30
18
67
29
23
30
18
67
29
23
30
18
67
29
23
30
18
67
29
23
30
18
67
29
23
30
18
67
29
23
30
18
67
29
23
30
18
67
29
23
30
18
67
29
23
30
18
67
29
23
30
18
67
29
23
30
18
67
29
23
30
18
67
29
23
30
18
67
29
23
30
18
67
29
23
30
18
67
29
23
30
18
67
29
23
30
18
67
29
23
30
18
67
29
23
30
18
67
29
23
30
18
67
29
23
30
18
67
29
23
30
18
67
29
23
30
18
67
29
23
30
18
67
29
23
30
18
67
29
23
30
18
67
29
23
30
18
67
29
23
30
18
67
29
23
30
18
67
29
23
30
18
67
29
23
30
18
67
29
23
30
18
67
29
23
30
18
67
29
23
30
18
67
29
23
30
18
67
29
23
30
18
67
29
23
30
18
67
29
23
30
18
67
29
23
30
18
67
29
23
30
18
67
29
23
30
18
67
29
23
30
18
