0
1
35
6
8
8
35
1
4
0
4
2
35
1
8
6
8
1
2
0
1
8
6
2
0
35
2
4
0
1
1
4
6
0
8
2
35
8
1
0
8
35
4
1
6
4
2
1
35
0
2
4
35
6
1
8
35
0
6
2
0
8
35
1
4
0
1
4
8
35
8
0
35
2
6
1
4
2
8
6
0
1
6
8
4
0
4
2
35
1
0
4
8
35
2
1
2
4
6
35
1
2
6
8
4
35
2
1
8
4
0
4
35
6
8
35
8
2
4
0
2
0
1
6
35
1
2
4
6
35
1
4
35
2
6
4
2
35
6
8
1
4
0
6
8
1
0
35
8
4
0
35
1
8
2
0
4
8
6
1
2
35
0
8
4
35
6
0
4
1
4
0
1
2
6
1
4
8
6
0
0
8
1
6
35
1
8
0
6
4
0
6
1
8
4
8
4
1
35
2
4
0
35
1
6
4
0
1
2
35
1
4
8
35
6
0
8
1
2
6
0
1
6
8
35
6
8
1
2
4
4
35
6
0
8
6
35
1
0
2
35
2
1
8
6
2
35
1
4
6
