2
3
1
298
312
274
83
314
310
313
2
3
1
298
312
274
83
314
310
313
2
3
1
298
312
274
83
314
310
313
2
3
1
298
312
274
83
314
310
313
2
3
1
298
312
274
83
314
310
313
2
3
1
298
312
274
83
314
310
313
2
3
1
298
312
274
83
314
310
313
2
3
1
298
312
274
83
314
310
313
2
3
1
298
312
274
83
314
310
313
2
3
1
298
312
274
83
314
310
313
2
3
1
298
312
274
83
314
310
313
2
3
1
298
312
274
83
314
310
313
2
3
1
298
312
274
83
314
310
313
2
3
1
298
312
274
83
314
310
313
2
3
1
298
312
274
83
314
310
313
2
3
1
298
312
274
83
314
310
313
2
3
1
298
312
274
83
314
310
313
2
3
1
298
312
274
83
314
310
313
2
3
1
298
312
274
83
314
310
313
2
3
1
298
312
274
83
314
310
313
2
3
1
298
312
274
83
314
310
313
2
3
1
298
312
274
83
314
310
313
2
3
1
298
312
274
83
314
310
313
2
3
1
298
312
274
83
314
310
313
2
3
1
298
312
274
83
314
310
313
2
3
1
298
312
274
83
314
310
313
2
3
1
298
312
274
83
314
310
313
2
3
1
298
312
274
83
314
310
313
2
3
1
298
312
274
83
314
310
313
2
3
1
298
312
274
83
314
310
313
2
3
1
298
312
274
83
314
310
313
2
3
1
298
312
274
83
314
310
313
2
3
1
298
312
274
83
314
310
313
2
3
1
298
312
274
83
314
310
313
2
3
1
298
312
274
83
314
310
313
2
3
1
298
312
274
83
314
310
313
2
3
1
298
312
274
83
314
310
313
2
3
1
298
312
274
83
314
310
313
2
3
1
298
312
274
83
314
310
313
2
3
1
298
312
274
83
314
310
313
2
3
1
298
312
274
83
314
310
313
2
3
1
298
312
274
83
314
310
313
2
3
1
298
312
274
83
314
310
313
2
3
1
298
312
274
83
314
310
313
2
3
1
298
312
274
83
314
310
313
2
3
1
298
312
274
83
314
310
313
2
3
1
298
312
274
83
314
310
313
2
3
1
298
312
274
83
314
310
313
2
3
1
298
312
274
83
314
310
313
2
3
1
298
312
274
83
314
310
313
