60
90
92
22
110
23
78
82
80
44
77
81
6
21
54
95
189
22
84
82
110
90
43
79
189
84
82
6
95
18
86
96
82
84
83
43
60
76
88
18
80
81
20
21
79
78
73
18
88
6
78
103
44
110
76
92
21
18
91
79
82
43
77
73
103
22
79
83
76
92
88
21
60
80
83
76
96
77
23
82
60
79
44
6
96
90
18
88
20
78
81
95
77
76
84
189
103
91
6
110
95
78
76
23
90
81
88
83
43
20
95
81
73
80
82
83
23
6
18
103
43
90
21
96
44
73
91
80
86
18
54
81
82
96
90
95
88
73
78
103
54
110
73
95
103
84
79
86
23
83
78
92
76
44
77
84
82
73
80
22
103
78
90
88
54
82
96
86
6
189
77
103
60
96
189
82
79
81
95
91
60
91
82
96
80
79
21
73
77
44
43
60
81
76
44
83
23
18
90
92
189
96
78
43
82
6
73
54
77
92
18
54
88
103
23
78
92
21
84
110
20
73
95
21
86
54
77
90
22
60
83
81
95
22
6
82
110
80
76
60
189
90
110
95
6
76
91
86
103
23
81
110
43
44
20
79
23
77
80
54
23
92
80
103
91
6
90
20
83
78
88
76
73
95
6
23
78
92
80
43
81
23
18
44
80
95
54
84
96
90
54
20
18
81
82
96
92
21
189
43
95
44
6
43
76
60
80
90
82
78
21
43
82
88
95
77
83
84
54
23
189
18
79
92
86
21
91
84
83
20
43
86
96
78
44
92
83
76
103
6
82
22
20
21
6
78
81
86
84
90
78
80
22
86
90
88
84
44
43
54
22
84
21
76
78
54
96
95
110
43
82
22
84
44
76
21
86
110
23
78
95
73
54
90
22
6
84
103
91
80
60
18
96
78
54
84
73
77
80
86
84
43
80
21
44
83
90
103
78
81
92
88
60
189
6
21
80
54
23
96
86
110
43
103
6
82
78
60
54
95
6
79
77
23
20
44
60
110
73
43
110
43
73
90
79
76
189
22
91
103
86
91
43
76
77
84
88
23
83
73
77
54
23
95
43
18
189
22
44
76
96
22
80
84
73
21
189
23
78
81
96
84
23
77
20
73
83
60
79
82
77
82
21
86
54
90
78
96
22
80
