192
83
116
90
84
16
79
46
50
109
148
79
85
90
50
135
116
46
128
109
46
192
82
48
81
50
79
16
57
84
16
50
82
90
48
84
85
81
148
116
85
109
83
128
135
82
192
84
81
116
90
50
109
16
192
82
84
128
48
57
48
81
135
52
50
90
116
128
57
83
83
52
57
111
128
48
82
148
135
109
85
90
109
116
52
57
16
135
50
79
135
111
81
148
82
79
48
128
116
50
52
83
16
85
192
81
84
90
111
109
148
16
82
48
90
50
83
52
192
81
85
82
79
111
192
116
46
16
48
83
85
50
109
116
52
128
16
82
148
79
79
82
81
135
128
90
46
109
111
50
85
84
16
90
79
128
50
46
148
135
84
50
81
85
111
46
109
82
16
52
109
84
81
135
111
46
85
50
16
82
81
90
84
135
83
50
128
116
16
192
50
46
16
81
116
79
48
52
128
111
85
52
57
109
82
16
79
48
128
111
128
135
116
79
46
57
90
82
50
85
135
85
82
46
16
90
109
148
79
57
128
83
46
50
16
82
85
52
48
135
57
85
48
46
79
81
128
52
116
192
52
135
84
111
192
90
46
48
81
16
83
109
90
148
48
111
116
82
16
50
111
135
90
148
52
46
82
48
79
16
79
116
128
50
82
81
148
48
52
109
82
48
57
79
83
192
16
81
135
52
85
79
192
148
128
116
16
90
52
57
111
192
82
16
116
57
135
48
52
90
109
52
79
81
82
57
48
111
148
16
109
135
84
82
192
85
111
50
81
83
50
85
90
57
192
109
83
48
148
116
16
135
83
85
79
52
116
57
84
81
81
16
57
79
84
116
83
148
90
109
83
109
85
50
128
148
111
46
52
192
81
116
90
148
84
50
135
83
111
82
52
111
148
90
135
192
46
50
48
16
135
83
111
16
85
116
81
57
84
52
48
90
79
81
116
128
82
57
16
46
128
52
84
50
192
16
116
79
48
111
46
52
57
192
109
16
83
111
135
82
79
84
16
48
50
82
109
57
148
83
109
16
84
192
83
148
128
82
48
116
109
128
50
82
57
90
148
46
83
16
85
135
46
111
128
57
84
90
16
148
46
109
50
48
81
192
128
111
135
85
82
128
57
109
84
46
148
16
85
111
