147
123
4
101
57
119
1
12
67
16
147
123
4
101
57
119
1
12
67
16
147
123
4
101
57
119
1
12
67
16
147
123
4
101
57
119
1
12
67
16
147
123
4
101
57
119
1
12
67
16
147
123
4
101
57
119
1
12
67
16
147
123
4
101
57
119
1
12
67
16
147
123
4
101
57
119
1
12
67
16
147
123
4
101
57
119
1
12
67
16
147
123
4
101
57
119
1
12
67
16
147
123
4
101
57
119
1
12
67
16
147
123
4
101
57
119
1
12
67
16
147
123
4
101
57
119
1
12
67
16
147
123
4
101
57
119
1
12
67
16
147
123
4
101
57
119
1
12
67
16
147
123
4
101
57
119
1
12
67
16
147
123
4
101
57
119
1
12
67
16
147
123
4
101
57
119
1
12
67
16
147
123
4
101
57
119
1
12
67
16
147
123
4
101
57
119
1
12
67
16
147
123
4
101
57
119
1
12
67
16
147
123
4
101
57
119
1
12
67
16
147
123
4
101
57
119
1
12
67
16
147
123
4
101
57
119
1
12
67
16
147
123
4
101
57
119
1
12
67
16
147
123
4
101
57
119
1
12
67
16
147
123
4
101
57
119
1
12
67
16
147
123
4
101
57
119
1
12
67
16
147
123
4
101
57
119
1
12
67
16
147
123
4
101
57
119
1
12
67
16
147
123
4
101
57
119
1
12
67
16
147
123
4
101
57
119
1
12
67
16
147
123
4
101
57
119
1
12
67
16
147
123
4
101
57
119
1
12
67
16
147
123
4
101
57
119
1
12
67
16
147
123
4
101
57
119
1
12
67
16
147
123
4
101
57
119
1
12
67
16
147
123
4
101
57
119
1
12
67
16
147
123
4
101
57
119
1
12
67
16
147
123
4
101
57
119
1
12
67
16
147
123
4
101
57
119
1
12
67
16
147
123
4
101
57
119
1
12
67
16
147
123
4
101
57
119
1
12
67
16
147
123
4
101
57
119
1
12
67
16
147
123
4
101
57
119
1
12
67
16
147
123
4
101
57
119
1
12
67
16
147
123
4
101
57
119
1
12
67
16
147
123
4
101
57
119
1
12
67
16
147
123
4
101
57
119
1
12
67
16
147
123
4
101
57
119
1
12
67
16
