8
84
88
2
77
121
1
36
126
58
84
33
85
1
36
113
77
88
17
52
8
88
1
119
18
2
52
77
85
113
88
85
126
1
52
50
4
2
35
33
85
36
4
18
121
8
77
126
113
88
58
52
1
126
35
8
88
77
85
4
50
52
113
8
84
17
58
36
126
35
2
113
119
84
77
50
33
4
8
18
1
77
8
50
4
84
58
119
113
35
85
113
52
8
126
119
35
36
77
58
17
4
8
126
88
2
33
18
58
77
8
85
88
17
36
35
33
119
2
18
36
88
33
2
35
113
18
17
4
50
52
17
2
126
113
1
121
58
84
35
36
85
126
35
119
8
2
33
113
1
121
17
33
77
126
88
4
36
1
8
113
50
8
88
84
52
33
4
126
17
113
58
126
88
85
84
1
52
36
8
4
113
85
77
58
35
88
8
50
2
88
4
18
119
36
33
1
121
113
84
88
17
126
35
85
8
84
18
121
77
17
4
35
126
33
58
84
8
113
77
18
85
4
113
119
50
35
126
77
58
121
58
88
119
18
126
33
4
8
17
35
84
85
33
58
88
52
36
2
113
58
1
88
4
18
8
113
121
17
33
77
121
119
4
88
50
18
33
36
17
58
18
2
88
33
35
52
84
17
126
119
77
2
1
35
18
88
33
4
126
8
84
36
121
18
4
52
85
58
33
33
17
18
58
8
77
84
50
1
121
4
52
18
126
1
119
8
121
88
58
88
4
113
58
52
2
33
8
121
35
2
88
113
8
18
35
77
33
119
84
8
113
58
52
126
2
17
50
18
84
58
121
84
1
77
35
17
33
36
88
8
119
36
84
33
18
113
1
126
35
2
121
85
58
8
18
33
17
119
50
126
1
121
52
2
88
77
84
58
4
113
17
8
126
4
58
1
77
18
35
36
18
121
2
84
77
1
8
88
113
52
77
85
4
58
113
36
18
121
119
18
126
1
113
84
36
33
50
52
8
4
58
8
119
2
33
126
88
85
36
4
77
17
35
84
18
8
88
126
33
88
2
1
119
8
126
77
18
84
33
52
88
58
4
33
121
119
2
84
1
77
8
35
88
52
58
119
2
18
36
52
88
35
18
77
8
85
58
119
2
36
52
33
119
18
1
126
77
88
121
