33
80
1
25
86
25
107
43
109
1
80
86
43
21
107
25
43
107
33
77
107
43
80
109
33
25
77
1
109
21
43
80
25
33
86
33
77
21
80
25
1
25
77
109
86
21
80
25
107
1
77
107
25
109
21
1
107
43
109
80
33
107
1
25
109
33
77
107
86
1
86
21
43
33
107
77
86
43
21
25
86
21
33
43
80
109
86
77
33
43
109
80
1
43
77
109
80
1
33
77
21
109
43
77
1
109
1
107
86
33
1
80
43
107
77
77
25
33
1
21
109
86
33
80
77
33
80
107
43
109
21
1
33
80
43
43
33
107
1
86
80
109
25
43
107
43
77
80
1
33
77
21
80
33
86
109
43
77
107
1
25
1
80
21
33
109
43
86
1
33
21
33
43
109
107
77
109
107
1
86
33
80
1
43
109
80
107
25
86
33
77
80
1
109
33
107
25
21
1
109
86
80
1
43
33
21
43
80
109
107
21
1
25
80
107
43
21
86
1
107
25
33
1
21
86
77
1
109
80
25
109
43
1
21
86
107
33
86
77
43
33
107
1
109
25
1
109
77
33
107
