53
60
42
5
19
20
42
19
5
36
20
60
36
5
30
20
5
30
53
15
19
30
15
49
5
36
53
15
19
20
15
20
49
30
42
49
36
42
5
19
36
15
60
19
49
30
49
5
60
42
30
53
19
36
5
60
19
5
42
49
30
60
42
15
49
60
19
49
36
5
42
5
60
15
49
49
60
15
30
53
15
60
30
49
20
15
20
42
30
60
20
15
19
36
49
30
5
49
20
53
36
49
60
15
20
60
15
30
36
20
49
15
60
30
19
53
19
49
42
20
19
5
60
30
42
49
36
30
42
60
5
49
60
30
36
36
5
19
15
60
36
53
20
42
49
15
36
30
60
5
15
36
19
42
53
42
49
20
30
19
36
53
5
49
20
19
42
60
53
49
19
20
42
36
30
53
19
36
30
42
53
30
15
49
42
49
19
42
60
36
49
19
42
36
15
20
30
19
49
42
60
49
20
42
36
49
42
5
53
36
60
49
20
30
36
20
60
5
36
42
36
20
42
5
19
36
49
30
42
15
42
60
30
49
20
42
19
36
60
30
5
53
60
49
20
60
20
30
5
42
