30
12
6
109
33
8
46
34
27
33
12
33
29
27
6
29
33
11
45
27
34
33
98
29
49
29
109
34
12
30
33
45
11
49
34
29
27
34
46
109
33
12
109
6
29
34
27
30
12
109
30
98
12
27
109
11
7
8
6
49
11
7
98
30
45
6
11
98
12
7
6
29
12
33
98
7
34
49
12
46
45
7
109
46
27
7
6
109
34
98
34
33
49
6
98
98
12
45
11
29
11
33
30
34
29
6
49
98
34
46
46
7
109
30
33
46
109
45
98
8
98
29
30
46
7
11
98
45
8
109
7
12
27
11
29
27
33
34
8
109
7
109
98
6
46
12
27
6
7
45
29
11
46
33
7
46
33
8
49
6
7
34
30
46
6
109
45
7
6
49
109
6
46
8
12
8
98
12
6
27
29
6
33
8
34
33
7
8
45
11
34
12
49
6
29
27
12
29
11
49
34
109
11
49
12
12
45
34
49
30
12
45
34
7
46
98
49
46
11
27
98
12
49
45
109
12
45
8
49
11
12
29
34
33
46
27
109
8
49
34
33
11
98
7
46
30
33
7
45
8
