1
2
18
42
3
1
2
18
42
3
1
2
18
42
3
1
2
18
42
3
1
2
18
42
3
1
2
18
42
3
1
2
18
42
3
1
2
18
42
3
1
2
18
42
3
1
2
18
42
3
1
2
18
42
3
1
2
18
42
3
1
2
18
42
3
1
2
18
42
3
1
2
18
42
3
1
2
18
42
3
1
2
18
42
3
1
2
18
42
3
1
2
18
42
3
1
2
18
42
3
1
2
18
42
3
1
2
18
42
3
1
2
18
42
3
1
2
18
42
3
1
2
18
42
3
1
2
18
42
3
1
2
18
42
3
1
2
18
42
3
1
2
18
42
3
1
2
18
42
3
1
2
18
42
3
1
2
18
42
3
1
2
18
42
3
1
2
18
42
3
1
2
18
42
3
1
2
18
42
3
1
2
18
42
3
1
2
18
42
3
1
2
18
42
3
1
2
18
42
3
1
2
18
42
3
1
2
18
42
3
1
2
18
42
3
1
2
18
42
3
1
2
18
42
3
1
2
18
42
3
1
2
18
42
3
1
2
18
42
3
1
2
18
42
3
1
2
18
42
3
