59
913
315
468
20
412
285
189
298
260
244
27
256
206
407
177
563
149
189
9
193
219
90
68
294
143
187
386
71
145
126
93
33
317
571
20
165
203
215
72
554
217
160
343
412
433
149
110
165
157
121
355
913
387
111
110
180
623
93
305
157
406
4
195
143
441
574
880
251
178
17
130
234
441
217
406
195
43
371
298
173
178
332
106
230
503
214
868
161
244
143
161
193
192
199
88
288
110
217
260
29
315
303
21
298
571
554
458
460
193
8
217
168
130
435
124
288
412
623
93
131
173
10
72
574
214
94
194
278
42
412
20
380
203
571
238
29
868
242
28
563
433
88
571
253
317
490
241
348
244
244
187
52
178
248
560
106
86
5
234
868
29
305
167
49
86
42
180
418
17
93
172
206
177
115
20
948
94
72
554
248
94
157
348
355
253
149
14
86
342
317
407
300
125
173
49
198
124
234
9
260
387
33
574
590
419
16
59
372
136
88
52
242
29
386
62
10
236
130
256
49
189
28
180
251
386
124
21
348
195
49
606
20
136
223
433
192
157
203
214
241
175
42
306
242
218
380
215
99
168
192
28
241
178
125
43
460
218
62
214
110
387
574
28
212
563
355
165
14
167
343
496
99
27
590
253
157
419
198
468
412
215
386
29
152
68
342
236
315
182
136
59
194
666
17
554
406
278
571
441
78
68
242
250
355
167
152
223
294
433
184
192
490
248
412
238
167
868
405
606
315
189
490
49
29
294
93
307
192
260
136
554
203
126
230
251
28
178
496
131
460
913
71
17
192
160
868
410
298
68
8
214
913
206
220
10
180
606
302
307
8
432
405
111
175
248
260
215
342
458
5
20
433
173
93
187
197
4
145
17
285
33
666
21
306
317
175
234
95
560
29
215
488
161
99
45
20
145
88
4
238
79
288
161
411
126
880
168
248
119
145
67
214
223
418
468
433
405
441
168
235
380
179
244
189
180
418
318
242
157
418
318
125
106
194
21
172
412
303
948
250
460
332
149
235
302
172
307
488
8
140
62
111
253
178
93
212
332
407
52
218
10
300
380
242
110
294
223
355
241
317
432
119
4
214
294
418
217
182
384
62
371
435
88
110
5
560
343
145
28
94
175
125
606
52
157
412
343
184
317
