183
497
235
359
121
13
457
194
75
380
156
224
368
166
133
217
757
499
235
218
179
943
152
279
75
197
105
150
410
211
144
20
152
188
117
32
468
139
95
426
136
124
41
251
305
781
379
129
50
555
279
374
379
838
492
341
229
499
13
51
468
274
61
118
380
197
154
64
229
135
220
147
180
497
152
230
116
655
369
21
28
54
198
497
41
166
426
332
369
135
50
52
118
757
359
368
115
82
92
107
227
179
369
153
274
166
169
943
374
123
237
161
169
309
41
188
32
69
38
158
69
422
180
66
230
237
105
71
110
229
197
255
144
341
23
82
757
166
121
254
110
231
7
34
192
555
224
305
84
260
6
161
38
499
217
51
144
781
426
492
51
69
380
773
217
398
188
110
71
757
507
7
149
380
266
134
139
62
144
268
195
279
61
107
404
398
166
92
96
16
183
305
304
76
105
386
209
180
168
152
197
359
34
380
374
76
361
224
173
8
279
195
57
227
219
368
312
117
380
51
237
64
38
304
370
583
943
235
135
136
166
838
254
51
82
150
161
211
499
115
129
33
75
179
262
227
235
118
71
399
170
20
51
943
274
61
198
341
708
66
311
28
115
62
121
41
179
144
153
255
368
13
217
4
71
87
545
380
93
23
241
66
305
118
33
87
9
195
197
146
69
84
168
254
262
507
66
76
129
361
507
136
426
146
144
32
195
170
62
115
237
404
781
309
218
262
62
312
154
76
84
150
7
410
69
220
32
348
8
253
311
499
34
21
96
380
92
169
116
71
52
51
386
38
50
197
341
69
7
368
116
110
422
708
332
497
157
943
82
217
426
166
157
7
150
410
66
146
71
422
838
6
64
349
82
169
66
274
191
386
82
332
154
166
163
398
115
71
197
349
171
492
105
129
398
194
121
84
157
183
6
139
149
583
107
153
150
943
21
152
121
95
368
838
281
3
149
154
123
107
192
229
62
124
211
708
170
166
191
281
943
51
116
368
133
20
436
103
370
180
110
218
84
13
8
20
151
183
224
152
139
266
227
4
262
96
230
157
179
317
268
374
309
66
468
253
161
220
96
153
374
93
231
368
359
75
379
253
6
115
87
195
192
211
655
220
16
38
368
312
231
16
348
139
144
253
294
251
229
311
