49
38
196
98
453
271
247
192
371
37
192
371
142
67
248
39
247
49
37
42
135
248
98
42
39
196
371
37
38
271
247
49
37
42
248
51
142
271
67
98
38
67
135
192
248
196
271
453
51
49
67
146
453
37
135
371
51
192
42
98
39
135
146
453
49
248
196
98
38
189
196
248
49
146
244
247
189
38
371
271
196
189
135
37
453
98
49
38
247
371
146
67
135
192
51
142
38
189
49
196
142
39
135
98
42
189
453
38
371
247
67
271
248
142
135
371
38
192
189
37
67
135
453
192
196
42
39
146
189
247
189
51
38
271
142
39
98
371
192
247
271
39
189
192
135
244
142
37
146
67
142
244
248
247
196
453
271
38
39
98
49
189
135
248
37
371
146
247
51
39
42
39
135
142
189
37
192
98
196
271
67
146
192
37
98
189
49
271
371
39
67
453
371
39
196
248
38
51
247
49
49
453
98
189
51
67
192
244
142
371
98
135
453
49
247
192
39
244
189
51
98
247
67
146
371
37
453
196
39
49
196
39
38
244
67
37
51
271
142
146
271
38
146
192
42
51
248
49
371
98
247
189
142
371
98
67
244
42
135
38
142
196
37
192
135
67
271
98
38
247
453
98
38
248
244
42
49
142
146
192
142
248
42
37
51
135
247
371
271
189
146
42
38
51
196
135
189
37
453
271
271
146
67
49
248
98
244
189
453
142
67
196
244
98
271
39
192
38
146
453
248
49
371
146
192
189
51
37
244
453
42
135
39
38
453
247
67
244
142
49
37
248
49
135
196
192
371
51
189
453
67
142
98
51
196
37
189
271
39
42
37
248
98
49
146
271
135
192
142
196
142
42
49
247
244
196
146
67
37
135
189
248
135
67
271
247
39
371
146
37
271
453
98
49
39
37
189
196
38
248
189
196
453
98
42
39
271
371
146
38
67
196
371
146
189
98
39
51
142
248
135
37
67
49
42
371
142
38
189
51
453
39
98
247
244
51
371
135
38
196
49
244
189
453
38
67
39
42
371
135
453
49
38
247
67
39
244
271
42
371
248
371
67
146
135
142
39
42
49
192
38
371
37
135
248
247
453
244
142
49
371
146
42
135
453
49
244
67
37
192
135
37
371
146
67
39
271
42
38
51
