359
225
87
125
209
111
113
60
166
18
359
225
87
125
209
111
113
60
166
18
359
225
87
125
209
111
113
60
166
18
359
225
87
125
209
111
113
60
166
18
359
225
87
125
209
111
113
60
166
18
359
225
87
125
209
111
113
60
166
18
359
225
87
125
209
111
113
60
166
18
359
225
87
125
209
111
113
60
166
18
359
225
87
125
209
111
113
60
166
18
359
225
87
125
209
111
113
60
166
18
359
225
87
125
209
111
113
60
166
18
359
225
87
125
209
111
113
60
166
18
359
225
87
125
209
111
113
60
166
18
359
225
87
125
209
111
113
60
166
18
359
225
87
125
209
111
113
60
166
18
359
225
87
125
209
111
113
60
166
18
359
225
87
125
209
111
113
60
166
18
359
225
87
125
209
111
113
60
166
18
359
225
87
125
209
111
113
60
166
18
359
225
87
125
209
111
113
60
166
18
359
225
87
125
209
111
113
60
166
18
359
225
87
125
209
111
113
60
166
18
359
225
87
125
209
111
113
60
166
18
359
225
87
125
209
111
113
60
166
18
359
225
87
125
209
111
113
60
166
18
359
225
87
125
209
111
113
60
166
18
359
225
87
125
209
111
113
60
166
18
359
225
87
125
209
111
113
60
166
18
359
225
87
125
209
111
113
60
166
18
359
225
87
125
209
111
113
60
166
18
359
225
87
125
209
111
113
60
166
18
359
225
87
125
209
111
113
60
166
18
359
225
87
125
209
111
113
60
166
18
359
225
87
125
209
111
113
60
166
18
359
225
87
125
209
111
113
60
166
18
359
225
87
125
209
111
113
60
166
18
359
225
87
125
209
111
113
60
166
18
359
225
87
125
209
111
113
60
166
18
359
225
87
125
209
111
113
60
166
18
359
225
87
125
209
111
113
60
166
18
359
225
87
125
209
111
113
60
166
18
359
225
87
125
209
111
113
60
166
18
359
225
87
125
209
111
113
60
166
18
359
225
87
125
209
111
113
60
166
18
359
225
87
125
209
111
113
60
166
18
359
225
87
125
209
111
113
60
166
18
359
225
87
125
209
111
113
60
166
18
359
225
87
125
209
111
113
60
166
18
359
225
87
125
209
111
113
60
166
18
359
225
87
125
209
111
113
60
166
18
