938
187
354
38
261
80
137
131
939
739
938
187
354
38
261
80
137
131
939
739
938
187
354
38
261
80
137
131
939
739
938
187
354
38
261
80
137
131
939
739
938
187
354
38
261
80
137
131
939
739
938
187
354
38
261
80
137
131
939
739
938
187
354
38
261
80
137
131
939
739
938
187
354
38
261
80
137
131
939
739
938
187
354
38
261
80
137
131
939
739
938
187
354
38
261
80
137
131
939
739
938
187
354
38
261
80
137
131
939
739
938
187
354
38
261
80
137
131
939
739
938
187
354
38
261
80
137
131
939
739
938
187
354
38
261
80
137
131
939
739
938
187
354
38
261
80
137
131
939
739
938
187
354
38
261
80
137
131
939
739
938
187
354
38
261
80
137
131
939
739
938
187
354
38
261
80
137
131
939
739
938
187
354
38
261
80
137
131
939
739
938
187
354
38
261
80
137
131
939
739
938
187
354
38
261
80
137
131
939
739
938
187
354
38
261
80
137
131
939
739
938
187
354
38
261
80
137
131
939
739
938
187
354
38
261
80
137
131
939
739
938
187
354
38
261
80
137
131
939
739
938
187
354
38
261
80
137
131
939
739
938
187
354
38
261
80
137
131
939
739
938
187
354
38
261
80
137
131
939
739
938
187
354
38
261
80
137
131
939
739
938
187
354
38
261
80
137
131
939
739
938
187
354
38
261
80
137
131
939
739
938
187
354
38
261
80
137
131
939
739
938
187
354
38
261
80
137
131
939
739
938
187
354
38
261
80
137
131
939
739
938
187
354
38
261
80
137
131
939
739
938
187
354
38
261
80
137
131
939
739
938
187
354
38
261
80
137
131
939
739
938
187
354
38
261
80
137
131
939
739
938
187
354
38
261
80
137
131
939
739
938
187
354
38
261
80
137
131
939
739
938
187
354
38
261
80
137
131
939
739
938
187
354
38
261
80
137
131
939
739
938
187
354
38
261
80
137
131
939
739
938
187
354
38
261
80
137
131
939
739
938
187
354
38
261
80
137
131
939
739
938
187
354
38
261
80
137
131
939
739
938
187
354
38
261
80
137
131
939
739
938
187
354
38
261
80
137
131
939
739
938
187
354
38
261
80
137
131
939
739
938
187
354
38
261
80
137
131
939
739
