125
381
389
61
557
384
456
496
369
405
283
395
285
51
454
181
410
60
188
127
313
422
74
311
294
211
134
179
186
421
456
514
129
1
283
142
244
454
310
156
140
207
188
397
51
178
32
158
41
393
557
180
6
618
295
281
128
163
269
493
294
163
233
426
123
239
494
120
269
23
390
456
254
125
558
284
57
386
443
178
160
246
37
317
394
390
501
159
310
21
369
139
21
304
348
120
51
393
320
310
1
189
281
178
294
283
185
423
382
390
560
410
239
558
131
438
385
58
565
348
211
313
425
134
251
630
269
179
410
135
317
281
170
46
51
456
246
405
285
392
188
514
238
34
385
386
456
319
558
137
378
135
313
181
409
246
385
314
51
157
183
178
137
77
6
565
167
561
454
281
120
426
190
425
393
240
456
158
126
245
156
67
135
510
245
319
186
314
392
369
126
405
34
67
35
133
131
128
160
136
295
251
293
243
443
423
61
244
456
306
23
157
507
183
378
232
283
246
317
425
186
183
58
618
494
234
126
294
244
231
317
57
320
186
239
139
134
490
75
254
34
170
163
454
389
561
78
142
243
245
396
211
501
157
423
397
496
395
57
121
305
67
422
409
514
123
251
34
51
231
243
283
6
134
558
74
293
159
185
136
177
304
425
423
140
207
358
283
394
245
423
22
396
242
75
281
122
358
136
382
142
438
386
48
304
180
409
183
35
41
74
57
254
348
293
185
130
140
41
138
120
182
422
189
492
391
369
131
46
320
561
392
490
188
121
558
2
57
142
389
211
41
179
74
125
183
493
138
127
561
130
32
123
425
3
179
382
189
384
127
510
187
385
410
238
254
67
232
32
188
514
618
246
423
454
161
242
22
405
462
185
317
244
251
135
318
295
492
125
308
384
306
77
244
187
234
492
142
392
378
630
491
558
232
318
426
403
159
490
121
390
456
120
245
405
409
386
425
139
281
134
156
22
6
369
318
618
557
514
67
32
128
242
294
410
381
158
425
233
245
246
167
314
178
57
120
23
80
181
239
386
140
125
502
491
403
158
251
492
409
320
560
308
459
183
382
157
386
422
405
317
285
156
246
304
140
6
207
74
493
139
232
234
394
126
251
492
140
240
131
405
565
5
186
305
37
492
34
283
294
