280
80
26
79
76
22
84
138
708
449
80
222
19
21
178
305
32
219
28
12
272
470
225
164
119
221
200
191
305
18
76
421
178
27
21
166
310
165
272
118
232
23
222
28
272
16
219
32
76
236
453
310
119
316
22
90
708
30
377
236
80
79
421
280
12
89
200
17
22
26
90
223
421
28
305
91
229
89
273
17
219
272
47
342
19
166
76
225
421
26
120
225
78
17
273
30
232
16
577
305
79
453
83
135
272
273
91
164
200
120
229
18
470
138
17
165
24
76
272
200
223
24
166
19
280
91
30
119
79
23
377
32
47
120
305
118
221
470
191
316
89
138
708
221
470
26
272
225
165
16
273
219
23
91
16
165
421
120
280
453
281
78
224
310
191
27
223
272
708
26
135
377
27
90
453
118
80
76
23
166
377
310
49
23
164
273
224
27
79
178
49
118
449
342
305
166
47
470
191
236
305
26
577
49
16
118
221
223
76
78
229
200
236
164
470
22
421
138
84
18
449
280
272
47
22
28
16
12
78
138
78
316
24
22
80
229
164
223
421
305
12
191
47
377
28
91
273
18
19
224
23
118
76
80
79
138
28
272
449
305
16
273
78
28
224
49
225
23
21
80
232
280
79
19
236
273
219
76
221
119
178
232
342
89
200
135
30
24
224
27
21
91
80
24
178
191
119
305
224
18
49
342
310
222
79
273
164
47
30
449
221
89
22
178
310
49
118
708
222
135
28
225
21
280
305
377
120
224
708
342
91
30
18
219
23
272
421
76
449
90
165
119
84
316
80
708
222
30
23
281
316
272
135
222
19
30
166
164
280
229
165
166
23
19
178
83
118
221
281
164
223
219
470
236
24
89
449
421
224
17
24
138
310
224
223
49
26
281
221
273
28
47
223
225
166
224
219
229
27
232
280
18
119
19
80
453
47
191
281
449
377
76
84
165
273
232
224
223
178
470
178
342
17
118
49
26
223
16
120
164
449
470
21
30
221
708
84
236
310
200
76
221
225
305
453
19
27
272
232
30
200
232
24
223
421
310
23
229
17
219
84
377
83
470
120
12
708
118
19
272
453
224
178
200
84
32
12
47
27
219
18
24
219
236
22
91
225
191
224
119
89
224
27
12
118
120
272
377
166
17
