301
50
128
9
331
149
290
117
115
119
50
117
267
53
290
116
115
9
128
19
55
289
301
117
115
331
54
267
50
9
301
128
54
8
382
53
14
115
331
116
301
19
382
14
55
149
128
289
290
116
9
115
331
53
14
117
54
267
116
119
382
116
8
290
149
117
9
53
14
267
119
382
116
8
128
117
53
290
14
19
53
9
128
19
119
116
115
14
331
382
119
14
115
149
382
9
116
8
53
19
50
289
14
54
149
115
331
117
382
119
382
53
267
14
117
149
290
331
55
116
289
54
290
9
119
53
382
301
8
149
50
55
14
301
116
119
128
267
115
54
19
14
8
55
54
382
117
50
331
267
115
116
14
267
301
53
290
331
54
128
54
289
301
8
55
117
382
53
14
149
55
14
382
117
149
128
8
290
267
19
149
331
119
19
53
50
116
290
54
289
128
382
301
267
50
116
289
117
8
149
54
382
290
53
128
149
8
9
116
50
149
289
301
50
53
331
119
128
117
14
290
115
54
50
9
19
53
8
14
267
301
50
331
53
117
267
128
8
149
19
55
53
9
267
117
289
116
331
19
8
115
8
289
331
55
301
54
116
290
19
14
301
128
267
117
115
9
53
331
119
117
149
19
289
50
119
54
382
331
128
267
382
55
149
301
9
290
289
8
19
117
9
289
54
128
301
149
53
55
331
289
116
55
54
50
115
382
14
267
331
290
9
301
267
19
128
14
55
117
331
19
14
289
117
9
8
54
119
149
128
8
117
119
9
149
290
301
128
14
115
54
149
50
115
128
53
117
382
301
119
331
14
54
149
8
53
382
116
289
119
54
290
115
9
119
19
53
50
116
14
50
301
290
289
9
8
267
149
117
55
8
301
267
117
50
289
55
119
14
149
331
14
54
50
290
116
117
115
382
19
50
290
115
267
128
117
53
301
149
8
8
301
331
382
116
19
55
115
117
289
19
55
289
50
54
8
128
331
290
117
128
119
149
54
382
290
55
301
267
9
119
8
55
19
53
54
128
117
301
290
149
289
331
117
290
8
19
382
54
55
128
19
301
119
50
382
55
267
331
149
382
19
8
115
267
117
149
119
14
55
128
14
54
301
53
289
50
290
382
267
19
382
331
50
8
301
115
289
117
128
