425
132
676
1545
1511
1291
23
792
820
756
760
921
801
696
148
127
927
159
704
1297
421
696
749
685
727
959
214
755
881
745
604
930
774
53
781
740
1161
73
1606
316
927
779
125
52
1209
1160
23
705
295
609
695
230
1085
740
849
57
640
128
758
423
708
959
24
684
47
266
16
480
232
1713
849
401
702
606
410
414
369
810
733
314
2130
738
715
1297
231
1277
1155
712
108
1036
697
795
739
159
758
743
979
742
16
1167
54
617
804
59
2322
802
727
758
63
1036
790
611
509
361
230
285
220
311
1167
411
1713
804
1042
810
749
1291
846
425
928
58
2322
468
827
722
2411
249
740
760
759
795
847
129
685
1903
697
196
903
155
1167
1535
796
421
316
639
314
704
811
461
822
694
34
151
794
255
509
285
814
775
1535
56
615
54
1207
612
801
820
608
815
655
3320
801
128
774
171
48
23
1182
708
1287
750
130
733
921
697
1096
148
868
1056
420
817
425
1087
719
701
776
738
532
408
707
15
832
311
326
1291
155
903
285
53
1085
52
783
1168
711
130
1423
1002
1297
1819
1180
1084
749
881
1535
836
640
175
155
701
1341
778
849
152
789
613
255
461
57
811
784
783
806
790
156
612
1397
739
801
663
2346
405
639
739
3320
307
1096
1903
731
868
129
294
269
685
794
311
419
795
780
1123
698
811
1287
73
875
759
749
490
503
158
1511
778
1042
979
931
802
708
796
604
921
1141
727
795
764
931
692
47
1278
844
786
724
695
761
686
163
751
1416
298
875
255
1160
774
421
155
1096
900
214
640
220
1166
792
694
313
685
845
617
686
1087
691
1084
1371
979
1423
487
47
1161
815
155
57
1042
790
876
125
1286
612
733
701
728
173
24
294
1182
791
1003
613
719
24
764
822
1030
789
829
1168
486
406
820
166
1277
836
1096
1190
376
815
1096
1625
138
781
73
461
313
806
704
832
811
365
810
742
155
727
801
612
725
16
755
715
722
832
248
692
1056
807
486
833
790
326
705
900
166
845
724
155
760
171
1819
73
805
1341
801
53
1423
784
1625
1002
125
2079
285
159
742
2160
156
269
361
2006
846
410
749
266
799
1085
694
152
771
1036
155
754
96
1166
704
1511
58
230
903
745
1180
617
774
175
1084
693
2411
300
1397
1545
73
807
829
814
108
770
771
15
375
159
1180
231
811
365
411
640
694
615
731
690
108
778
1189
810
842
307
644
695
796
311
842
1056
1341
612
849
314
1209
408
24
425
163
307
789
361
1964
1980
923
832
779
1123
2006
1397
405
688
1278
693
51
827
1087
1333
1384
421
903
490
979
158
361
749
832
786
412
604
779
138
367
708
1190
56
744
220
1277
163
156
414
725
881
783
742
761
694
744
770
412
162
2081
513
775
423
1297
959
1390
810
53
725
802
738
764
175
746
815
703
248
697
931
783
1277
772
612
1903
1341
663
52
2160
162
156
617
1155
828
1535
881
785
760
1511
300
127
1291
367
692
771
758
810
819
2322
1384
249
422
708
845
2006
786
367
719
748
881
774
776
755
314
814
543
1291
743
1189
232
775
405
833
148
722
738
704
703
196
778
699
487
776
1182
847
1096
220
640
1423
804
780
195
1371
720
752
307
132
731
1093
608
820
693
1341
175
748
57
370
155
214
419
787
1397
295
688
1155
704
744
311
425
781
794
608
249
128
195
836
365
742
2322
73
1003
65
1030
1278
615
73
401
58
742
606
676
740
847
480
148
1161
719
806
655
705
720
1964
846
2411
487
1123
1055
1172
787
1093
751
781
713
410
1713
195
604
423
1082
643
784
923
162
1160
52
791
740
127
615
1705
784
1964
2322
1168
63
613
810
214
814
693
639
231
173
369
1333
532
931
786
805
802
47
783
130
1346
712
402
845
697
692
401
639
1189
58
414
1093
703
1805
606
847
73
843
811
790
706
300
776
903
727
285
425
175
411
311
742
723
799
15
1819
24
2130
644
96
688
1180
655
2322
1052
1168
151
720
66
697
740
158
749
639
993
295
51
1084
720
152
269
711
1390
791
727
1980
2411
410
842
868
743
804
760
34
406
761
2322
2411
701
405
159
513
725
743
791
787
1155
1606
760
295
128
711
817
643
799
722
162
316
1055
749
1545
1093
503
159
923
1182
326
1056
613
368
754
2081
615
489
684
57
1042
419
16
2322
784
801
615
230
1277
158
750
875
609
59
503
719
1096
361
170
722
155
900
476
705
232
612
1172
1346
494
401
487
1625
783
839
749
543
125
690
532
156
813
772
2346
1705
422
804
1805
2130
845
839
1286
1606
829
2081
612
921
152
1155
108
1123
1036
513
676
1511
1189
171
749
300
815
842
744
1002
1805
806
314
697
604
844
707
1166
1085
57
414
613
694
640
1055
740
923
255
770
828
615
1002
230
231
269
814
468
743
285
490
760
1123
1341
2081
746
772
2079
810
708
231
1180
742
1416
96
752
