12
16
131
265
73
851
38
482
471
569
111
615
744
660
79
672
584
570
576
410
12
16
131
265
73
851
38
482
471
569
111
615
744
660
79
672
584
570
576
410
12
16
131
265
73
851
38
482
471
569
111
615
744
660
79
672
584
570
576
410
12
16
131
265
73
851
38
482
471
569
111
615
744
660
79
672
584
570
576
410
12
16
131
265
73
851
38
482
471
569
111
615
744
660
79
672
584
570
576
410
12
16
131
265
73
851
38
482
471
569
111
615
744
660
79
672
584
570
576
410
12
16
131
265
73
851
38
482
471
569
111
615
744
660
79
672
584
570
576
410
12
16
131
265
73
851
38
482
471
569
111
615
744
660
79
672
584
570
576
410
12
16
131
265
73
851
38
482
471
569
111
615
744
660
79
672
584
570
576
410
12
16
131
265
73
851
38
482
471
569
111
615
744
660
79
672
584
570
576
410
12
16
131
265
73
851
38
482
471
569
111
615
744
660
79
672
584
570
576
410
12
16
131
265
73
851
38
482
471
569
111
615
744
660
79
672
584
570
576
410
12
16
131
265
73
851
38
482
471
569
111
615
744
660
79
672
584
570
576
410
12
16
131
265
73
851
38
482
471
569
111
615
744
660
79
672
584
570
576
410
12
16
131
265
73
851
38
482
471
569
111
615
744
660
79
672
584
570
576
410
12
16
131
265
73
851
38
482
471
569
111
615
744
660
79
672
584
570
576
410
12
16
131
265
73
851
38
482
471
569
111
615
744
660
79
672
584
570
576
410
12
16
131
265
73
851
38
482
471
569
111
615
744
660
79
672
584
570
576
410
12
16
131
265
73
851
38
482
471
569
111
615
744
660
79
672
584
570
576
410
12
16
131
265
73
851
38
482
471
569
111
615
744
660
79
672
584
570
576
410
12
16
131
265
73
851
38
482
471
569
111
615
744
660
79
672
584
570
576
410
12
16
131
265
73
851
38
482
471
569
111
615
744
660
79
672
584
570
576
410
12
16
131
265
73
851
38
482
471
569
111
615
744
660
79
672
584
570
576
410
12
16
131
265
73
851
38
482
471
569
111
615
744
660
79
672
584
570
576
410
12
16
131
265
73
851
38
482
471
569
111
615
744
660
79
672
584
570
576
410
12
16
131
265
73
851
38
482
471
569
111
615
744
660
79
672
584
570
576
410
12
16
131
265
73
851
38
482
471
569
111
615
744
660
79
672
584
570
576
410
12
16
131
265
73
851
38
482
471
569
111
615
744
660
79
672
584
570
576
410
12
16
131
265
73
851
38
482
471
569
111
615
744
660
79
672
584
570
576
410
12
16
131
265
73
851
38
482
471
569
111
615
744
660
79
672
584
570
576
410
12
16
131
265
73
851
38
482
471
569
111
615
744
660
79
672
584
570
576
410
12
16
131
265
73
851
38
482
471
569
111
615
744
660
79
672
584
570
576
410
12
16
131
265
73
851
38
482
471
569
111
615
744
660
79
672
584
570
576
410
12
16
131
265
73
851
38
482
471
569
111
615
744
660
79
672
584
570
576
410
12
16
131
265
73
851
38
482
471
569
111
615
744
660
79
672
584
570
576
410
12
16
131
265
73
851
38
482
471
569
111
615
744
660
79
672
584
570
576
410
12
16
131
265
73
851
38
482
471
569
111
615
744
660
79
672
584
570
576
410
12
16
131
265
73
851
38
482
471
569
111
615
744
660
79
672
584
570
576
410
12
16
131
265
73
851
38
482
471
569
111
615
744
660
79
672
584
570
576
410
12
16
131
265
73
851
38
482
471
569
111
615
744
660
79
672
584
570
576
410
12
16
131
265
73
851
38
482
471
569
111
615
744
660
79
672
584
570
576
410
12
16
131
265
73
851
38
482
471
569
111
615
744
660
79
672
584
570
576
410
12
16
131
265
73
851
38
482
471
569
111
615
744
660
79
672
584
570
576
410
12
16
131
265
73
851
38
482
471
569
111
615
744
660
79
672
584
570
576
410
12
16
131
265
73
851
38
482
471
569
111
615
744
660
79
672
584
570
576
410
12
16
131
265
73
851
38
482
471
569
111
615
744
660
79
672
584
570
576
410
12
16
131
265
73
851
38
482
471
569
111
615
744
660
79
672
584
570
576
410
12
16
131
265
73
851
38
482
471
569
111
615
744
660
79
672
584
570
576
410
12
16
131
265
73
851
38
482
471
569
111
615
744
660
79
672
584
570
576
410
12
16
131
265
73
851
38
482
471
569
111
615
744
660
79
672
584
570
576
410
