823
787
795
153
89
847
776
197
515
600
814
775
377
825
1068
264
378
493
61
76
581
585
378
88
147
570
55
54
828
735
795
159
567
867
766
758
187
496
793
789
440
757
137
83
490
605
844
802
566
1372
73
775
1368
951
1231
580
733
356
103
785
494
847
1092
787
868
33
834
408
70
825
361
156
705
87
158
643
69
29
157
298
707
380
356
74
147
163
739
513
815
116
599
630
88
160
1045
499
712
122
859
378
847
268
970
516
174
989
1250
380
606
299
504
882
495
659
382
766
614
1124
595
814
1329
590
605
841
766
380
83
492
596
594
119
1046
200
498
188
122
358
68
262
765
85
606
847
211
115
770
1231
408
1110
126
291
121
360
89
282
379
269
764
823
407
732
280
158
630
1092
276
106
1216
802
595
712
1046
780
299
868
757
506
87
262
566
106
104
105
111
274
770
96
80
126
778
1049
284
358
183
585
79
842
377
1429
732
407
475
93
73
1051
825
733
130
360
515
501
163
283
378
820
587
880
194
197
362
175
379
792
501
868
795
847
270
79
720
837
819
81
493
872
161
735
585
382
273
232
89
597
383
836
1368
115
566
594
760
1394
186
34
607
357
76
378
158
78
149
790
1372
836
127
200
504
859
614
195
87
566
882
280
108
613
358
792
815
806
82
84
86
880
581
89
162
787
566
208
270
847
271
361
1329
774
837
179
823
102
85
513
867
566
957
83
829
118
116
600
628
671
592
720
587
1251
588
93
76
91
106
511
299
274
760
99
78
382
130
806
192
132
197
268
154
798
581
1092
823
34
378
608
802
785
1049
102
132
823
83
114
105
361
872
613
285
377
94
87
720
1092
809
472
89
758
601
603
159
261
762
157
869
377
1252
284
842
72
989
511
107
440
1124
111
1046
69
83
951
132
567
760
72
54
659
492
28
594
87
842
1393
282
107
802
278
957
1368
80
91
154
735
581
298
192
190
182
810
584
600
842
117
82
1216
813
55
834
474
212
842
767
300
229
957
87
868
739
182
159
261
792
815
1051
380
836
734
134
495
263
785
841
600
76
28
163
499
54
781
187
79
955
786
806
766
90
113
29
229
74
592
107
591
569
802
96
271
600
281
71
408
1216
813
33
298
790
614
162
597
61
305
287
126
74
357
1124
607
291
99
781
232
498
54
188
161
440
780
1394
607
380
29
502
162
1124
201
156
54
606
603
712
490
720
834
149
80
781
305
91
739
132
867
712
188
775
263
83
505
153
90
1109
776
282
590
705
291
187
299
591
825
269
97
116
785
1368
82
603
869
94
729
79
567
68
802
55
160
787
601
78
42
869
158
513
358
84
105
98
581
194
806
61
134
840
186
494
497
202
68
357
278
1109
90
860
760
608
511
104
281
643
161
630
106
117
153
408
474
383
162
608
262
113
81
1393
29
121
291
79
970
105
99
847
117
281
285
497
1231
91
825
769
594
567
358
819
613
134
262
161
816
492
735
768
107
95
774
273
1049
1251
273
1368
790
115
1216
782
570
264
280
195
795
732
806
28
720
96
1092
493
492
613
95
860
734
787
283
74
786
659
837
268
765
96
597
1109
105
628
122
784
1216
608
819
283
357
506
1231
497
1045
100
284
1250
733
734
68
780
211
377
855
380
362
580
499
581
159
270
1231
842
798
775
114
85
505
872
643
175
1092
375
54
497
819
102
375
733
739
516
280
383
98
157
212
813
100
1329
880
282
97
99
190
499
569
90
1250
778
591
502
819
203
278
274
380
494
130
855
403
867
361
780
186
89
783
584
89
274
1108
786
76
202
841
580
375
951
735
492
793
989
705
160
84
566
819
201
728
862
79
88
789
1
281
198
156
513
1393
735
607
186
712
872
769
591
302
608
192
847
302
768
190
628
161
104
127
174
1429
1394
499
630
515
608
83
153
1308
815
208
780
118
596
407
71
302
590
712
566
474
860
819
111
264
502
733
816
783
300
147
132
102
74
601
792
179
507
760
79
440
408
839
90
595
83
847
401
1045
735
171
155
92
33
760
1109
122
115
156
147
183
28
174
190
229
87
728
379
88
127
1251
506
813
1092
867
361
273
1393
616
379
594
502
515
194
1216
597
860
1108
121
229
815
160
707
774
882
212
499
179
155
161
729
840
200
149
580
764
72
284
82
497
33
85
837
567
1231
779
1393
592
70
97
732
597
282
105
208
360
1068
839
91
590
659
796
775
785
99
103
630
130
116
600
781
194
605
580
733
264
819
603
161
132
499
765
361
802
106
153
1046
868
103
955
109
358
100
261
263
829
155
360
494
134
820
276
498
171
493
767
855
734
769
202
796
1394
764
126
599
839
506
87
408
153
