538
351
20
39
9
235
59
26
19
54
233
24
334
37
246
488
491
296
44
23
233
54
538
491
174
39
527
332
354
59
737
23
37
379
478
20
44
25
223
33
463
223
379
296
246
737
20
488
334
537
295
44
9
703
111
233
478
54
37
335
26
235
24
538
20
463
11
9
33
488
296
295
335
223
351
59
527
23
338
703
296
233
235
23
334
538
44
463
24
26
491
246
737
39
174
379
351
488
335
703
296
295
20
338
703
332
59
54
527
334
223
354
111
37
120
235
463
537
39
174
463
235
24
223
233
295
332
334
19
25
59
39
174
338
26
241
296
120
703
491
538
174
39
111
241
351
23
59
295
26
332
233
379
296
54
737
335
44
703
25
235
488
463
332
26
703
223
33
25
338
44
354
23
9
246
120
233
491
527
24
527
354
488
20
174
463
246
120
44
23
538
111
332
59
11
335
241
233
26
737
527
223
241
9
538
295
25
478
59
20
174
120
44
54
334
11
491
26
737
335
233
9
737
19
332
246
335
527
24
37
537
120
20
174
33
39
379
296
59
44
537
111
120
33
478
463
351
26
703
491
174
334
19
23
223
44
296
24
295
25
334
20
246
19
44
478
26
335
37
241
463
174
354
233
59
703
235
737
296
488
463
335
737
478
538
296
25
491
334
537
241
39
233
527
23
379
246
223
488
20
223
703
26
111
246
332
233
25
354
24
295
54
463
20
174
33
44
379
11
538
19
111
23
491
538
332
235
537
120
241
233
246
703
737
24
9
11
20
37
338
334
537
59
488
120
463
174
9
241
379
233
338
295
332
26
39
54
296
223
44
20
23
379
241
354
351
332
111
11
120
25
295
174
44
703
527
24
235
338
54
295
527
37
538
44
296
23
478
111
20
737
54
335
246
334
174
233
26
59
24
20
223
120
491
24
537
19
241
33
478
111
351
44
338
26
379
334
11
737
37
19
335
537
478
39
111
223
351
354
120
491
527
334
538
703
463
233
23
24
9
11
332
296
20
338
235
335
59
233
223
26
463
23
538
379
174
24
351
25
246
488
23
19
295
235
335
338
246
241
20
703
174
478
538
233
463
39
44
11
737
241
174
246
488
354
491
120
9
23
25
334
463
11
39
37
54
538
379
351
20
334
246
351
703
44
23
19
25
491
54
9
354
463
37
223
478
59
737
20
11
120
24
463
59
296
23
174
54
351
246
335
20
737
37
332
295
488
379
478
338
223
111
23
59
335
527
44
19
338
296
241
11
478
24
120
233
37
379
463
737
25
332
120
491
241
296
54
26
478
351
44
538
335
39
354
24
19
527
223
59
296
334
351
463
235
25
703
111
20
737
19
120
33
174
37
233
491
54
488
335
295
20
9
296
537
39
334
120
174
19
463
488
491
246
332
379
351
737
354
538
332
478
538
233
463
703
174
20
23
295
37
296
488
111
26
338
527
11
241
9
174
235
537
737
33
246
25
26
54
354
37
11
334
23
488
111
59
538
39
19
37
120
354
24
488
20
295
478
538
59
379
491
246
33
23
703
9
527
54
25
59
120
338
488
111
334
20
233
737
11
223
379
335
491
538
9
478
37
332
703
37
223
527
338
246
26
332
39
233
379
235
174
354
59
33
19
478
538
295
463
25
26
233
527
235
335
537
19
54
59
703
33
20
478
44
737
11
39
241
246
737
223
174
25
354
241
335
54
351
233
334
111
39
488
338
20
478
9
235
26
703
332
19
737
296
223
54
59
354
538
334
44
246
33
537
11
335
174
26
120
235
332
23
174
491
246
120
379
9
39
537
26
335
20
737
527
295
241
44
11
37
23
527
26
488
9
379
235
24
537
703
19
295
296
33
111
335
59
332
491
334
295
332
478
111
338
538
235
20
335
488
25
9
44
37
23
24
351
491
296
26
488
9
335
235
223
25
24
379
463
54
538
23
537
354
174
20
351
338
295
54
59
39
33
37
737
233
703
24
491
332
296
235
20
26
538
488
25
478
9
24
296
111
703
527
11
332
25
379
20
59
737
463
537
235
33
241
19
491
538
737
26
537
24
463
120
351
491
334
11
488
223
703
54
59
19
9
478
538
44
19
233
703
538
9
332
334
488
39
54
527
174
26
478
33
37
296
737
223
111
538
332
478
296
26
120
246
379
111
174
20
9
537
233
23
24
33
703
335
338
44
737
488
335
241
463
20
24
11
538
379
296
9
354
332
246
223
37
338
39
491
379
9
354
120
463
246
223
538
37
338
44
335
233
351
33
334
20
54
295
