399
15
96
160
664
103
32
141
104
145
30
18
33
181
596
175
398
16
240
828
664
21
398
399
287
286
190
46
32
839
402
34
30
823
16
17
33
181
103
121
18
287
121
104
20
102
96
17
40
16
823
35
106
15
46
181
596
160
664
190
280
402
102
129
40
585
664
286
30
287
240
32
399
46
16
160
145
34
175
398
35
136
121
181
240
30
33
145
102
20
823
18
585
190
16
175
160
96
34
398
46
20
286
18
402
40
828
33
34
102
160
136
190
664
596
399
145
30
280
141
402
190
30
141
96
35
102
175
160
104
398
20
46
664
15
839
17
40
18
136
35
129
823
104
839
16
40
664
30
145
103
17
33
32
585
136
828
160
181
96
280
399
190
33
35
596
839
34
175
398
96
30
585
20
106
129
46
664
16
145
280
190
181
121
141
287
35
106
402
17
18
104
596
664
20
129
823
398
102
32
402
106
160
35
280
121
181
30
398
399
145
175
34
240
136
828
287
286
102
823
664
181
136
287
585
32
175
839
35
20
240
46
103
18
30
596
160
286
398
21
190
240
33
102
46
664
121
398
20
17
145
280
21
823
106
286
136
141
96
16
585
145
106
96
823
34
30
160
16
240
828
286
32
21
129
17
664
141
35
402
35
18
240
399
103
287
286
46
596
104
181
34
16
15
585
121
141
136
823
190
287
104
141
34
102
30
585
106
40
175
16
286
32
839
18
136
145
190
46
35
21
141
129
823
181
18
287
17
103
286
102
46
145
585
16
104
32
664
15
96
190
585
286
160
175
35
46
664
20
96
103
33
40
141
102
398
129
402
399
32
104
399
402
145
20
175
34
160
585
17
30
32
286
96
136
121
33
35
21
40
175
823
286
96
596
102
33
280
32
136
30
15
585
18
20
828
664
40
240
129
15
190
33
136
839
240
17
46
35
18
103
823
121
129
21
402
34
181
20
664
34
103
121
17
32
46
33
21
286
240
402
106
280
839
181
596
136
175
96
145
141
121
286
104
664
20
145
18
280
30
596
102
32
33
240
46
585
106
823
34
280
102
17
402
20
823
30
398
35
46
106
34
121
181
33
828
136
16
596
175
286
46
399
34
280
129
398
240
141
823
40
287
121
32
18
160
96
175
664
136
46
18
141
160
136
16
399
30
190
839
287
828
286
15
96
664
21
145
104
17
35
34
96
402
287
40
286
46
16
664
136
121
17
160
103
32
839
106
585
190
16
585
20
102
17
175
104
129
190
596
136
828
286
145
160
121
18
280
21
46
21
35
175
136
664
160
102
96
34
33
20
17
280
104
129
106
15
399
828
190
160
32
823
103
145
828
16
46
664
35
398
102
30
240
15
839
20
286
33
96
21
240
102
30
40
175
96
141
190
160
828
402
181
17
33
35
287
18
15
34
121
175
34
585
402
104
96
823
129
181
145
398
136
103
46
33
32
15
21
17
40
96
106
399
20
280
104
30
585
823
160
145
181
46
103
15
32
121
596
190
35
286
96
145
823
175
16
399
40
121
828
21
839
20
136
15
18
17
585
664
15
240
175
106
102
103
21
828
35
18
20
839
34
160
33
30
585
596
287
104
596
30
286
399
15
20
17
103
839
32
240
129
136
398
16
141
21
402
104
280
35
160
287
34
20
15
399
17
402
286
102
18
828
16
141
129
664
33
40
175
399
104
181
16
280
664
17
287
839
32
40
286
20
102
18
121
596
30
136
141
18
175
839
280
121
136
106
96
399
287
190
145
129
585
240
40
21
17
181
402
30
823
596
286
402
839
190
18
160
17
141
399
129
181
104
15
102
46
664
145
160
175
17
33
402
398
34
30
15
102
181
823
136
103
664
839
40
16
141
190
129
35
34
664
15
121
585
287
32
40
280
96
839
17
190
16
103
30
823
399
175
145
839
141
34
46
136
33
35
121
181
240
286
15
129
399
103
96
398
30
46
175
286
664
104
136
20
190
16
399
21
103
106
35
96
33
141
121
17
823
16
398
664
160
17
190
34
240
402
103
18
21
839
287
136
828
585
46
102
15
17
46
839
286
399
32
106
40
33
21
596
828
141
104
398
136
175
240
102
823
828
15
160
823
664
129
399
287
585
17
121
402
16
35
839
145
596
32
20
102
106
398
181
18
280
20
160
145
17
596
129
402
286
828
40
30
15
136
103
399
40
34
399
102
18
181
104
240
280
15
145
828
33
175
596
286
664
17
46
35
287
32
102
828
17
103
402
18
136
823
35
46
145
21
30
121
104
286
129
839
