1
316
222
71
184
162
571
314
152
144
80
760
608
602
311
21
66
145
59
138
1
316
222
71
184
162
571
314
152
144
80
760
608
602
311
21
66
145
59
138
1
316
222
71
184
162
571
314
152
144
80
760
608
602
311
21
66
145
59
138
1
316
222
71
184
162
571
314
152
144
80
760
608
602
311
21
66
145
59
138
1
316
222
71
184
162
571
314
152
144
80
760
608
602
311
21
66
145
59
138
1
316
222
71
184
162
571
314
152
144
80
760
608
602
311
21
66
145
59
138
1
316
222
71
184
162
571
314
152
144
80
760
608
602
311
21
66
145
59
138
1
316
222
71
184
162
571
314
152
144
80
760
608
602
311
21
66
145
59
138
1
316
222
71
184
162
571
314
152
144
80
760
608
602
311
21
66
145
59
138
1
316
222
71
184
162
571
314
152
144
80
760
608
602
311
21
66
145
59
138
1
316
222
71
184
162
571
314
152
144
80
760
608
602
311
21
66
145
59
138
1
316
222
71
184
162
571
314
152
144
80
760
608
602
311
21
66
145
59
138
1
316
222
71
184
162
571
314
152
144
80
760
608
602
311
21
66
145
59
138
1
316
222
71
184
162
571
314
152
144
80
760
608
602
311
21
66
145
59
138
1
316
222
71
184
162
571
314
152
144
80
760
608
602
311
21
66
145
59
138
1
316
222
71
184
162
571
314
152
144
80
760
608
602
311
21
66
145
59
138
1
316
222
71
184
162
571
314
152
144
80
760
608
602
311
21
66
145
59
138
1
316
222
71
184
162
571
314
152
144
80
760
608
602
311
21
66
145
59
138
1
316
222
71
184
162
571
314
152
144
80
760
608
602
311
21
66
145
59
138
1
316
222
71
184
162
571
314
152
144
80
760
608
602
311
21
66
145
59
138
1
316
222
71
184
162
571
314
152
144
80
760
608
602
311
21
66
145
59
138
1
316
222
71
184
162
571
314
152
144
80
760
608
602
311
21
66
145
59
138
1
316
222
71
184
162
571
314
152
144
80
760
608
602
311
21
66
145
59
138
1
316
222
71
184
162
571
314
152
144
80
760
608
602
311
21
66
145
59
138
1
316
222
71
184
162
571
314
152
144
80
760
608
602
311
21
66
145
59
138
1
316
222
71
184
162
571
314
152
144
80
760
608
602
311
21
66
145
59
138
1
316
222
71
184
162
571
314
152
144
80
760
608
602
311
21
66
145
59
138
1
316
222
71
184
162
571
314
152
144
80
760
608
602
311
21
66
145
59
138
1
316
222
71
184
162
571
314
152
144
80
760
608
602
311
21
66
145
59
138
1
316
222
71
184
162
571
314
152
144
80
760
608
602
311
21
66
145
59
138
1
316
222
71
184
162
571
314
152
144
80
760
608
602
311
21
66
145
59
138
1
316
222
71
184
162
571
314
152
144
80
760
608
602
311
21
66
145
59
138
1
316
222
71
184
162
571
314
152
144
80
760
608
602
311
21
66
145
59
138
1
316
222
71
184
162
571
314
152
144
80
760
608
602
311
21
66
145
59
138
1
316
222
71
184
162
571
314
152
144
80
760
608
602
311
21
66
145
59
138
1
316
222
71
184
162
571
314
152
144
80
760
608
602
311
21
66
145
59
138
1
316
222
71
184
162
571
314
152
144
80
760
608
602
311
21
66
145
59
138
1
316
222
71
184
162
571
314
152
144
80
760
608
602
311
21
66
145
59
138
1
316
222
71
184
162
571
314
152
144
80
760
608
602
311
21
66
145
59
138
1
316
222
71
184
162
571
314
152
144
80
760
608
602
311
21
66
145
59
138
1
316
222
71
184
162
571
314
152
144
80
760
608
602
311
21
66
145
59
138
1
316
222
71
184
162
571
314
152
144
80
760
608
602
311
21
66
145
59
138
1
316
222
71
184
162
571
314
152
144
80
760
608
602
311
21
66
145
59
138
1
316
222
71
184
162
571
314
152
144
80
760
608
602
311
21
66
145
59
138
1
316
222
71
184
162
571
314
152
144
80
760
608
602
311
21
66
145
59
138
1
316
222
71
184
162
571
314
152
144
80
760
608
602
311
21
66
145
59
138
1
316
222
71
184
162
571
314
152
144
80
760
608
602
311
21
66
145
59
138
1
316
222
71
184
162
571
314
152
144
80
760
608
602
311
21
66
145
59
138
1
316
222
71
184
162
571
314
152
144
80
760
608
602
311
21
66
145
59
138
1
316
222
71
184
162
571
314
152
144
80
760
608
602
311
21
66
145
59
138
