111
164
172
240
171
113
27
17
118
160
38
1098
264
646
122
321
388
123
714
167
651
160
185
34
93
29
27
401
182
20
13
26
448
714
645
14
318
32
666
671
182
91
160
714
189
40
44
401
817
34
113
132
20
118
38
7
245
509
187
850
388
12
180
645
193
111
35
666
670
165
189
264
27
817
112
318
126
368
34
14
645
125
251
202
29
32
112
197
309
714
368
105
401
6
820
193
25
821
164
167
44
448
844
867
660
251
590
227
173
127
123
257
105
117
372
167
239
14
373
2
180
850
1098
646
241
714
93
309
171
189
28
376
38
91
197
187
126
820
2
29
209
240
93
171
34
372
376
598
670
442
106
22
887
21
651
122
29
120
867
251
239
193
187
509
646
441
25
389
132
227
7
197
120
38
2
21
165
17
650
373
26
240
4
193
23
173
28
22
666
887
817
645
264
814
122
598
112
376
241
459
850
112
14
123
167
6
111
459
448
867
202
4
646
12
132
827
97
714
44
182
111
509
230
25
193
651
29
40
448
645
650
186
122
33
646
441
321
97
128
264
35
372
113
587
321
132
28
91
516
182
660
309
123
670
97
160
844
173
646
509
257
27
202
6
128
368
111
598
167
318
251
22
164
193
13
650
827
118
660
1098
389
165
159
32
23
844
13
25
29
164
373
26
8
587
193
171
590
35
459
127
25
1
186
171
651
22
373
642
17
21
160
587
318
842
26
6
28
127
321
646
125
651
441
248
186
245
32
117
251
29
189
642
215
598
376
257
34
842
202
1
182
671
120
509
240
887
186
4
251
33
6
173
1098
388
113
245
670
448
123
227
35
91
186
670
401
642
197
1098
23
93
666
128
11
32
509
5
12
248
193
442
820
520
590
159
827
34
448
23
91
202
128
516
164
20
1
117
182
113
645
29
187
12
21
165
1098
817
587
193
35
20
401
182
844
230
651
243
13
172
186
670
34
2
189
820
40
1
44
459
105
670
132
442
171
309
29
646
118
167
23
842
368
128
257
835
321
714
241
650
6
113
373
844
29
20
318
32
187
7
459
243
91
93
127
165
11
590
28
264
173
245
850
372
106
227
172
645
12
821
111
448
5
372
376
182
239
35
17
227
22
28
389
11
448
516
106
820
14
1
127
187
106
20
105
448
172
887
128
215
123
590
2
126
642
180
118
867
34
17
850
97
844
20
321
106
372
670
193
14
27
243
240
509
376
1098
165
159
459
817
842
26
670
814
111
132
8
844
241
12
215
2
185
4
650
11
842
318
441
122
5
14
318
117
127
22
32
118
17
448
598
820
171
11
13
372
162
185
373
193
441
8
93
240
651
185
44
160
125
180
814
650
126
309
186
11
128
660
4
215
112
162
660
587
820
23
814
172
389
32
160
264
368
5
844
646
38
650
516
509
1
91
105
651
827
239
215
122
5
93
646
516
25
389
172
844
252
27
241
185
642
209
820
318
28
11
187
245
240
159
1
827
651
842
227
264
21
389
660
2
887
193
516
25
111
401
180
182
162
587
117
38
23
29
159
7
372
227
127
209
33
821
243
7
820
448
590
132
817
93
91
21
171
587
13
373
22
122
126
6
388
11
867
29
22
28
11
38
171
162
215
372
113
448
197
227
105
835
32
128
209
187
252
817
123
389
5
248
209
125
185
243
173
7
97
28
239
820
111
590
159
180
820
215
127
185
441
442
159
670
814
23
105
209
187
25
12
97
22
126
120
40
642
197
1
20
117
646
17
388
368
821
23
842
814
26
441
93
202
128
243
516
180
598
117
27
5
650
368
26
2
241
6
118
714
123
590
516
264
321
448
128
106
442
7
441
123
189
651
6
22
598
126
827
118
25
21
35
251
91
373
11
25
646
318
186
820
257
650
651
132
4
11
172
35
160
197
14
5
185
671
835
40
112
117
309
197
646
17
164
186
173
22
35
193
642
2
516
520
509
122
241
6
844
867
171
820
459
842
666
372
590
318
887
240
13
40
126
33
11
182
28
182
126
171
520
646
835
97
111
160
227
28
257
11
4
814
105
850
185
29
215
209
23
814
245
118
660
105
160
842
187
520
645
33
1
650
113
125
820
22
186
126
257
35
167
106
215
112
587
120
388
251
26
111
118
4
123
33
389
14
1098
40
34
516
442
167
248
12
193
35
842
251
185
7
714
27
660
112
26
5
164
241
239
666
520
180
441
509
35
850
162
113
93
8
516
172
243
13
164
368
248
401
6
670
11
459
20
651
197
241
202
442
120
125
448
173
23
193
321
373
827
