88
223
126
50
28
90
326
211
94
109
593
116
45
743
110
95
787
195
517
509
109
787
768
517
211
50
624
90
326
803
88
41
112
789
104
95
45
591
743
509
223
116
45
593
112
109
126
591
195
509
23
803
29
25
785
768
201
743
90
41
267
94
58
45
28
768
787
50
24
41
104
88
25
97
326
195
116
110
29
743
88
785
768
50
803
23
787
126
25
223
517
97
24
112
94
593
509
201
58
104
88
23
104
326
44
768
97
41
39
58
29
24
509
267
789
94
787
95
109
116
24
624
110
517
509
743
88
789
326
126
267
94
90
97
50
39
44
785
95
195
97
24
768
112
110
88
50
517
90
591
45
787
743
209
223
593
94
95
201
509
768
509
326
41
58
104
95
743
624
201
267
94
126
39
195
109
28
44
88
110
41
88
44
267
787
104
591
593
201
94
789
126
803
517
24
112
29
743
110
211
787
743
624
39
789
116
201
94
195
58
591
509
223
104
209
267
803
24
44
23
267
624
109
591
211
787
768
509
517
223
45
28
88
126
39
110
44
90
58
29
25
211
50
28
803
90
591
787
517
267
326
29
88
112
94
593
41
223
126
789
109
112
29
195
94
25
789
591
39
41
88
116
90
223
28
58
803
517
126
787
624
88
211
25
39
209
28
785
44
112
24
223
104
126
201
110
267
109
789
97
126
97
109
195
28
24
95
94
104
211
267
593
116
743
88
25
209
45
803
110
41
109
743
50
223
593
768
209
58
785
116
39
110
509
97
104
267
29
24
112
44
591
23
25
104
223
743
116
195
785
593
110
624
28
95
267
88
201
509
50
785
326
94
209
41
743
28
97
112
591
44
110
58
517
509
23
624
104
45
126
326
624
109
126
743
112
591
785
50
24
211
58
267
195
25
787
90
23
88
45
41
803
195
201
785
787
94
97
88
509
267
743
326
29
109
112
211
58
45
116
90
28
44
23
112
517
591
768
509
789
95
195
97
211
787
201
743
326
58
110
41
104
45
109
24
591
787
223
509
201
44
593
90
267
94
789
624
195
23
97
25
787
50
90
116
104
326
45
223
41
785
201
28
39
209
88
267
44
743
24
110
211
39
267
112
28
104
195
29
109
95
803
591
517
45
785
58
789
97
24
624
787
803
109
517
50
201
768
110
94
88
104
743
267
97
39
209
58
789
90
593
803
211
95
44
126
90
201
41
104
517
112
29
25
94
768
39
24
624
326
201
25
24
803
41
209
116
787
109
326
23
768
97
223
785
789
195
509
39
50
195
95
803
267
24
116
25
789
45
785
39
326
97
509
211
591
23
50
104
109
509
209
50
24
44
25
201
787
112
41
211
195
743
28
95
768
126
116
109
88
211
209
39
517
768
44
88
109
593
195
58
95
223
787
50
25
509
126
789
45
326
112
24
211
97
28
267
50
787
94
25
517
195
789
109
41
110
29
88
126
209
45
88
28
785
39
593
789
126
95
110
223
201
211
624
787
41
23
803
44
109
624
326
593
209
88
58
201
29
23
39
41
28
104
97
50
789
95
803
90
94
109
768
95
45
789
28
517
39
88
743
41
29
104
110
116
126
25
267
97
50
58
267
110
624
95
44
593
41
211
223
787
25
45
39
94
209
126
90
201
104
112
509
624
211
45
787
24
95
223
109
593
23
789
116
90
803
58
29
267
41
517
785
95
789
24
23
624
803
28
591
109
88
768
58
267
25
211
29
223
28
24
789
109
509
58
326
50
116
267
743
104
88
126
112
201
29
41
110
624
29
223
28
45
787
126
94
23
50
593
104
201
88
112
624
97
39
789
90
41
95
23
110
90
743
28
593
97
39
209
787
267
45
112
768
25
116
29
41
109
789
209
45
785
110
25
41
326
267
95
195
39
517
803
591
787
201
28
624
24
126
97
195
45
624
58
88
39
24
591
110
267
789
109
25
29
28
201
112
116
44
126
787
209
112
789
90
803
109
201
94
50
41
24
23
28
211
116
593
768
29
223
28
195
90
44
209
326
116
591
201
211
126
39
45
768
50
517
787
94
116
211
789
110
785
90
126
803
95
326
88
768
41
201
624
45
112
109
267
50
116
209
211
109
768
41
45
624
44
785
39
591
97
201
58
803
195
24
23
789
90
28
112
803
41
195
211
58
267
29
44
593
743
126
104
591
517
509
23
787
326
104
787
39
24
211
223
25
624
785
90
97
195
803
50
44
768
201
41
23
593
803
326
624
109
267
209
97
44
768
223
50
789
743
787
24
195
591
110
517
