1893
661
321
1277
881
529
546
2064
921
360
922
532
870
534
361
61
655
2073
1505
1139
2132
127
246
726
870
655
1173
996
763
545
601
209
615
2507
2047
66
101
1166
2078
1436
2132
399
914
83
2879
532
2070
1436
371
2693
917
309
1304
33
763
1839
139
1167
545
819
1167
2067
33
763
929
1230
597
546
53
878
1298
601
2879
1173
365
246
801
661
1246
65
540
1019
254
697
2129
309
1269
321
326
700
911
33
922
65
371
360
615
2165
127
1247
597
123
529
739
2693
66
1556
70
540
2095
65
405
246
109
371
2064
534
881
801
2047
2879
2165
2067
801
2507
601
1905
357
532
2146
530
881
83
911
700
370
1932
2073
123
929
585
1019
370
1240
1402
2078
597
615
405
2073
779
101
601
2067
2047
700
65
2095
546
2165
911
33
1019
819
326
123
1893
532
1905
2095
625
697
777
540
877
913
2073
1247
2078
109
101
530
66
2078
1269
726
1230
533
318
1556
1246
532
1173
399
365
2507
2129
878
254
371
370
353
321
585
1249
700
66
777
1166
1019
622
2070
246
878
625
109
156
763
2073
921
532
2132
101
530
405
1240
2165
996
585
700
697
309
1230
615
1247
534
870
911
877
661
360
123
370
2064
921
319
405
622
1436
1304
976
1298
1269
1839
127
1166
1505
655
2129
801
996
74
371
1505
1230
2129
2068
869
1249
622
661
546
61
139
540
917
109
309
246
2132
109
870
913
156
533
209
1893
246
127
1304
1249
763
1932
2067
139
532
540
2078
546
622
254
61
529
321
1436
801
697
127
777
2070
870
763
246
661
2095
2879
655
2856
869
540
74
2165
1246
139
530
869
615
700
2507
911
70
61
914
2879
655
1167
881
156
360
1436
976
1277
913
209
1173
1180
1230
2078
1247
2047
405
2076
2165
360
2507
70
321
870
655
61
61
133
371
139
996
1246
625
697
326
545
2095
779
245
368
1139
1505
353
914
661
2507
309
996
1402
777
2047
33
922
156
2693
115
661
2064
123
2076
911
101
2507
976
319
66
246
368
861
371
655
534
779
1166
1304
877
1905
1932
1505
127
107
697
139
2067
133
546
66
127
1436
2879
1402
1249
1932
2095
726
353
911
2047
2165
2693
2064
1229
739
917
976
1269
1839
540
1893
309
368
254
801
2047
107
700
1932
996
878
352
2067
365
65
777
763
109
801
1839
405
2068
123
533
1277
922
353
326
1298
318
1229
929
66
127
1556
974
319
878
246
1019
540
777
361
352
1556
1230
779
974
869
156
2165
921
545
726
1166
601
1229
870
929
2507
365
107
127
156
861
353
370
2132
70
1246
361
801
399
139
357
101
83
65
365
2165
2076
65
353
534
70
2693
801
529
66
779
929
2073
1229
878
861
2132
1839
533
921
655
877
2067
107
1436
1247
70
109
405
546
127
1269
2165
1139
545
360
601
83
1839
370
655
371
360
974
1505
107
1277
921
819
922
2693
1839
625
1230
1402
74
682
540
83
819
917
1839
123
353
700
399
911
127
622
360
370
1277
33
2856
1173
1556
534
1436
309
123
2879
597
405
976
2095
545
1230
370
682
1167
1139
361
1166
546
697
913
1893
532
655
371
2132
74
1893
625
326
1298
1180
801
1304
697
1240
2165
156
2693
2073
1230
2095
133
1905
2879
65
922
877
74
254
2165
326
779
1556
123
352
546
597
353
1246
1839
127
245
532
777
2047
914
533
1166
101
2879
1167
661
921
1246
2856
625
254
779
540
361
321
655
1139
1247
622
1139
2693
597
532
139
399
529
777
697
615
123
1249
801
1402
254
1246
405
1019
877
109
546
597
246
139
615
861
655
365
777
530
2064
1893
1180
368
1230
245
870
534
763
585
913
615
1905
361
861
66
2856
2070
922
352
1240
70
1298
53
546
881
61
545
777
921
2078
370
622
2693
101
763
700
914
1402
1240
115
70
399
326
911
361
83
533
127
914
1298
61
371
139
353
318
309
739
545
870
2507
83
625
533
360
2070
245
976
726
353
661
921
2132
123
917
1249
2076
246
53
1402
1230
1839
861
318
2095
1269
530
2068
2064
115
326
65
530
739
996
123
615
917
1304
777
2146
540
399
1893
625
1180
245
2070
133
352
974
615
545
1173
309
357
1269
881
1505
779
321
601
368
2856
1249
1298
914
326
1019
801
1230
1505
66
601
101
917
534
1269
1229
1304
869
326
976
1249
1556
107
53
700
534
622
399
365
1893
1298
107
352
133
1402
2146
66
2047
1556
877
2068
1166
245
976
1304
534
405
929
801
361
2095
1019
877
1247
370
1505
1269
914
2146
2047
996
1402
1436
545
1173
133
546
2507
878
370
529
1019
2879
1246
697
2078
1249
622
357
861
2067
123
914
319
1402
922
107
53
597
1019
801
1277
1230
625
1246
1932
123
976
546
1173
779
929
1247
2078
1240
360
370
661
2047
1932
70
321
921
1166
33
917
1019
819
115
801
318
615
254
123
61
622
53
352
877
321
1240
1304
870
246
2076
399
107
801
540
309
1298
109
123
83
2856
2067
74
405
622
726
1932
1304
2856
1269
83
914
922
881
107
913
878
352
245
209
319
