359
19
637
675
154
700
755
598
118
53
911
663
670
587
240
758
36
40
559
60
51
64
568
75
71
359
19
637
675
154
700
755
598
118
53
911
663
670
587
240
758
36
40
559
60
51
64
568
75
71
359
19
637
675
154
700
755
598
118
53
911
663
670
587
240
758
36
40
559
60
51
64
568
75
71
359
19
637
675
154
700
755
598
118
53
911
663
670
587
240
758
36
40
559
60
51
64
568
75
71
359
19
637
675
154
700
755
598
118
53
911
663
670
587
240
758
36
40
559
60
51
64
568
75
71
359
19
637
675
154
700
755
598
118
53
911
663
670
587
240
758
36
40
559
60
51
64
568
75
71
359
19
637
675
154
700
755
598
118
53
911
663
670
587
240
758
36
40
559
60
51
64
568
75
71
359
19
637
675
154
700
755
598
118
53
911
663
670
587
240
758
36
40
559
60
51
64
568
75
71
359
19
637
675
154
700
755
598
118
53
911
663
670
587
240
758
36
40
559
60
51
64
568
75
71
359
19
637
675
154
700
755
598
118
53
911
663
670
587
240
758
36
40
559
60
51
64
568
75
71
359
19
637
675
154
700
755
598
118
53
911
663
670
587
240
758
36
40
559
60
51
64
568
75
71
359
19
637
675
154
700
755
598
118
53
911
663
670
587
240
758
36
40
559
60
51
64
568
75
71
359
19
637
675
154
700
755
598
118
53
911
663
670
587
240
758
36
40
559
60
51
64
568
75
71
359
19
637
675
154
700
755
598
118
53
911
663
670
587
240
758
36
40
559
60
51
64
568
75
71
359
19
637
675
154
700
755
598
118
53
911
663
670
587
240
758
36
40
559
60
51
64
568
75
71
359
19
637
675
154
700
755
598
118
53
911
663
670
587
240
758
36
40
559
60
51
64
568
75
71
359
19
637
675
154
700
755
598
118
53
911
663
670
587
240
758
36
40
559
60
51
64
568
75
71
359
19
637
675
154
700
755
598
118
53
911
663
670
587
240
758
36
40
559
60
51
64
568
75
71
359
19
637
675
154
700
755
598
118
53
911
663
670
587
240
758
36
40
559
60
51
64
568
75
71
359
19
637
675
154
700
755
598
118
53
911
663
670
587
240
758
36
40
559
60
51
64
568
75
71
359
19
637
675
154
700
755
598
118
53
911
663
670
587
240
758
36
40
559
60
51
64
568
75
71
359
19
637
675
154
700
755
598
118
53
911
663
670
587
240
758
36
40
559
60
51
64
568
75
71
359
19
637
675
154
700
755
598
118
53
911
663
670
587
240
758
36
40
559
60
51
64
568
75
71
359
19
637
675
154
700
755
598
118
53
911
663
670
587
240
758
36
40
559
60
51
64
568
75
71
359
19
637
675
154
700
755
598
118
53
911
663
670
587
240
758
36
40
559
60
51
64
568
75
71
359
19
637
675
154
700
755
598
118
53
911
663
670
587
240
758
36
40
559
60
51
64
568
75
71
359
19
637
675
154
700
755
598
118
53
911
663
670
587
240
758
36
40
559
60
51
64
568
75
71
359
19
637
675
154
700
755
598
118
53
911
663
670
587
240
758
36
40
559
60
51
64
568
75
71
359
19
637
675
154
700
755
598
118
53
911
663
670
587
240
758
36
40
559
60
51
64
568
75
71
359
19
637
675
154
700
755
598
118
53
911
663
670
587
240
758
36
40
559
60
51
64
568
75
71
359
19
637
675
154
700
755
598
118
53
911
663
670
587
240
758
36
40
559
60
51
64
568
75
71
359
19
637
675
154
700
755
598
118
53
911
663
670
587
240
758
36
40
559
60
51
64
568
75
71
359
19
637
675
154
700
755
598
118
53
911
663
670
587
240
758
36
40
559
60
51
64
568
75
71
359
19
637
675
154
700
755
598
118
53
911
663
670
587
240
758
36
40
559
60
51
64
568
75
71
359
19
637
675
154
700
755
598
118
53
911
663
670
587
240
758
36
40
559
60
51
64
568
75
71
359
19
637
675
154
700
755
598
118
53
911
663
670
587
240
758
36
40
559
60
51
64
568
75
71
359
19
637
675
154
700
755
598
118
53
911
663
670
587
240
758
36
40
559
60
51
64
568
75
71
359
19
637
675
154
700
755
598
118
53
911
663
670
587
240
758
36
40
559
60
51
64
568
75
71
359
19
637
675
154
700
755
598
118
53
911
663
670
587
240
758
36
40
559
60
51
64
568
75
71
359
19
637
675
154
700
755
598
118
53
911
663
670
587
240
758
36
40
559
60
51
64
568
75
71
359
19
637
675
154
700
755
598
118
53
911
663
670
587
240
758
36
40
559
60
51
64
568
75
71
359
19
637
675
154
700
755
598
118
53
911
663
670
587
240
758
36
40
559
60
51
64
568
75
71
359
19
637
675
154
700
755
598
118
53
911
663
670
587
240
758
36
40
559
60
51
64
568
75
71
359
19
637
675
154
700
755
598
118
53
911
663
670
587
240
758
36
40
559
60
51
64
568
75
71
359
19
637
675
154
700
755
598
118
53
911
663
670
587
240
758
36
40
559
60
51
64
568
75
71
359
19
637
675
154
700
755
598
118
53
911
663
670
587
240
758
36
40
559
60
51
64
568
75
71
359
19
637
675
154
700
755
598
118
53
911
663
670
587
240
758
36
40
559
60
51
64
568
75
71
359
19
637
675
154
700
755
598
118
53
911
663
670
587
240
758
36
40
559
60
51
64
568
75
71
359
19
637
675
154
700
755
598
118
53
911
663
670
587
240
758
36
40
559
60
51
64
568
75
71
359
19
637
675
154
700
755
598
118
53
911
663
670
587
240
758
36
40
559
60
51
64
568
75
71
