388
719
410
120
486
447
455
254
6
261
386
887
546
260
318
587
602
640
460
545
1171
594
184
496
14
719
410
594
364
318
386
388
923
705
602
460
256
9
1171
494
255
550
119
184
455
489
366
254
487
7
261
549
260
640
9
318
120
366
1171
392
627
364
386
487
618
704
923
184
358
444
550
555
14
410
587
546
455
1071
545
120
470
496
358
166
618
719
555
14
7
388
261
489
255
6
444
386
887
640
364
494
618
388
326
549
555
9
594
7
486
254
184
705
704
261
587
256
627
887
260
14
1171
444
119
366
719
545
550
6
120
366
594
719
364
7
447
254
627
14
386
486
487
392
640
410
489
260
460
494
923
555
587
7
602
364
254
119
549
386
496
555
494
9
489
923
318
546
166
487
410
366
545
120
719
184
326
555
546
366
460
386
364
6
318
120
705
719
455
260
627
119
9
618
358
447
486
255
254
704
602
256
470
555
386
326
9
550
119
594
1071
255
546
366
486
549
602
364
494
627
358
719
318
392
705
388
261
602
555
494
444
447
550
1071
455
166
318
594
1171
6
460
704
496
9
366
546
705
120
627
119
255
261
388
326
887
447
594
410
704
260
166
255
261
455
587
6
550
486
549
1171
386
184
119
496
9
494
470
120
318
923
470
487
1071
386
494
255
496
7
489
887
392
455
546
366
184
704
460
594
6
364
9
388
358
587
388
549
1171
7
364
326
386
254
494
550
119
545
260
120
392
555
489
487
14
455
923
640
256
705
184
410
627
166
1071
494
460
455
555
470
640
447
7
255
486
9
444
618
364
388
545
366
602
254
546
392
444
6
719
120
1071
318
386
470
923
487
255
447
496
627
119
326
9
705
1171
366
256
7
486
460
546
602
7
455
318
410
1071
6
618
550
487
386
627
496
184
9
120
719
555
1171
444
549
594
489
594
555
326
444
256
550
618
489
254
719
388
602
487
587
120
260
318
1171
392
14
470
486
887
166
255
550
618
14
9
923
627
318
358
7
120
166
410
487
260
640
447
546
1171
887
326
719
545
587
255
119
318
460
549
120
358
627
618
256
6
494
255
455
546
447
550
486
555
1171
9
392
704
587
14
364
640
555
602
627
594
6
887
260
587
166
546
618
119
120
487
318
549
386
366
358
704
923
392
489
719
184
704
923
256
14
470
494
447
627
587
705
546
260
460
549
640
455
9
388
184
119
1171
7
261
487
555
1171
470
366
255
254
1071
455
602
7
14
184
704
627
260
318
447
487
923
486
555
640
358
120
887
410
618
7
550
1071
366
460
256
260
486
386
489
549
627
496
594
487
444
587
184
705
261
704
545
388
1171
254
487
460
255
887
444
6
705
555
546
326
184
358
489
549
550
455
318
386
640
261
410
704
166
594
640
460
410
6
587
254
166
545
455
546
1071
602
594
366
9
120
386
14
489
555
184
119
618
256
705
460
358
627
386
494
392
447
7
1071
364
9
705
704
594
120
602
455
254
261
1171
326
587
496
366
486
261
410
487
184
887
120
254
358
6
388
546
255
256
545
7
489
704
470
318
494
719
1071
326
705
260
261
444
627
602
1071
9
256
594
549
260
386
618
489
719
887
6
366
455
166
550
494
119
14
447
705
366
546
460
166
489
887
255
6
1071
119
705
555
494
410
120
704
587
184
318
326
386
364
256
9
549
545
184
618
587
489
166
410
460
887
470
326
386
9
705
260
546
549
640
555
120
550
602
366
923
494
388
7
460
494
392
489
318
455
261
470
9
326
550
887
119
923
14
704
640
358
366
1071
447
444
705
489
326
496
594
9
386
119
887
545
364
705
447
6
392
555
254
1071
587
166
184
14
120
460
388
549
545
494
260
489
923
587
256
119
392
120
887
447
546
358
460
627
455
705
1171
640
9
261
602
318
550
261
587
388
1071
545
549
627
7
255
444
254
326
1171
392
256
6
486
489
705
550
546
594
470
460
386
587
9
460
120
260
1071
261
386
7
318
923
487
496
184
602
470
489
545
705
486
358
366
392
166
627
550
545
254
358
594
627
120
366
14
640
255
470
602
704
460
184
119
318
587
364
486
260
494
6
496
555
447
549
184
261
366
545
260
1171
256
887
494
594
388
364
318
486
460
14
392
470
550
166
444
705
184
549
594
555
546
388
602
887
318
256
455
364
410
486
719
447
260
7
705
386
487
9
119
358
1071
1071
460
602
7
358
455
546
887
388
254
444
486
366
255
326
261
120
704
489
447
470
364
550
618
9
392
455
602
486
496
460
494
6
489
366
364
261
618
358
704
326
14
555
887
447
255
119
923
719
9
602
366
640
6
255
14
487
545
410
496
627
704
555
618
549
444
166
494
460
719
318
254
184
447
326
9
719
256
447
555
1071
487
496
587
494
166
923
489
260
7
358
184
486
546
254
455
640
261
470
120
545
487
486
255
256
386
410
261
555
470
618
550
358
1071
260
627
6
602
594
14
489
366
392
9
704
704
1171
255
444
494
358
326
184
887
260
410
166
392
627
6
545
455
489
1071
587
9
550
254
386
602
9
260
184
546
120
719
364
392
494
1171
166
14
7
6
386
460
487
486
444
640
618
366
326
256
627
496
555
388
254
487
704
1171
460
447
640
9
550
705
366
261
410
545
627
260
14
470
119
326
887
255
719
640
494
364
704
1071
358
549
618
326
14
594
6
705
496
447
455
392
166
460
120
366
487
546
587
410
545
494
546
447
719
386
254
14
549
587
460
366
444
550
602
166
487
627
9
7
455
364
358
1171
546
326
1071
364
6
719
410
388
627
1171
550
494
7
14
392
260
444
555
618
887
254
447
705
166
549
120
260
444
887
1171
640
388
184
487
546
602
254
392
1071
364
261
366
550
923
14
705
618
358
6
494
