440
430
462
335
621
333
91
1
158
3
102
437
155
327
94
345
106
350
434
7
329
116
160
356
321
5
55
292
88
839
158
1622
329
462
176
321
88
331
106
5
120
96
155
355
7
320
116
333
460
4
448
621
345
356
440
335
839
2
447
237
68
621
106
1622
4
1426
3
333
176
116
462
356
350
237
55
355
2
120
19
329
321
434
331
440
96
460
158
303
93
345
68
19
460
120
116
321
106
447
430
158
91
438
102
350
176
160
331
2
6
93
292
88
839
462
327
303
333
448
307
155
116
350
839
440
120
237
307
2
621
88
346
68
5
1622
356
96
7
331
3
1426
345
355
106
332
333
681
460
292
438
55
2
104
350
460
292
303
4
434
355
320
839
94
106
158
307
68
335
1620
3
329
237
91
361
1622
6
356
333
447
1426
437
440
320
2
621
5
160
88
7
448
104
102
356
1
839
1622
460
451
155
94
333
1620
55
346
430
307
434
96
4
292
158
237
447
350
102
155
462
96
331
460
335
176
299
55
6
5
1426
7
99
839
448
1620
2
345
332
303
88
68
320
91
1622
6
91
93
237
356
96
102
88
3
451
345
621
447
430
120
320
55
307
160
1620
437
94
346
327
4
68
106
335
462
299
91
451
434
292
462
120
94
331
237
68
460
158
346
329
1
106
19
3
5
327
839
355
104
361
155
345
350
333
356
335
299
104
681
5
19
346
1620
333
96
3
462
1622
440
158
155
6
99
91
448
120
361
327
621
335
2
839
451
345
160
434
346
356
4
451
320
116
1
438
3
448
331
462
91
350
102
460
93
158
2
355
329
1426
299
327
839
292
440
430
68
335
91
437
346
327
307
93
333
292
7
329
99
681
355
2
176
335
155
94
116
451
120
55
839
440
104
356
1
320
448
447
1
91
321
327
176
320
333
94
332
1620
361
96
447
68
116
93
839
4
621
55
160
307
345
1426
102
438
346
292
3
106
430
93
292
451
681
102
440
350
158
120
299
68
307
1426
303
1
320
333
106
321
448
327
361
88
160
447
1620
155
460
839
160
331
155
99
361
116
96
4
1426
462
448
1
440
104
6
438
2
102
1620
329
460
430
292
19
346
93
327
299
839
451
3
437
327
356
321
102
1622
94
1
91
303
6
307
430
331
320
2
1620
335
462
160
88
451
292
434
440
93
106
621
839
116
437
160
332
350
4
93
356
292
303
237
120
19
839
462
155
102
2
3
346
434
335
6
321
91
176
1
681
68
104
621
158
329
4
1620
321
332
6
356
2
350
93
96
99
430
460
331
437
345
102
1
88
839
361
104
68
320
335
237
438
329
307
55
355
102
345
303
155
440
120
321
93
96
2
320
106
451
1622
621
332
438
1426
3
292
88
104
462
839
99
158
361
88
331
19
3
99
155
1
1622
7
350
320
55
104
5
93
4
102
333
292
448
451
1620
96
303
2
160
307
1426
332
335
447
6
94
1
106
102
91
155
462
451
331
116
2
99
68
355
292
93
176
681
4
96
839
3
55
460
440
237
1620
3
55
158
292
327
88
451
120
346
176
333
102
440
2
68
106
1620
303
1426
329
116
335
350
356
91
1622
434
19
430
155
55
116
438
329
356
7
5
350
1
331
448
160
303
451
460
237
440
3
681
102
104
155
434
68
307
437
120
106
158
99
3
2
1426
448
460
102
451
160
440
430
1622
303
438
237
350
335
104
839
355
91
106
292
99
4
329
55
5
88
93
176
1426
321
19
91
361
7
96
333
335
438
106
1622
4
55
292
451
1
462
434
440
155
176
299
94
320
160
327
102
120
681
327
355
448
5
440
681
4
621
320
3
99
356
106
116
93
307
102
1622
462
158
345
155
2
331
104
299
6
430
91
88
176
292
329
1622
451
448
116
155
438
361
621
307
99
1620
299
19
434
350
91
333
120
93
355
1426
7
447
327
102
6
839
329
1426
292
621
96
345
7
5
438
158
102
4
437
332
99
2
451
681
1622
447
116
361
176
327
94
320
299
839
355
303
5
430
320
333
99
1426
356
155
7
2
19
437
120
292
6
345
237
4
447
335
350
104
361
160
329
681
1622
94
355
96
448
335
1620
681
333
320
106
299
355
303
621
839
160
155
332
158
104
292
1426
346
1
19
116
345
4
93
120
55
356
237
361
1
1622
350
345
176
440
329
102
3
331
1426
120
7
93
2
299
6
335
88
448
681
321
355
320
99
447
356
91
68
102
447
335
160
106
1
440
448
460
434
462
88
237
451
4
350
93
333
3
19
120
307
6
356
320
96
2
437
99
68
120
96
839
7
355
448
3
329
440
361
19
447
158
1
2
437
88
299
93
106
350
346
1426
237
292
327
451
104
345
5
99
299
237
438
434
327
102
19
335
333
104
4
1
68
176
460
355
91
106
332
88
346
116
93
3
6
621
2
321
329
460
329
116
320
345
434
335
430
5
160
19
839
327
331
437
102
155
93
68
447
462
355
106
321
176
448
96
1620
356
237
681
55
355
448
176
5
346
320
1426
460
68
361
299
106
91
116
333
104
3
19
307
335
430
438
292
839
462
99
2
160
93
68
106
333
320
462
356
437
1620
327
4
19
1622
345
321
96
681
120
91
331
55
1426
355
158
6
116
332
102
440
160
462
839
350
2
303
99
116
91
292
160
440
55
1622
346
437
430
355
158
299
1
93
621
356
68
681
4
120
321
1620
448
460
681
5
440
346
2
447
155
345
91
462
1426
437
448
93
321
19
4
104
6
237
355
839
116
327
350
7
106
621
331
68
333
1426
346
303
350
1
1622
106
434
332
99
120
839
437
93
440
438
158
94
55
329
102
335
6
430
460
361
355
155
155
68
460
106
88
321
93
345
1426
176
303
335
331
440
1
307
160
448
332
7
91
116
120
96
1620
350
327
462
434
320
7
307
440
346
68
460
320
303
355
88
158
91
160
430
327
329
106
6
434
331
299
94
361
155
55
1
333
437
356
621
2
1622
55
116
158
346
361
350
96
160
329
176
335
437
356
345
327
5
4
120
621
430
102
460
448
155
303
440
88
237
307
355
329
335
346
120
158
681
1426
55
451
430
5
292
99
155
331
434
462
438
345
621
88
1
116
7
176
68
440
448
2
160
350
329
19
1
430
292
116
307
55
4
96
438
237
460
1622
1620
321
839
448
331
3
102
346
91
88
94
332
333
116
102
462
681
437
460
94
621
99
91
88
237
93
1426
1620
96
345
1
361
19
335
2
160
332
448
438
839
434
155
333
116
307
462
355
299
55
681
4
437
158
460
440
329
91
5
361
321
2
839
303
332
350
621
106
120
448
320
155
1620
292
350
6
19
335
303
299
7
331
99
460
94
681
160
292
88
120
327
434
430
321
5
102
93
345
237
440
462
329
68
91
160
329
355
1
96
299
440
1426
356
1622
333
176
94
335
116
320
307
155
102
350
91
438
460
88
451
447
93
361
68
158
