783
829
2672
396
725
5
2050
701
1721
133
728
1928
1893
2160
797
2158
772
760
393
400
229
1885
139
762
1030
702
333
729
2187
849
1108
622
2754
1
791
392
406
271
451
627
614
2158
321
400
228
1030
622
762
132
320
2534
35
1697
31
783
640
619
70
226
390
584
457
865
2535
774
420
798
225
812
339
797
2534
708
1904
610
1560
1771
321
790
721
814
776
2170
1999
1029
132
2160
418
1877
633
149
832
393
431
584
829
809
416
1772
31
271
582
567
698
715
129
1267
720
744
737
395
787
740
1243
1029
704
2143
1515
784
1
781
418
790
400
2407
125
420
978
1514
617
610
2535
321
1380
1928
765
165
614
795
37
70
149
694
710
622
797
722
849
1243
567
1516
491
35
1523
326
609
721
640
829
1525
762
627
401
1108
1876
763
696
1999
456
324
556
321
406
613
784
125
584
623
2543
133
409
1523
2252
1243
622
1521
146
785
707
395
783
774
129
744
849
390
763
633
2504
613
776
326
491
567
2826
2212
307
1029
70
37
630
450
2170
142
728
783
717
584
762
609
2086
2504
853
752
624
744
778
399
325
720
165
409
1267
2158
710
91
132
777
321
2187
308
1721
320
714
789
790
1877
726
760
718
640
418
752
832
1800
613
853
2160
725
1523
2534
765
623
228
35
1999
609
37
2826
1987
1941
2252
567
721
630
608
785
321
704
776
779
791
1003
1877
735
633
790
718
761
406
326
640
130
725
307
418
35
608
1697
2535
2252
690
585
731
1
1893
717
774
720
781
702
567
630
229
2504
1928
333
790
1003
582
694
622
416
1523
772
229
777
1560
776
2543
396
5
784
393
609
573
395
431
239
420
2252
633
1525
450
738
585
1029
718
725
418
779
142
414
1514
797
728
978
712
694
1904
523
1876
70
1987
744
2143
146
139
1417
326
69
704
129
617
1
1697
622
725
832
619
1523
409
798
235
2087
2549
129
613
31
710
35
715
451
226
400
32
829
720
319
228
622
717
2826
91
707
708
390
849
69
630
29
777
725
2158
787
2534
1879
33
1877
450
627
765
622
763
726
777
2151
798
33
663
339
1876
607
32
69
37
393
225
613
696
2212
567
717
608
418
326
140
1
1877
978
548
584
344
70
29
1893
865
225
344
307
1800
457
702
714
720
126
738
608
787
777
617
630
29
710
832
456
324
393
229
624
700
2087
814
610
450
582
2504
785
1560
694
982
712
722
1876
1928
735
66
721
1772
1771
2160
1243
2672
585
740
1380
400
1999
608
582
738
791
414
865
1514
797
814
321
1003
2134
396
718
2549
406
2086
149
2143
420
2170
2140
695
738
624
142
795
308
790
2158
1893
456
793
29
37
556
1516
740
431
623
783
700
1243
1560
717
613
1879
5
978
1078
789
701
573
715
390
740
2134
1904
326
1417
622
725
1876
624
457
737
491
130
795
718
399
31
791
714
556
978
710
633
790
1030
132
32
2050
608
623
1108
613
2535
737
450
725
567
573
491
35
618
708
613
149
129
787
392
321
2187
714
763
1
395
2143
607
556
633
1521
779
707
1800
31
713
696
710
1999
632
809
2087
776
1904
409
832
725
125
2543
457
567
622
401
235
333
1878
308
1928
91
1515
450
690
1030
146
406
396
395
1243
694
2050
325
632
2086
2549
129
29
618
791
761
701
778
1029
978
622
632
608
491
712
390
2187
1986
450
1078
704
695
777
607
744
33
548
740
617
630
849
406
307
2158
523
721
702
609
740
613
814
729
1030
702
765
726
491
35
791
91
451
1772
696
783
2504
778
1771
2086
1108
125
797
721
420
70
142
832
2140
66
640
663
2543
779
708
704
1928
632
789
607
2170
1876
744
1879
229
165
722
2151
1800
129
2134
776
37
29
608
633
235
774
2140
738
735
615
2826
130
617
1516
610
783
1515
165
1380
726
228
1877
663
1515
696
1987
271
1999
132
585
308
225
624
451
1523
1885
431
1879
2754
29
708
721
2543
2050
139
608
418
729
491
1771
457
125
765
608
326
37
1878
125
2140
812
491
2407
720
624
740
32
1380
320
728
630
787
798
1417
717
235
1516
1885
760
713
307
982
632
789
1999
1243
809
1
795
390
396
1078
1525
797
720
450
778
702
2087
752
627
491
1771
2504
1879
725
704
2549
132
165
35
694
619
762
567
31
1515
2187
1893
809
608
701
624
523
2549
32
2158
491
406
133
456
737
556
2535
798
787
2087
271
725
390
793
729
320
791
1697
1243
1893
696
700
781
225
2134
701
2160
694
326
1904
5
523
418
401
165
787
853
608
142
832
609
130
812
2170
624
2140
617
865
785
69
2158
585
701
849
702
326
321
1772
1417
1999
1029
149
791
752
1986
715
1800
399
2826
37
798
456
235
91
783
320
778
2158
795
784
390
744
1697
395
409
2151
696
624
451
722
609
140
2212
752
1876
585
29
829
1928
226
142
271
29
2407
1243
1
608
1108
1516
752
795
416
702
829
714
1721
395
567
1987
717
132
1878
320
450
401
584
701
456
760
140
1078
2187
2672
744
165
31
865
2087
33
1893
320
1928
735
393
125
814
2549
624
791
139
718
333
556
701
763
451
226
1514
781
1721
740
721
395
627
1417
790
707
1772
1523
585
2134
723
726
696
632
69
414
761
70
333
624
2826
165
1516
738
609
619
325
613
126
2549
785
762
849
2252
1987
456
1514
401
235
420
406
2543
2140
1772
809
139
392
582
1928
2140
1380
618
865
585
70
1515
789
718
2407
133
2212
142
762
1941
728
731
1986
395
723
556
2087
420
624
29
729
321
613
772
785
707
784
226
2151
829
708
630
409
1941
324
978
752
235
832
704
614
548
2143
321
715
714
37
228
585
698
774
142
523
729
333
779
622
744
132
1514
2187
1928
814
457
37
420
789
1879
130
1243
573
707
2158
2087
1878
787
416
791
146
740
726
139
2504
708
849
2672
226
339
149
32
2754
229
779
762
1267
718
795
737
228
777
132
701
400
710
2754
585
451
783
225
2158
125
420
491
849
700
702
1521
707
704
567
1380
1879
714
523
1986
785
91
640
978
2087
982
700
607
2212
146
229
2543
308
783
1108
393
1941
731
721
1876
737
450
1772
690
640
752
624
1516
37
2535
622
1380
239
814
320
790
728
2158
139
633
1515
395
1521
456
632
717
225
321
1078
1772
396
787
627
457
401
607
69
617
793
1999
91
1771
226
2672
790
608
548
695
714
146
129
406
707
1380
2534
812
777
814
126
1879
617
785
324
704
225
740
718
1987
610
763
797
418
399
809
32
708
690
139
2160
760
789
849
762
66
420
720
2543
325
149
523
307
32
451
630
149
396
728
333
1721
326
776
406
696
1893
1003
450
2140
715
392
1417
319
737
784
1380
1941
608
2160
2134
623
409
702
752
698
849
700
783
704
2187
390
2252
762
451
1986
582
787
5
865
2549
696
91
783
416
700
567
1525
608
627
1999
396
740
763
752
523
321
1029
663
774
610
1772
1515
333
420
763
456
713
1078
809
618
2134
1267
624
797
790
5
2086
729
610
130
814
723
416
2252
2143
399
585
1516
1417
615
146
307
785
392
2543
722
91
450
2151
139
2672
762
326
1030
149
414
418
321
710
399
1800
633
130
1878
623
694
627
622
2158
1877
228
698
548
722
392
2535
126
726
2170
35
2086
715
2543
319
2158
456
615
133
229
2187
37
5
1243
418
1560
1697
2407
695
761
617
225
401
722
713
399
1986
585
1516
731
760
1515
744
793
2543
271
1877
735
690
710
787
708
1521
723
978
2534
2087
760
763
1893
414
66
125
797
2151
140
695
491
617
5
2252
812
1417
333
325
1878
982
556
142
1515
731
585
720
1879
790
139
713
1876
696
814
809
149
567
618
627
146
326
548
142
584
2187
325
1108
614
622
1030
785
37
2160
793
717
395
776
630
1514
585
1941
5
320
779
1560
2140
1987
793
139
701
1999
339
814
715
809
761
721
849
737
418
409
791
1003
2543
1772
2826
2050
140
344
228
798
37
717
1029
2187
729
2535
1986
1243
729
853
1876
607
832
721
1030
696
130
32
865
698
978
2549
149
700
2534
715
308
663
1772
613
720
735
129
714
229
339
731
1986
320
2140
609
640
567
618
717
70
698
1999
2826
393
139
853
785
1878
1877
307
760
392
729
1003
1893
789
1521
2050
608
2252
779
982
33
790
584
401
165
66
849
37
1515
2754
390
333
784
2087
623
344
1999
663
66
1380
523
585
1521
735
779
392
738
2158
457
307
126
720
395
1516
624
393
33
814
695
1986
1800
615
396
723
132
1078
235
1878
2826
1987
393
416
1877
401
787
694
762
728
829
2672
130
70
776
1879
701
772
239
146
325
1515
735
619
797
2151
781
630
2086
608
420
