170
433
2504
275
60
116
166
1599
2721
154
205
288
348
360
1688
371
697
804
223
528
122
172
889
2280
690
169
258
300
785
4736
439
1696
293
195
171
785
285
169
371
1414
247
889
433
1505
1365
2280
528
4736
201
263
974
1777
122
529
804
439
288
154
336
2504
844
195
1599
1749
349
690
697
765
60
293
293
169
255
223
240
196
1749
285
275
329
335
1688
697
2504
166
205
2280
154
60
336
105
785
409
1777
847
2276
439
537
529
210
1599
248
13
1696
4736
329
105
1777
293
288
13
258
765
122
360
240
201
2276
1489
171
1365
335
336
1696
2504
889
195
1749
285
537
275
844
785
196
690
300
247
420
697
172
785
263
2721
169
258
336
1414
329
223
154
185
889
171
255
210
205
105
288
765
195
360
4736
116
348
1505
293
300
240
275
2280
285
2504
697
127
349
248
201
127
785
263
690
105
360
889
275
349
258
205
529
169
288
170
409
804
13
247
2276
196
116
336
439
844
1489
166
1505
697
1777
223
1414
1599
210
223
371
258
285
420
1777
178
293
1505
166
335
804
195
1414
170
1599
196
171
60
154
1949
2280
409
13
336
116
205
1749
172
785
329
300
288
240
122
336
127
439
178
285
804
288
240
529
170
528
360
116
1688
690
2280
974
409
765
205
300
105
223
60
348
697
210
172
1365
263
844
4736
201
255
1949
409
433
348
844
4736
205
2280
13
171
210
697
1749
285
1489
2276
60
847
195
336
258
169
185
2721
263
170
1365
360
275
349
248
172
2463
240
1414
697
60
844
285
122
1688
154
439
169
371
13
4736
240
210
300
1365
1414
420
178
529
1599
2504
2276
172
329
288
255
335
248
847
105
785
2463
1777
185
258
1688
528
247
439
255
263
349
1949
2463
1696
288
420
433
1777
1505
1749
371
1414
844
329
166
336
122
974
409
765
172
690
169
116
348
60
785
201
1599
329
785
1365
439
844
336
2504
185
847
2280
409
2276
122
537
169
127
154
4736
178
275
255
1949
2721
210
166
765
293
195
247
171
690
258
371
1505
2463
255
210
844
1749
690
196
785
1696
1688
300
1414
537
154
974
4736
170
195
116
1777
2721
1489
349
275
166
2280
2504
13
172
360
433
258
205
335
765
409
690
371
785
258
433
1489
116
2280
300
765
974
285
1414
2504
263
1777
248
255
1949
1599
439
420
529
889
195
349
166
804
240
172
1749
329
4736
60
1414
537
127
2504
13
258
122
420
765
116
223
847
240
2721
201
60
170
439
785
300
529
804
105
285
4736
2280
1505
690
974
1777
293
172
210
889
195
248
439
170
1365
171
804
255
360
1688
1749
247
240
1489
1505
1599
288
205
528
1949
154
172
169
105
223
275
785
1696
2280
263
765
116
409
258
348
293
847
205
300
528
348
210
1599
170
439
223
2463
255
172
263
1949
154
122
1489
13
360
433
974
4736
2721
178
844
335
371
1365
185
169
247
329
1688
293
2721
166
844
169
122
329
697
263
2463
420
178
439
205
248
4736
154
537
247
371
690
255
196
1414
1696
258
60
847
171
1688
223
360
349
348
785
116
2280
263
537
329
765
335
170
195
300
240
847
127
4736
1365
201
247
336
255
185
171
154
178
1599
1505
166
1777
349
1949
122
1489
433
371
169
528
690
409
285
247
288
154
169
371
974
2276
255
116
210
2721
1696
889
122
248
275
335
765
1365
178
2504
1777
60
4736
528
360
205
127
201
349
1489
185
166
300
105
1365
285
263
185
195
697
974
804
690
439
127
223
785
409
201
240
166
2276
247
420
329
255
170
196
116
1414
1505
1688
348
60
847
248
336
785
248
196
300
185
4736
537
205
172
690
195
1949
889
258
288
1777
360
439
166
528
2276
335
1505
275
178
210
409
2721
1749
263
116
529
247
433
223
2504
240
248
105
223
247
1489
2721
1599
195
1696
185
201
409
60
122
804
171
439
336
1688
166
1949
172
765
1749
529
4736
210
2276
154
537
196
690
335
785
409
105
285
154
116
170
1489
2504
537
60
2280
240
528
195
263
169
1777
2463
360
2276
2721
765
329
13
1505
1688
293
1365
804
1949
889
196
201
127
690
185
223
349
360
1365
348
263
371
1688
127
335
420
1414
178
2463
170
2280
765
258
2721
201
785
154
105
433
1749
171
697
1696
60
439
804
847
240
170
360
248
105
196
1365
275
169
223
13
765
697
785
349
348
529
844
285
1688
409
201
1696
1505
2276
60
255
300
2463
974
336
205
116
166
1414
240
804
765
13
293
201
336
154
169
171
205
371
1749
409
105
1949
195
185
122
1688
127
178
170
1777
2463
2276
335
247
1365
223
4736
439
288
285
196
974
371
697
169
116
258
171
275
349
105
690
804
2721
122
263
60
974
166
154
785
439
1688
170
2504
1696
1949
2463
1414
433
335
528
288
13
247
847
223
205
2504
255
335
765
116
433
210
275
529
169
285
154
248
349
288
122
804
1688
258
1599
172
223
170
697
240
105
537
348
329
1777
439
195
847
4736
889
1949
433
348
195
171
196
697
1749
293
1365
349
185
154
1696
1414
127
13
210
439
172
166
804
275
288
223
847
785
844
116
528
2276
2721
529
537
409
785
371
196
210
1505
258
804
1365
2504
105
2721
537
348
528
185
2280
201
690
195
974
336
285
13
349
433
420
335
172
178
2276
223
1489
2463
1696
116
154
13
697
537
1749
195
528
1489
248
409
205
889
2504
2280
1599
1688
169
201
185
263
105
1365
170
360
171
196
433
1505
371
258
2721
765
285
420
2280
171
195
205
433
1696
409
1777
2463
690
537
371
210
223
765
127
116
360
804
348
889
178
974
300
420
847
1688
293
60
285
2721
275
185
1505
2276
154
166
528
201
248
844
1696
205
170
2721
122
433
1599
275
258
4736
1688
804
420
1365
329
371
285
255
247
1489
2504
195
360
263
537
171
2276
1949
439
537
210
195
371
529
2280
116
263
196
785
1505
889
360
847
2504
765
172
171
420
185
409
4736
201
349
336
335
288
433
285
1688
2276
1777
105
1696
329
116
285
433
122
300
1688
2280
105
349
371
2721
210
154
420
1505
844
255
13
336
1489
185
785
247
170
528
335
1749
529
360
1777
4736
171
263
201
765
201
170
105
537
1777
697
2280
300
127
844
60
1489
2504
248
171
1749
223
329
116
1949
4736
420
154
185
2276
275
210
360
13
1365
804
1599
847
974
293
335
1365
2504
2463
196
154
974
1949
195
247
349
210
847
255
1505
300
1599
420
288
127
169
166
4736
1749
223
13
528
1688
248
348
785
172
258
205
329
4736
2280
275
1949
1777
889
1749
178
529
2463
1688
248
335
1365
255
371
116
210
127
974
785
185
201
196
1696
329
122
293
258
13
348
263
195
240
697
178
537
248
529
166
205
336
247
2276
974
223
804
329
528
105
170
1777
263
847
154
195
1688
2280
171
172
1949
1599
348
785
258
1365
60
1505
433
360
1414
329
205
169
889
1688
4736
537
263
13
2721
172
2504
105
240
1696
336
2276
697
255
1489
127
360
60
974
528
1777
154
171
293
170
529
844
116
196
765
2280
433
2463
185
360
1414
195
1777
974
4736
122
293
889
804
1688
1749
537
13
1599
1949
154
420
258
329
844
116
169
1505
248
240
1489
409
127
529
240
166
127
258
4736
360
1414
765
2276
409
185
300
528
263
439
248
329
1489
2463
420
223
196
201
2280
335
2721
285
371
537
210
349
1599
1777
1365
172
60
420
116
2721
360
2280
1489
195
439
697
122
528
258
2504
2463
205
1365
785
263
170
1599
240
336
974
690
537
285
1949
172
223
13
210
349
127
844
13
293
1777
4736
785
765
1489
223
169
974
154
433
528
247
127
2276
258
348
210
1505
349
1949
420
196
275
122
371
60
195
263
529
2504
166
537
2280
349
122
335
172
2276
847
1505
1414
1696
60
1365
196
528
1749
247
765
210
348
1777
258
223
105
360
889
785
13
4736
537
171
248
116
300
240
288
1688
2463
285
1749
529
1777
1414
409
4736
336
122
60
433
196
349
847
166
335
2276
170
360
2721
1365
1489
1688
329
13
247
300
697
528
275
348
127
240
2504
122
1749
348
105
127
60
360
166
804
300
889
1414
349
974
178
329
288
847
433
528
2280
1696
255
263
1489
765
196
4736
172
1599
2504
844
240
1505
247
223
248
105
2280
196
2463
178
371
1505
847
285
336
293
329
122
697
360
2504
690
60
420
1749
154
171
263
765
2276
1414
255
2721
537
785
1777
185
1365
166
420
349
171
528
974
285
195
409
263
1749
196
288
172
2721
329
889
360
765
122
13
255
697
185
205
240
336
248
116
210
201
537
169
1696
223
