178
258
284
276
387
711
27
561
723
1732
76
673
94
648
966
24
81
279
474
2091
1012
710
179
453
281
314
569
477
121
668
563
313
328
393
479
729
97
667
717
82
314
258
387
284
660
32
474
304
2091
276
76
486
78
1732
24
121
563
495
966
477
328
731
453
318
710
392
663
81
533
279
495
27
76
1945
668
484
82
318
483
723
179
544
667
392
479
717
2140
393
24
481
397
710
59
966
279
94
303
614
1012
29
720
486
663
78
569
668
303
710
711
614
563
279
328
27
2091
276
729
1012
387
569
97
561
25
82
663
477
966
481
483
717
258
731
648
76
304
1945
453
284
318
525
710
966
563
328
393
32
78
25
481
304
2140
82
276
483
667
2091
672
533
1732
1012
720
97
474
27
673
29
711
723
525
717
1945
479
397
486
281
318
474
24
723
667
28
314
453
525
563
710
94
276
481
2140
477
59
304
663
673
78
27
533
313
258
25
966
479
544
29
76
393
121
668
178
318
474
966
1732
672
32
28
258
533
387
561
668
481
1012
723
179
660
717
648
663
480
486
1945
710
525
279
393
392
25
24
2140
397
304
453
81
668
2091
453
660
97
710
25
303
94
318
729
29
24
2140
663
483
614
328
1012
495
81
392
28
731
393
477
481
387
717
672
314
650
178
279
479
121
24
82
1966
303
279
731
29
720
387
276
304
614
314
480
32
397
667
2140
392
78
318
1945
563
81
94
59
328
668
723
178
474
650
281
1012
483
660
281
2140
397
25
723
81
668
279
710
648
717
563
525
304
94
393
82
314
24
28
59
387
27
484
474
667
533
1012
284
720
78
1945
479
614
318
24
1966
29
453
32
179
97
660
76
27
650
28
710
1012
284
78
731
561
544
672
313
397
1945
711
480
663
648
966
279
495
486
387
258
178
477
1966
25
24
563
481
668
673
614
479
279
2140
32
28
723
284
525
304
561
179
387
729
276
328
731
453
1732
569
663
27
314
392
318
650
387
710
258
717
1945
486
392
663
731
729
569
648
82
397
81
1966
1012
453
477
563
614
711
720
723
479
97
650
313
25
279
660
276
544
561
393
563
673
2091
303
178
82
650
569
393
663
533
314
672
284
731
710
94
313
1945
717
561
179
453
660
28
304
2140
32
81
668
328
318
76
97
729
966
1966
561
94
525
486
710
303
284
667
27
304
660
1732
717
672
480
533
648
453
24
32
178
81
392
483
97
314
179
313
59
121
720
276
82
314
32
533
966
561
660
717
710
729
481
614
29
303
483
723
453
313
276
82
97
393
304
731
563
648
484
258
178
569
1945
480
76
121
27
479
24
179
397
673
121
668
59
76
178
303
284
258
483
614
393
276
648
495
486
387
569
78
2091
1966
660
32
281
723
474
1945
453
392
279
28
717
563
29
81
314
483
966
32
533
650
258
717
672
281
480
59
387
495
121
97
328
614
663
486
710
477
2140
304
393
668
179
453
284
279
479
474
328
479
533
663
1012
304
314
729
25
660
495
453
318
276
480
2091
313
32
24
966
392
474
258
393
94
1732
668
1945
397
2140
569
731
525
650
27
179
731
484
710
304
2091
393
59
544
281
121
392
479
569
27
284
966
2140
729
314
82
76
318
563
178
486
650
328
97
1732
474
279
303
477
453
32
276
667
28
303
94
392
178
314
561
279
479
313
27
672
97
29
731
966
717
544
650
673
663
481
453
614
387
81
486
484
393
569
121
1966
484
729
614
663
97
303
525
1945
32
479
284
477
660
731
710
28
2140
397
121
1012
314
569
276
481
387
563
673
76
2091
281
668
29
304
711
544
29
94
258
392
710
481
284
717
723
563
660
1945
474
533
97
720
561
314
281
179
673
453
966
729
81
76
484
82
276
663
648
32
667
731
486
667
525
673
717
2091
258
1012
569
474
178
729
561
304
710
479
81
668
650
663
648
328
453
94
393
76
533
723
32
614
495
313
477
279
480
29
453
561
667
731
303
76
258
660
483
723
650
2140
481
318
729
304
563
1012
533
25
82
276
59
710
94
648
97
29
178
663
711
614
328
717
569
29
731
1945
720
486
94
477
318
484
279
392
729
59
314
1732
533
525
650
711
27
303
966
561
479
544
78
121
495
2140
313
480
569
276
667
723
276
563
966
392
481
121
258
477
650
614
179
314
1966
480
731
486
27
281
393
453
387
495
479
59
544
178
673
397
78
723
474
648
668
1732
525
1966
313
59
729
81
392
328
668
966
477
25
178
711
2091
710
318
569
1732
660
453
1012
314
276
284
663
179
27
303
1945
672
483
474
28
387
720
81
2140
1945
121
303
561
29
1732
28
97
544
25
59
82
453
480
663
481
392
258
668
318
477
313
569
178
32
2091
276
729
486
660
387
648
484
614
76
729
495
481
25
393
563
569
711
328
648
304
525
279
660
663
1945
78
392
121
1966
28
2140
710
480
533
29
276
483
179
258
27
59
284
2140
525
720
313
1966
318
563
29
483
668
387
304
276
121
569
660
178
81
32
279
479
650
673
258
1945
731
281
1732
723
966
495
533
484
663
59
729
561
966
258
720
2140
279
2091
650
81
495
121
711
313
723
78
397
648
318
544
483
710
481
276
314
477
97
1732
672
32
533
663
284
484
1966
178
672
2091
284
1945
660
525
179
392
82
486
1732
673
474
279
328
711
648
78
81
731
29
393
94
281
563
303
313
480
667
729
481
484
1012
32
484
486
525
32
2091
673
563
328
25
387
27
544
82
303
318
121
660
711
1012
313
78
966
24
76
276
258
569
397
720
453
479
1732
2140
731
614
569
121
660
2140
313
720
614
723
544
387
1732
477
2091
397
668
328
729
663
533
731
27
24
673
672
486
284
393
480
495
481
710
279
303
32
29
1732
59
393
2091
1945
397
121
533
94
258
328
474
648
711
723
486
25
179
667
303
27
479
668
544
484
392
178
729
28
731
673
279
281
314
313
28
453
480
276
76
483
27
484
82
673
2091
720
24
710
474
313
668
648
525
78
94
533
178
387
397
569
561
477
1732
495
281
614
81
25
318
258
29
660
483
731
279
486
276
392
393
1012
672
94
318
303
710
24
723
729
328
561
78
121
1732
178
453
97
76
569
479
28
614
32
82
304
304
81
1012
495
97
474
650
731
179
648
480
525
1732
303
314
178
672
614
2140
258
82
387
544
710
284
723
76
59
1945
32
94
78
483
663
569
711
313
668
393
24
544
720
29
281
25
318
1945
614
480
76
486
392
32
474
179
533
2140
387
569
27
673
477
28
481
121
303
731
276
453
82
32
1945
1966
318
78
328
29
614
495
667
178
672
563
1732
477
673
82
2140
1012
284
2091
711
453
25
59
387
397
483
279
481
561
121
76
486
392
717
284
729
178
481
28
78
179
392
281
76
484
1732
24
27
97
25
32
672
660
495
563
479
94
650
673
279
480
2091
477
711
328
731
258
544
313
179
284
663
304
563
81
723
397
710
650
178
94
25
673
648
667
76
474
729
1012
387
27
483
1945
2091
318
966
2140
276
281
393
495
258
660
668
544
660
29
717
673
387
495
561
59
393
1945
2140
663
28
563
453
27
486
484
81
569
525
1732
711
179
314
94
479
392
483
2091
481
25
178
668
495
29
729
314
966
477
258
281
78
711
484
673
279
663
94
717
650
178
1012
276
720
533
392
614
27
97
59
28
483
453
2091
82
710
544
1966
481
453
483
178
663
966
81
76
1945
650
563
477
284
392
710
24
1012
614
318
480
29
474
258
304
393
179
1732
672
561
25
328
729
673
711
672
525
78
304
563
76
397
178
484
303
650
720
28
1945
281
711
81
614
479
480
486
27
1732
495
561
533
279
258
393
544
729
648
97
477
82
480
563
650
544
525
660
668
179
27
1732
729
314
29
25
281
284
477
2091
672
731
94
76
710
453
393
32
648
304
663
723
276
1945
533
484
303
966
279
27
32
525
178
480
59
25
486
483
284
711
397
481
569
660
392
276
544
667
614
179
387
720
318
81
314
121
484
94
668
393
563
477
179
284
78
667
304
648
1732
24
94
484
474
660
97
328
533
486
25
1966
59
397
569
561
32
313
663
481
2140
672
279
453
966
717
121
76
2091
