473
940
1498
1821
361
802
488
470
1885
211
1771
1008
1097
521
1633
1002
2882
683
755
808
230
923
1966
689
1638
2050
907
20
756
218
471
1
214
3
4
916
2
5
7
6
473
940
1498
1821
361
802
488
470
1885
211
1771
1008
1097
521
1633
1002
2882
683
755
808
230
923
1966
689
1638
2050
907
20
756
218
471
1
214
3
4
916
2
5
7
6
473
940
1498
1821
361
802
488
470
1885
211
1771
1008
1097
521
1633
1002
2882
683
755
808
230
923
1966
689
1638
2050
907
20
756
218
471
1
214
3
4
916
2
5
7
6
473
940
1498
1821
361
802
488
470
1885
211
1771
1008
1097
521
1633
1002
2882
683
755
808
230
923
1966
689
1638
2050
907
20
756
218
471
1
214
3
4
916
2
5
7
6
473
940
1498
1821
361
802
488
470
1885
211
1771
1008
1097
521
1633
1002
2882
683
755
808
230
923
1966
689
1638
2050
907
20
756
218
471
1
214
3
4
916
2
5
7
6
473
940
1498
1821
361
802
488
470
1885
211
1771
1008
1097
521
1633
1002
2882
683
755
808
230
923
1966
689
1638
2050
907
20
756
218
471
1
214
3
4
916
2
5
7
6
473
940
1498
1821
361
802
488
470
1885
211
1771
1008
1097
521
1633
1002
2882
683
755
808
230
923
1966
689
1638
2050
907
20
756
218
471
1
214
3
4
916
2
5
7
6
473
940
1498
1821
361
802
488
470
1885
211
1771
1008
1097
521
1633
1002
2882
683
755
808
230
923
1966
689
1638
2050
907
20
756
218
471
1
214
3
4
916
2
5
7
6
473
940
1498
1821
361
802
488
470
1885
211
1771
1008
1097
521
1633
1002
2882
683
755
808
230
923
1966
689
1638
2050
907
20
756
218
471
1
214
3
4
916
2
5
7
6
473
940
1498
1821
361
802
488
470
1885
211
1771
1008
1097
521
1633
1002
2882
683
755
808
230
923
1966
689
1638
2050
907
20
756
218
471
1
214
3
4
916
2
5
7
6
473
940
1498
1821
361
802
488
470
1885
211
1771
1008
1097
521
1633
1002
2882
683
755
808
230
923
1966
689
1638
2050
907
20
756
218
471
1
214
3
4
916
2
5
7
6
473
940
1498
1821
361
802
488
470
1885
211
1771
1008
1097
521
1633
1002
2882
683
755
808
230
923
1966
689
1638
2050
907
20
756
218
471
1
214
3
4
916
2
5
7
6
473
940
1498
1821
361
802
488
470
1885
211
1771
1008
1097
521
1633
1002
2882
683
755
808
230
923
1966
689
1638
2050
907
20
756
218
471
1
214
3
4
916
2
5
7
6
473
940
1498
1821
361
802
488
470
1885
211
1771
1008
1097
521
1633
1002
2882
683
755
808
230
923
1966
689
1638
2050
907
20
756
218
471
1
214
3
4
916
2
5
7
6
473
940
1498
1821
361
802
488
470
1885
211
1771
1008
1097
521
1633
1002
2882
683
755
808
230
923
1966
689
1638
2050
907
20
756
218
471
1
214
3
4
916
2
5
7
6
473
940
1498
1821
361
802
488
470
1885
211
1771
1008
1097
521
1633
1002
2882
683
755
808
230
923
1966
689
1638
2050
907
20
756
218
471
1
214
3
4
916
2
5
7
6
473
940
1498
1821
361
802
488
470
1885
211
1771
1008
1097
521
1633
1002
2882
683
755
808
230
923
1966
689
1638
2050
907
20
756
218
471
1
214
3
4
916
2
5
7
6
473
940
1498
1821
361
802
488
470
1885
211
1771
1008
1097
521
1633
1002
2882
683
755
808
230
923
1966
689
1638
2050
907
20
756
218
471
1
214
3
4
916
2
5
7
6
473
940
1498
1821
361
802
488
470
1885
211
1771
1008
1097
521
1633
1002
2882
683
755
808
230
923
1966
689
1638
2050
907
20
756
218
471
1
214
3
4
916
2
5
7
6
473
940
1498
1821
361
802
488
470
1885
211
1771
1008
1097
521
1633
1002
2882
683
755
808
230
923
1966
689
1638
2050
907
20
756
218
471
1
214
3
4
916
2
5
7
6
473
940
1498
1821
361
802
488
470
1885
211
1771
1008
1097
521
1633
1002
2882
683
755
808
230
923
1966
689
1638
2050
907
20
756
218
471
1
214
3
4
916
2
5
7
6
473
940
1498
1821
361
802
488
470
1885
211
1771
1008
1097
521
1633
1002
2882
683
755
808
230
923
1966
689
1638
2050
907
20
756
218
471
1
214
3
4
916
2
5
7
6
473
940
1498
1821
361
802
488
470
1885
211
1771
1008
1097
521
1633
1002
2882
683
755
808
230
923
1966
689
1638
2050
907
20
756
218
471
1
214
3
4
916
2
5
7
6
473
940
1498
1821
361
802
488
470
1885
211
1771
1008
1097
521
1633
1002
2882
683
755
808
230
923
1966
689
1638
2050
907
20
756
218
471
1
214
3
4
916
2
5
7
6
473
940
1498
1821
361
802
488
470
1885
211
1771
1008
1097
521
1633
1002
2882
683
755
808
230
923
1966
689
1638
2050
907
20
756
218
471
1
214
3
4
916
2
5
7
6
473
940
1498
1821
361
802
488
470
1885
211
1771
1008
1097
521
1633
1002
2882
683
755
808
230
923
1966
689
1638
2050
907
20
756
218
471
1
214
3
4
916
2
5
7
6
473
940
1498
1821
361
802
488
470
1885
211
1771
1008
1097
521
1633
1002
2882
683
755
808
230
923
1966
689
1638
2050
907
20
756
218
471
1
214
3
4
916
2
5
7
6
473
940
1498
1821
361
802
488
470
1885
211
1771
1008
1097
521
1633
1002
2882
683
755
808
230
923
1966
689
1638
2050
907
20
756
218
471
1
214
3
4
916
2
5
7
6
473
940
1498
1821
361
802
488
470
1885
211
1771
1008
1097
521
1633
1002
2882
683
755
808
230
923
1966
689
1638
2050
907
20
756
218
471
1
214
3
4
916
2
5
7
6
473
940
1498
1821
361
802
488
470
1885
211
1771
1008
1097
521
1633
1002
2882
683
755
808
230
923
1966
689
1638
2050
907
20
756
218
471
1
214
3
4
916
2
5
7
6
473
940
1498
1821
361
802
488
470
1885
211
1771
1008
1097
521
1633
1002
2882
683
755
808
230
923
1966
689
1638
2050
907
20
756
218
471
1
214
3
4
916
2
5
7
6
473
940
1498
1821
361
802
488
470
1885
211
1771
1008
1097
521
1633
1002
2882
683
755
808
230
923
1966
689
1638
2050
907
20
756
218
471
1
214
3
4
916
2
5
7
6
473
940
1498
1821
361
802
488
470
1885
211
1771
1008
1097
521
1633
1002
2882
683
755
808
230
923
1966
689
1638
2050
907
20
756
218
471
1
214
3
4
916
2
5
7
6
473
940
1498
1821
361
802
488
470
1885
211
1771
1008
1097
521
1633
1002
2882
683
755
808
230
923
1966
689
1638
2050
907
20
756
218
471
1
214
3
4
916
2
5
7
6
473
940
1498
1821
361
802
488
470
1885
211
1771
1008
1097
521
1633
1002
2882
683
755
808
230
923
1966
689
1638
2050
907
20
756
218
471
1
214
3
4
916
2
5
7
6
473
940
1498
1821
361
802
488
470
1885
211
1771
1008
1097
521
1633
1002
2882
683
755
808
230
923
1966
689
1638
2050
907
20
756
218
471
1
214
3
4
916
2
5
7
6
473
940
1498
1821
361
802
488
470
1885
211
1771
1008
1097
521
1633
1002
2882
683
755
808
230
923
1966
689
1638
2050
907
20
756
218
471
1
214
3
4
916
2
5
7
6
473
940
1498
1821
361
802
488
470
1885
211
1771
1008
1097
521
1633
1002
2882
683
755
808
230
923
1966
689
1638
2050
907
20
756
218
471
1
214
3
4
916
2
5
7
6
473
940
1498
1821
361
802
488
470
1885
211
1771
1008
1097
521
1633
1002
2882
683
755
808
230
923
1966
689
1638
2050
907
20
756
218
471
1
214
3
4
916
2
5
7
6
473
940
1498
1821
361
802
488
470
1885
211
1771
1008
1097
521
1633
1002
2882
683
755
808
230
923
1966
689
1638
2050
907
20
756
218
471
1
214
3
4
916
2
5
7
6
473
940
1498
1821
361
802
488
470
1885
211
1771
1008
1097
521
1633
1002
2882
683
755
808
230
923
1966
689
1638
2050
907
20
756
218
471
1
214
3
4
916
2
5
7
6
473
940
1498
1821
361
802
488
470
1885
211
1771
1008
1097
521
1633
1002
2882
683
755
808
230
923
1966
689
1638
2050
907
20
756
218
471
1
214
3
4
916
2
5
7
6
473
940
1498
1821
361
802
488
470
1885
211
1771
1008
1097
521
1633
1002
2882
683
755
808
230
923
1966
689
1638
2050
907
20
756
218
471
1
214
3
4
916
2
5
7
6
473
940
1498
1821
361
802
488
470
1885
211
1771
1008
1097
521
1633
1002
2882
683
755
808
230
923
1966
689
1638
2050
907
20
756
218
471
1
214
3
4
916
2
5
7
6
473
940
1498
1821
361
802
488
470
1885
211
1771
1008
1097
521
1633
1002
2882
683
755
808
230
923
1966
689
1638
2050
907
20
756
218
471
1
214
3
4
916
2
5
7
6
473
940
1498
1821
361
802
488
470
1885
211
1771
1008
1097
521
1633
1002
2882
683
755
808
230
923
1966
689
1638
2050
907
20
756
218
471
1
214
3
4
916
2
5
7
6
473
940
1498
1821
361
802
488
470
1885
211
1771
1008
1097
521
1633
1002
2882
683
755
808
230
923
1966
689
1638
2050
907
20
756
218
471
1
214
3
4
916
2
5
7
6
473
940
1498
1821
361
802
488
470
1885
211
1771
1008
1097
521
1633
1002
2882
683
755
808
230
923
1966
689
1638
2050
907
20
756
218
471
1
214
3
4
916
2
5
7
6
473
940
1498
1821
361
802
488
470
1885
211
1771
1008
1097
521
1633
1002
2882
683
755
808
230
923
1966
689
1638
2050
907
20
756
218
471
1
214
3
4
916
2
5
7
6
473
940
1498
1821
361
802
488
470
1885
211
1771
1008
1097
521
1633
1002
2882
683
755
808
230
923
1966
689
1638
2050
907
20
756
218
471
1
214
3
4
916
2
5
7
6
