105
236
655
599
1319
2514
2061
386
211
705
1369
577
1940
1240
184
688
1368
937
220
1889
203
28
1040
1641
1241
75
81
2885
732
2064
725
691
576
1523
2266
2448
810
1144
399
1035
645
1943
813
236
386
2046
2102
184
2885
83
2066
1240
2266
2621
605
2061
2448
1120
608
599
399
576
1710
1091
725
1254
810
809
1889
715
1368
241
2067
1369
1009
2514
688
314
2064
937
1940
1710
809
1368
203
170
1225
2621
2514
715
659
1620
614
1319
319
645
1237
810
89
599
220
1241
608
709
577
2061
2046
1369
2102
1091
937
1869
81
576
655
231
2266
688
1992
1033
605
81
725
1310
2067
220
1240
2102
184
2064
1040
89
1523
170
1943
28
809
1889
2061
386
576
318
645
75
1710
691
614
2621
1319
1368
608
2514
1241
231
709
314
1009
319
2046
732
705
28
319
1620
1240
1130
1144
227
2621
318
1091
203
645
1310
231
170
715
2067
1040
1710
2266
605
1889
220
810
236
1237
1120
1992
599
1241
314
1369
105
725
2514
576
1943
1319
809
2066
715
2102
1241
399
1641
1940
1620
1889
1254
2067
645
1369
809
599
1319
75
2621
688
2046
1040
83
236
1033
318
2448
89
705
937
386
1035
1120
2061
713
227
725
314
709
1943
319
203
399
2885
318
1940
725
2102
645
220
2621
105
241
1889
691
211
688
1943
184
231
813
2061
1033
1009
809
2064
1992
1319
2514
2066
236
1241
81
1368
605
1144
83
2046
89
705
655
203
2448
614
28
2514
713
688
608
1369
1319
1992
813
1144
709
236
576
1225
318
705
605
386
1368
1120
1130
645
810
577
2046
1940
1009
809
1515
75
220
2621
105
2066
691
1943
227
605
705
2885
203
314
2061
1641
2448
83
937
2514
1254
399
1009
1620
709
608
813
2067
645
679
241
1240
732
688
725
1091
1130
319
1033
577
184
1523
715
599
386
318
809
713
2266
1641
399
1130
220
2514
231
83
1992
1710
236
1120
89
813
2621
688
810
2061
2046
2885
2266
1310
1144
1940
599
2066
605
241
203
314
1040
1620
614
1368
2102
1523
732
577
709
81
319
1889
1240
1033
2621
319
318
211
28
203
1515
184
220
1940
2067
89
688
1120
1523
2102
809
577
75
1241
1368
1237
1009
614
1254
1130
399
725
227
1943
599
2066
314
1310
937
83
810
220
655
1254
1144
105
1225
2066
1319
399
2046
1369
1368
599
1241
170
688
577
576
2621
1710
83
732
318
2266
645
709
1237
715
2064
1091
1009
1869
2067
1889
28
1523
2448
1641
1943
605
170
1091
1368
1033
2266
645
227
608
713
314
576
691
813
2061
577
1940
1237
75
1943
386
1035
1319
211
105
655
203
688
2514
1641
241
1240
715
2064
1120
1130
732
725
1009
599
810
810
715
81
655
2102
314
688
1515
1310
1641
2448
713
1523
1009
809
1120
184
399
2266
659
576
1225
28
211
386
599
2621
2046
318
1940
1368
75
605
1237
2061
1040
2514
1620
203
1319
241
170
1240
2067
1254
1040
2266
709
2885
1310
1368
715
1130
810
713
81
688
1009
2621
1241
83
1319
2061
599
679
659
2066
184
1033
75
211
1120
1940
1889
386
1992
1710
645
2046
937
1992
75
2066
399
220
608
2266
1940
231
241
659
2448
1620
1310
227
577
709
1368
1710
1130
28
386
1319
810
1641
1144
170
1523
1515
1225
81
318
688
1237
705
105
679
314
2885
1943
1641
709
725
1368
1992
705
184
318
659
2266
1241
691
1009
2066
105
83
241
688
715
810
2514
1130
399
1237
1943
319
1310
713
231
1369
2067
1710
645
1254
203
576
170
1120
1035
2064
691
241
605
1009
1144
1523
2102
1040
705
608
399
576
1515
236
813
1940
1225
81
170
725
1992
1889
220
645
709
2448
1091
1319
2266
203
2066
1869
2067
809
1033
1120
386
715
1254
2885
1091
1241
614
1641
170
605
105
1940
1254
2514
399
236
314
2621
386
599
1225
608
713
2064
184
1310
1523
1515
1237
688
2102
28
319
1620
645
1040
809
1710
1035
1368
1369
1033
1992
1889
608
1515
2061
691
599
645
2266
576
1889
732
2064
1237
1040
2448
231
655
705
318
1225
713
2102
1241
709
1130
1033
2621
1620
810
236
809
1369
2514
1319
1710
659
211
725
386
937
2885
1940
211
688
691
713
1144
1091
227
1225
1033
2448
599
659
937
184
1120
1889
1369
1515
1310
28
614
809
1368
655
89
1130
83
709
241
2046
2514
813
725
605
1240
2067
577
231
2066
203
1940
1992
576
688
1091
614
2102
1120
937
691
715
2621
89
2514
1009
1641
713
1523
2066
28
2885
709
2448
1319
220
809
1033
599
655
2266
725
577
75
1710
1369
810
241
659
1368
645
241
75
1943
220
809
2066
1992
813
2102
691
1940
1225
2514
1035
1144
89
105
713
2621
1641
2061
211
577
231
1130
2266
705
605
318
614
1523
725
1091
399
655
1319
937
715
1040
608
1091
1889
1523
386
1369
227
1310
231
577
1033
1240
105
2061
1120
732
89
2066
599
1992
2448
713
2621
220
1040
1710
2067
937
170
705
241
1368
314
645
184
1515
1035
2102
2046
688
1641
1943
576
227
2046
184
1940
809
614
659
1369
170
28
318
2885
1033
1130
2064
1237
1889
705
2067
319
83
220
1035
399
1240
105
1091
1009
713
715
725
1620
1225
1869
608
236
1319
1144
1710
1620
1368
28
2448
1869
1254
1009
1040
1369
203
1310
318
75
688
705
2102
1241
105
231
386
1091
1225
1515
1237
725
89
2266
2514
614
1940
184
2061
1033
1120
83
2064
576
2066
577
2061
1237
725
203
184
1620
399
1035
810
679
691
81
2046
1254
1515
236
1641
608
1368
1120
1889
655
1225
2266
2885
599
105
605
2448
659
83
319
705
1369
1992
2067
1144
2066
1241
713
1319
1310
1040
2046
1035
1523
1368
231
1943
705
2266
2064
1869
1009
679
1144
1091
399
1889
81
605
725
645
1940
1641
75
2066
2514
614
659
203
937
2067
2061
577
1240
211
2885
89
655
2046
319
2061
314
576
75
203
170
1091
810
1241
1889
813
1369
1040
679
1033
709
713
614
1130
2064
386
89
645
599
184
937
1120
1254
1515
605
1992
211
2621
83
1035
1523
2066
1710
1120
2067
1254
170
231
1225
1515
184
1940
655
576
28
679
2514
386
399
75
89
2061
1241
2102
2066
1033
705
236
725
809
645
1641
2046
599
713
659
1889
691
2621
105
688
1130
2061
705
715
1225
691
1620
1869
608
713
1368
605
645
576
813
1120
170
2064
1241
688
2448
241
1035
1033
75
211
83
386
1130
319
1009
220
1310
937
809
599
236
318
2067
2621
1240
691
1033
725
599
1620
645
105
170
614
203
1120
577
2067
1035
83
318
211
319
1241
1040
659
1144
1992
715
655
1523
314
386
1319
1889
28
937
2266
1869
2064
2046
81
89
713
810
809
386
28
608
231
1869
1130
184
1641
705
732
937
2066
1310
1225
170
688
691
241
220
599
2061
1009
713
2102
1241
1943
2046
1369
314
2266
679
605
75
1240
203
659
236
1033
614
2514
645
227
2064
713
1237
705
1035
1620
2061
1241
1310
28
810
1009
1368
89
1641
386
1240
1523
1225
1889
105
605
715
1369
1033
2621
2102
2046
1091
170
608
203
1254
732
211
1940
659
75
89
725
241
2067
83
1130
1035
1523
691
1240
105
1515
614
399
2514
1620
1992
2885
599
715
732
1310
709
1943
813
705
2448
1120
1144
2046
2061
1225
1641
1237
28
2064
576
203
659
809
1710
659
1009
236
2448
1130
1523
2621
810
1368
314
576
1869
170
614
1241
231
1940
599
1310
1035
1369
2514
1033
1240
81
688
645
28
1225
605
725
732
399
75
709
241
1641
203
386
688
659
2064
813
1940
725
1091
2448
1992
732
184
1368
1033
1130
1240
2067
170
1237
89
203
220
1120
2514
2046
1620
713
1889
605
1869
211
709
691
1225
809
645
1310
1515
318
1254
227
2066
1889
314
1515
1091
1254
1368
655
1237
2514
1369
1310
605
705
2448
2266
732
659
184
241
1943
211
318
2621
725
1035
399
2067
937
691
1319
75
83
645
1120
614
1009
319
2046
386
2061
170
220
709
1091
937
184
81
28
1523
1369
89
715
2621
1241
1040
705
599
2046
614
1940
211
810
679
576
314
608
1144
577
1710
1120
1310
319
1641
1620
2066
732
318
1009
386
1869
1523
1040
713
318
1710
2885
1144
1240
170
705
220
605
1009
399
2066
89
810
809
2621
28
655
2061
1237
645
1620
813
227
211
1033
2067
319
679
688
1515
231
75
732
2064
83
314
1130
236
2621
732
645
203
655
386
1009
709
1710
1319
1225
614
184
1310
1369
705
105
28
1943
715
659
608
605
1515
2046
1869
81
1241
679
1035
809
713
227
2067
691
1144
713
184
1641
1240
203
1033
810
2514
1035
1889
715
1254
1040
605
1940
2102
2621
220
1130
1368
386
614
1009
2064
231
705
1241
645
691
2066
1710
1310
732
83
659
608
599
314
1319
813
1241
231
2067
1009
1515
937
1641
1144
2061
399
813
314
28
319
2066
1869
713
2102
605
2621
1992
705
599
220
732
608
1368
725
1889
184
81
318
1040
715
1225
241
170
1237
1240
1254
75
2102
314
937
2266
713
608
715
1144
1710
203
1889
1237
227
605
2046
241
105
1033
89
2064
2514
1368
614
2448
659
577
688
170
2621
231
705
645
1009
810
1225
1120
28
725
1869
2067
75
605
1120
645
1035
937
83
2885
89
227
211
608
709
715
809
236
732
1237
184
314
2514
2066
220
1240
725
688
28
577
1254
2061
1710
203
170
576
1869
319
655
81
1319
1035
1310
314
81
1368
2102
241
1889
319
318
2266
659
576
89
1710
1144
2448
691
614
709
2621
1319
1130
184
1620
599
386
810
715
75
809
170
1241
577
2885
1992
1523
1240
1237
1120
813
1940
2448
170
576
732
211
810
318
709
645
659
1225
2046
227
1368
1710
937
203
1120
105
236
1943
1319
1040
1992
2061
2064
691
679
1254
655
89
399
705
2067
715
725
1130
220
241
614
688
1889
2067
576
1620
184
1319
2046
1254
105
1641
655
2885
2266
1368
809
2061
314
1992
318
1241
1144
227
715
28
813
2448
605
2102
732
1130
1120
2514
231
1940
1943
1369
645
1940
2064
2621
1620
319
813
241
1009
1992
220
2514
599
709
1254
1943
386
614
1369
608
1515
679
1144
577
725
1130
1889
227
170
715
688
732
2066
314
655
203
105
1240
576
605
75
81
599
2046
83
1641
241
1368
713
1310
1144
1225
1889
2064
1620
679
1319
688
691
203
1254
1091
810
2102
577
314
236
75
1130
2266
1940
1040
813
211
614
1992
1523
2885
399
809
1237
