134
55
666
81
137
3
332
52
259
2
134
55
666
81
137
3
332
52
259
2
134
55
666
81
137
3
332
52
259
2
134
55
666
81
137
3
332
52
259
2
134
55
666
81
137
3
332
52
259
2
134
55
666
81
137
3
332
52
259
2
134
55
666
81
137
3
332
52
259
2
134
55
666
81
137
3
332
52
259
2
134
55
666
81
137
3
332
52
259
2
134
55
666
81
137
3
332
52
259
2
134
55
666
81
137
3
332
52
259
2
134
55
666
81
137
3
332
52
259
2
134
55
666
81
137
3
332
52
259
2
134
55
666
81
137
3
332
52
259
2
134
55
666
81
137
3
332
52
259
2
134
55
666
81
137
3
332
52
259
2
134
55
666
81
137
3
332
52
259
2
134
55
666
81
137
3
332
52
259
2
134
55
666
81
137
3
332
52
259
2
134
55
666
81
137
3
332
52
259
2
134
55
666
81
137
3
332
52
259
2
134
55
666
81
137
3
332
52
259
2
134
55
666
81
137
3
332
52
259
2
134
55
666
81
137
3
332
52
259
2
134
55
666
81
137
3
332
52
259
2
134
55
666
81
137
3
332
52
259
2
134
55
666
81
137
3
332
52
259
2
134
55
666
81
137
3
332
52
259
2
134
55
666
81
137
3
332
52
259
2
134
55
666
81
137
3
332
52
259
2
134
55
666
81
137
3
332
52
259
2
134
55
666
81
137
3
332
52
259
2
134
55
666
81
137
3
332
52
259
2
134
55
666
81
137
3
332
52
259
2
134
55
666
81
137
3
332
52
259
2
134
55
666
81
137
3
332
52
259
2
134
55
666
81
137
3
332
52
259
2
134
55
666
81
137
3
332
52
259
2
134
55
666
81
137
3
332
52
259
2
134
55
666
81
137
3
332
52
259
2
134
55
666
81
137
3
332
52
259
2
134
55
666
81
137
3
332
52
259
2
134
55
666
81
137
3
332
52
259
2
134
55
666
81
137
3
332
52
259
2
134
55
666
81
137
3
332
52
259
2
134
55
666
81
137
3
332
52
259
2
134
55
666
81
137
3
332
52
259
2
134
55
666
81
137
3
332
52
259
2
134
55
666
81
137
3
332
52
259
2
134
55
666
81
137
3
332
52
259
2
