906
590
157
1288
403
365
398
143
3628
1317
906
590
157
1288
403
365
398
143
3628
1317
906
590
157
1288
403
365
398
143
3628
1317
906
590
157
1288
403
365
398
143
3628
1317
906
590
157
1288
403
365
398
143
3628
1317
906
590
157
1288
403
365
398
143
3628
1317
906
590
157
1288
403
365
398
143
3628
1317
906
590
157
1288
403
365
398
143
3628
1317
906
590
157
1288
403
365
398
143
3628
1317
906
590
157
1288
403
365
398
143
3628
1317
906
590
157
1288
403
365
398
143
3628
1317
906
590
157
1288
403
365
398
143
3628
1317
906
590
157
1288
403
365
398
143
3628
1317
906
590
157
1288
403
365
398
143
3628
1317
906
590
157
1288
403
365
398
143
3628
1317
906
590
157
1288
403
365
398
143
3628
1317
906
590
157
1288
403
365
398
143
3628
1317
906
590
157
1288
403
365
398
143
3628
1317
906
590
157
1288
403
365
398
143
3628
1317
906
590
157
1288
403
365
398
143
3628
1317
906
590
157
1288
403
365
398
143
3628
1317
906
590
157
1288
403
365
398
143
3628
1317
906
590
157
1288
403
365
398
143
3628
1317
906
590
157
1288
403
365
398
143
3628
1317
906
590
157
1288
403
365
398
143
3628
1317
906
590
157
1288
403
365
398
143
3628
1317
906
590
157
1288
403
365
398
143
3628
1317
906
590
157
1288
403
365
398
143
3628
1317
906
590
157
1288
403
365
398
143
3628
1317
906
590
157
1288
403
365
398
143
3628
1317
906
590
157
1288
403
365
398
143
3628
1317
906
590
157
1288
403
365
398
143
3628
1317
906
590
157
1288
403
365
398
143
3628
1317
906
590
157
1288
403
365
398
143
3628
1317
906
590
157
1288
403
365
398
143
3628
1317
906
590
157
1288
403
365
398
143
3628
1317
906
590
157
1288
403
365
398
143
3628
1317
906
590
157
1288
403
365
398
143
3628
1317
906
590
157
1288
403
365
398
143
3628
1317
906
590
157
1288
403
365
398
143
3628
1317
906
590
157
1288
403
365
398
143
3628
1317
906
590
157
1288
403
365
398
143
3628
1317
906
590
157
1288
403
365
398
143
3628
1317
906
590
157
1288
403
365
398
143
3628
1317
906
590
157
1288
403
365
398
143
3628
1317
906
590
157
1288
403
365
398
143
3628
1317
906
590
157
1288
403
365
398
143
3628
1317
906
590
157
1288
403
365
398
143
3628
1317
906
590
157
1288
403
365
398
143
3628
1317
906
590
157
1288
403
365
398
143
3628
1317
