1
209
123
79
138
174
359
136
144
103
1
209
123
79
138
174
359
136
144
103
1
209
123
79
138
174
359
136
144
103
1
209
123
79
138
174
359
136
144
103
1
209
123
79
138
174
359
136
144
103
1
209
123
79
138
174
359
136
144
103
1
209
123
79
138
174
359
136
144
103
1
209
123
79
138
174
359
136
144
103
1
209
123
79
138
174
359
136
144
103
1
209
123
79
138
174
359
136
144
103
1
209
123
79
138
174
359
136
144
103
1
209
123
79
138
174
359
136
144
103
1
209
123
79
138
174
359
136
144
103
1
209
123
79
138
174
359
136
144
103
1
209
123
79
138
174
359
136
144
103
1
209
123
79
138
174
359
136
144
103
1
209
123
79
138
174
359
136
144
103
1
209
123
79
138
174
359
136
144
103
1
209
123
79
138
174
359
136
144
103
1
209
123
79
138
174
359
136
144
103
1
209
123
79
138
174
359
136
144
103
1
209
123
79
138
174
359
136
144
103
1
209
123
79
138
174
359
136
144
103
1
209
123
79
138
174
359
136
144
103
1
209
123
79
138
174
359
136
144
103
1
209
123
79
138
174
359
136
144
103
1
209
123
79
138
174
359
136
144
103
1
209
123
79
138
174
359
136
144
103
1
209
123
79
138
174
359
136
144
103
1
209
123
79
138
174
359
136
144
103
1
209
123
79
138
174
359
136
144
103
1
209
123
79
138
174
359
136
144
103
1
209
123
79
138
174
359
136
144
103
1
209
123
79
138
174
359
136
144
103
1
209
123
79
138
174
359
136
144
103
1
209
123
79
138
174
359
136
144
103
1
209
123
79
138
174
359
136
144
103
1
209
123
79
138
174
359
136
144
103
1
209
123
79
138
174
359
136
144
103
1
209
123
79
138
174
359
136
144
103
1
209
123
79
138
174
359
136
144
103
1
209
123
79
138
174
359
136
144
103
1
209
123
79
138
174
359
136
144
103
1
209
123
79
138
174
359
136
144
103
1
209
123
79
138
174
359
136
144
103
1
209
123
79
138
174
359
136
144
103
1
209
123
79
138
174
359
136
144
103
1
209
123
79
138
174
359
136
144
103
1
209
123
79
138
174
359
136
144
103
1
209
123
79
138
174
359
136
144
103
