59
13
257
49
56
230
57
145
70
59
59
13
257
49
56
230
57
145
70
59
59
13
257
49
56
230
57
145
70
59
59
13
257
49
56
230
57
145
70
59
59
13
257
49
56
230
57
145
70
59
59
13
257
49
56
230
57
145
70
59
59
13
257
49
56
230
57
145
70
59
59
13
257
49
56
230
57
145
70
59
59
13
257
49
56
230
57
145
70
59
59
13
257
49
56
230
57
145
70
59
59
13
257
49
56
230
57
145
70
59
59
13
257
49
56
230
57
145
70
59
59
13
257
49
56
230
57
145
70
59
59
13
257
49
56
230
57
145
70
59
59
13
257
49
56
230
57
145
70
59
59
13
257
49
56
230
57
145
70
59
59
13
257
49
56
230
57
145
70
148
59
13
257
49
56
230
57
145
70
148
59
13
257
49
56
230
57
145
70
148
59
13
257
49
56
230
57
145
70
148
59
13
257
49
56
230
57
145
70
148
59
13
257
49
56
230
57
145
70
148
59
13
257
49
56
230
57
145
70
148
59
13
257
49
56
230
57
145
70
148
59
13
257
49
56
230
57
145
70
148
59
13
257
49
56
230
57
145
70
148
59
13
257
49
56
230
57
145
70
148
59
13
257
49
56
230
57
145
70
148
59
13
257
49
56
230
57
145
70
148
59
13
257
49
56
230
57
145
70
148
59
13
257
49
56
230
57
145
70
148
59
13
257
49
56
230
57
145
70
148
59
13
257
49
56
230
57
145
70
148
59
13
257
49
56
230
57
145
70
148
59
13
257
49
56
230
57
145
70
148
59
13
257
49
56
230
57
145
70
148
59
13
257
49
56
230
57
145
70
148
59
13
257
49
56
230
57
145
70
148
59
13
257
49
56
230
57
145
70
148
59
13
257
49
56
230
57
145
70
148
59
13
257
49
56
230
57
145
70
148
59
13
257
49
56
230
57
145
70
148
59
13
257
49
56
230
57
145
70
148
59
13
257
49
56
230
57
145
70
148
59
13
257
49
56
230
57
145
70
148
59
13
257
49
56
230
57
145
70
148
59
13
257
49
56
230
57
145
70
148
59
13
257
49
56
230
57
145
70
148
59
13
257
49
56
230
57
145
70
148
59
13
257
49
56
230
57
145
70
148
