27
14
41
151
131
105
99
93
297
7
27
98
129
12
297
105
41
15
35
131
27
93
59
35
13
90
12
232
41
7
27
71
105
57
93
44
7
135
243
297
27
243
295
236
27
7
67
151
132
98
27
196
134
11
131
236
245
63
38
111
27
11
12
232
184
236
38
243
183
100
27
183
57
32
35
246
59
105
335
90
27
44
14
232
90
134
100
150
59
247
27
183
38
196
98
90
94
246
57
67
27
150
100
44
295
94
246
135
247
335
27
184
13
63
297
232
134
27
71
295
27
95
111
71
196
57
297
335
131
132
27
234
111
31
151
297
135
136
243
12
27
98
236
57
131
234
35
32
99
297
27
196
105
297
63
183
184
132
32
295
27
111
90
135
136
297
98
246
71
27
27
11
93
12
151
14
32
15
63
184
27
31
297
129
63
41
13
236
67
95
27
95
236
7
243
245
38
92
12
184
27
59
135
99
295
32
31
232
27
44
27
61
59
71
98
27
105
63
13
136
27
184
99
92
11
41
135
7
150
297
27
98
151
131
184
134
335
71
90
67
27
234
95
63
31
14
15
111
196
35
27
92
63
71
61
31
236
38
247
184
27
335
95
183
41
236
184
12
63
67
27
150
35
15
135
236
61
38
32
59
27
32
44
196
59
150
98
15
27
57
27
335
31
297
295
13
90
247
151
129
27
100
243
297
134
12
234
232
92
151
27
31
131
7
92
184
27
297
243
100
27
111
196
44
131
15
57
335
151
11
27
92
297
134
136
196
295
150
131
100
27
13
105
135
247
196
245
297
99
35
27
243
134
236
59
92
31
131
57
67
27
92
63
38
98
99
71
295
90
67
27
57
232
15
7
196
105
61
12
184
27
59
95
100
71
61
150
12
41
132
27
7
183
63
27
234
100
232
94
295
27
32
111
94
63
132
297
236
245
35
27
234
57
13
184
236
135
295
132
90
27
243
14
183
100
134
297
90
232
32
27
135
297
71
67
15
243
232
63
38
27
13
243
100
67
111
99
232
247
93
27
184
38
13
44
59
105
11
99
57
27
63
100
134
111
13
98
132
196
243
27
11
93
7
14
94
111
234
67
295
27
134
57
95
93
131
12
61
41
150
27
94
131
105
134
57
184
61
93
27
