60
225
98
28
34
65
170
109
76
22
60
98
68
61
74
201
11
69
24
31
60
170
77
60
79
6
67
225
198
62
60
48
2
225
76
60
10
75
170
11
60
170
78
154
50
5
109
28
64
77
60
67
53
11
154
34
22
225
65
202
60
34
9
123
76
28
71
154
64
62
60
75
54
86
23
6
74
64
30
77
60
50
48
60
59
198
123
31
202
78
60
11
225
77
10
74
75
5
50
23
60
67
26
63
69
53
24
22
2
3
60
78
76
26
77
65
109
201
225
61
60
11
23
76
123
69
63
71
109
170
60
47
201
2
24
170
23
78
9
86
60
69
62
98
23
2
77
6
53
24
60
31
23
22
68
79
28
3
76
98
60
22
225
201
202
170
98
24
50
86
60
65
9
201
75
2
74
62
151
76
60
11
71
77
67
28
123
225
3
23
60
74
34
60
201
156
54
9
62
77
60
11
31
76
69
34
63
10
170
74
60
30
5
31
156
9
75
198
61
74
60
64
2
170
67
98
61
54
9
77
60
64
71
68
60
24
3
98
225
65
60
48
53
67
98
63
30
71
6
75
60
23
6
61
59
53
77
30
225
79
60
24
78
54
53
68
79
48
2
22
60
65
71
123
63
54
98
198
202
76
60
109
31
60
62
23
26
75
156
22
60
9
76
62
26
77
198
71
69
2
60
170
74
67
59
60
3
64
77
154
60
5
225
61
53
26
54
74
10
198
60
198
2
3
60
63
54
202
22
48
60
5
71
151
198
31
2
225
61
78
60
2
198
23
9
156
202
78
154
31
60
2
76
156
201
31
24
123
26
68
60
34
65
123
54
78
9
61
28
98
60
24
61
123
86
170
3
225
11
79
60
123
59
2
151
48
53
68
75
6
60
30
11
24
54
154
48
5
71
61
60
48
24
10
170
62
60
74
202
59
60
225
11
61
69
77
10
71
2
79
60
76
170
60
71
54
30
28
47
75
60
98
11
79
6
47
31
54
201
48
60
31
65
225
50
109
71
61
6
10
60
11
64
76
225
23
86
31
65
202
60
86
154
5
47
62
76
202
31
28
60
6
3
54
65
79
34
68
123
201
60
202
76
30
26
3
69
198
86
67
60
109
31
6
63
54
5
24
76
50
