138
27
278
400
39
180
40
231
94
59
138
27
278
400
39
180
40
231
94
59
138
27
278
400
39
180
40
231
94
59
138
27
278
400
39
180
40
231
94
59
138
27
278
400
39
180
40
231
94
59
138
27
278
400
39
180
40
231
94
59
138
27
278
400
39
180
40
231
94
59
138
27
278
400
39
180
40
231
94
59
138
27
278
400
39
180
40
231
94
59
138
27
278
400
39
180
40
231
94
59
138
27
278
400
39
180
40
231
94
59
138
27
278
400
39
180
40
231
94
59
138
27
278
400
39
180
40
231
94
59
138
27
278
400
39
180
40
231
94
59
138
27
278
400
39
180
40
231
94
59
138
27
278
400
39
180
40
231
94
59
138
27
278
400
39
180
40
231
94
59
138
27
278
400
39
180
40
231
94
59
138
27
278
400
39
180
40
231
94
59
138
27
278
400
39
180
40
231
94
59
138
27
278
400
39
180
40
231
94
59
138
27
278
400
39
180
40
231
94
59
138
27
278
400
39
180
40
231
94
59
138
27
278
400
39
180
40
231
94
59
138
27
278
400
39
180
40
231
94
59
138
27
278
400
39
180
40
231
94
59
138
27
278
400
39
180
40
231
94
59
138
27
278
400
39
180
40
231
94
59
138
27
278
400
39
180
40
231
94
59
138
27
278
400
39
180
40
231
94
59
138
27
278
400
39
180
40
231
94
59
138
27
278
400
39
180
40
231
94
59
138
27
278
400
39
180
40
231
94
59
138
27
278
400
39
180
40
231
94
59
138
27
278
400
39
180
40
231
94
59
138
27
278
400
39
180
40
231
94
59
138
27
278
400
39
180
40
231
94
59
138
27
278
400
39
180
40
231
94
59
138
27
278
400
39
180
40
231
94
59
138
27
278
400
39
180
40
231
94
59
138
27
278
400
39
180
40
231
94
59
138
27
278
400
39
180
40
231
94
59
138
27
278
400
39
180
40
231
94
59
138
27
278
400
39
180
40
231
94
59
138
27
278
400
39
180
40
231
94
59
138
27
278
400
39
180
40
231
94
59
138
27
278
400
39
180
40
231
94
59
138
27
278
400
39
180
40
231
94
59
138
27
278
400
39
180
40
231
94
59
138
27
278
400
39
180
40
231
94
59
