11
108
75
17
2
115
111
113
57
54
11
108
75
17
2
115
111
113
57
54
11
108
75
17
2
115
111
113
57
54
11
108
75
17
2
115
111
113
57
54
11
108
75
17
2
115
111
113
57
54
11
108
75
17
2
115
111
113
57
54
11
108
75
17
2
115
111
113
57
54
11
108
75
17
2
115
111
113
57
54
11
108
75
17
2
115
111
113
57
54
11
108
75
17
2
115
111
113
57
54
11
108
75
17
2
115
111
113
57
54
11
108
75
17
2
115
111
113
57
54
11
108
75
17
2
115
111
113
57
54
11
108
75
17
2
115
111
113
57
54
11
108
75
17
2
115
111
113
57
54
11
108
75
17
2
115
111
113
57
54
11
108
75
17
2
115
111
113
57
54
11
108
75
17
2
115
111
113
57
54
11
108
75
17
2
115
111
113
57
54
11
108
75
17
2
115
111
113
57
54
11
108
75
17
2
115
111
113
57
54
11
108
75
17
2
115
111
113
57
54
11
108
75
17
2
115
111
113
57
54
11
108
75
17
2
115
111
113
57
54
11
108
75
17
2
115
111
113
57
54
11
108
75
17
2
115
111
113
57
54
11
108
75
17
2
115
111
113
57
54
11
108
75
17
2
115
111
113
57
54
11
108
75
17
2
115
111
113
57
54
11
108
75
17
2
115
111
113
57
54
11
108
75
17
2
115
111
113
57
54
11
108
75
17
2
115
111
113
57
54
11
108
75
17
2
115
111
113
57
54
11
108
75
17
2
115
111
113
57
54
11
108
75
17
2
115
111
113
57
54
11
108
75
17
2
115
111
113
57
54
11
108
75
17
2
115
111
113
57
54
11
108
75
17
2
115
111
113
57
54
11
108
75
17
2
115
111
113
57
54
11
108
75
17
2
115
111
113
57
54
11
108
75
17
2
115
111
113
57
54
11
108
75
17
2
115
111
113
57
54
11
108
75
17
2
115
111
113
57
54
11
108
75
17
2
115
111
113
57
54
11
108
75
17
2
115
111
113
57
54
11
108
75
17
2
115
111
113
57
54
11
108
75
17
2
115
111
113
57
54
11
108
75
17
2
115
111
113
57
54
11
108
75
17
2
115
111
113
57
54
11
108
75
17
2
115
111
113
57
54
