117
59
173
180
48
119
194
34
128
177
172
31
128
119
55
90
30
204
10
191
68
182
55
252
34
204
9
31
60
49
12
177
6
10
7
117
174
173
52
13
120
191
61
78
48
172
108
60
34
252
78
191
120
108
252
204
52
60
13
16
31
119
18
204
187
172
108
34
120
78
182
174
65
180
59
34
191
6
9
173
81
6
109
90
18
117
182
30
108
179
177
61
78
204
191
172
179
68
18
180
14
9
10
120
107
117
48
119
59
34
187
182
194
16
18
191
49
13
128
31
120
34
117
7
61
14
30
9
12
60
179
59
219
52
174
84
6
119
10
120
78
13
31
119
6
252
179
194
180
109
219
12
49
108
7
34
194
204
107
78
9
81
177
179
117
109
174
49
10
187
30
120
180
117
107
14
90
119
6
31
179
182
252
108
18
119
34
81
128
59
191
13
60
84
174
48
108
109
52
107
173
107
84
34
65
90
13
10
252
187
48
34
120
84
7
52
179
55
61
90
187
52
60
16
179
84
10
107
172
48
12
117
108
109
119
187
9
128
81
252
174
18
13
16
182
117
119
60
219
172
55
194
7
128
30
60
65
9
179
68
172
48
191
16
18
60
107
219
65
120
117
182
108
219
172
194
48
107
13
65
174
9
191
16
108
219
61
128
48
180
78
10
6
55
117
187
16
173
174
13
78
117
107
109
49
252
172
68
30
173
31
13
10
172
109
180
34
61
108
78
84
194
55
6
34
173
60
90
191
65
49
34
78
6
52
61
55
59
14
13
6
60
172
68
174
65
61
7
48
14
61
174
177
172
90
34
48
128
9
78
31
30
65
48
119
55
49
219
78
18
219
6
107
109
55
180
177
52
174
179
180
30
13
68
52
31
49
34
7
84
120
6
12
179
177
59
219
61
128
204
109
252
68
65
55
177
194
7
107
13
16
65
52
78
81
117
55
119
107
180
81
108
13
204
18
34
120
12
52
55
10
117
177
219
191
107
6
172
182
14
194
119
16
78
34
252
61
128
48
9
10
31
204
90
34
177
191
81
120
173
191
172
108
90
7
204
68
49
55
52
219
13
187
172
68
177
34
65
59
7
55
30
13
34
14
117
173
174
108
119
16
180
107
7
78
13
30
90
18
6
