60
47
48
65
22
170
71
63
53
2
60
47
48
65
22
170
71
63
53
2
60
47
48
65
22
170
71
63
53
2
60
47
48
65
22
170
71
63
53
2
60
47
48
65
22
170
71
63
53
2
60
47
48
65
22
170
71
63
53
2
60
47
48
65
22
170
71
63
53
2
60
47
48
65
22
170
71
63
53
2
60
47
48
65
22
170
71
63
53
2
60
47
48
65
22
170
71
63
53
2
60
47
48
65
22
170
71
63
53
2
60
47
48
65
22
170
71
63
53
2
60
47
48
65
22
170
71
63
53
2
60
47
48
65
22
170
71
63
53
2
60
47
48
65
22
170
71
63
53
2
60
47
48
65
22
170
71
63
53
2
60
47
48
65
22
170
71
63
53
2
60
47
48
65
22
170
71
63
53
2
60
47
48
65
22
170
71
63
53
2
60
47
48
65
22
170
71
63
53
2
60
47
48
65
22
170
71
63
53
2
60
47
48
65
22
170
71
63
53
2
60
47
48
65
22
170
71
63
53
2
60
47
48
65
22
170
71
63
53
2
60
47
48
65
22
170
71
63
53
2
60
47
48
65
22
170
71
63
53
2
60
47
48
65
22
170
71
63
53
2
60
47
48
65
22
170
71
63
53
2
60
47
48
65
22
170
71
63
53
2
60
47
48
65
22
170
71
63
53
2
60
47
48
65
22
170
71
63
53
2
60
47
48
65
22
170
71
63
53
2
60
47
48
65
22
170
71
63
53
2
60
47
48
65
22
170
71
63
53
2
60
47
48
65
22
170
71
63
53
2
60
47
48
65
22
170
71
63
53
2
60
47
48
65
22
170
71
63
53
2
60
47
48
65
22
170
71
63
53
2
60
47
48
65
22
170
71
63
53
2
60
47
48
65
22
170
71
63
53
2
60
47
48
65
22
170
71
63
53
2
60
47
48
65
22
170
71
63
53
2
60
47
48
65
22
170
71
63
53
2
60
47
48
65
22
170
71
63
53
2
60
47
48
65
22
170
71
63
53
2
60
47
48
65
22
170
71
63
53
2
60
47
48
65
22
170
71
63
53
2
60
47
48
65
22
170
71
63
53
2
60
47
48
65
22
170
71
63
53
2
60
47
48
65
22
170
71
63
53
2
