142
49
94
126
51
400
81
86
52
50
142
49
94
126
51
400
81
86
52
50
142
49
94
126
51
400
81
86
52
50
142
49
94
126
51
400
81
86
52
50
142
49
94
126
51
400
81
86
52
50
142
49
94
126
51
400
81
86
52
50
142
49
94
126
51
400
81
86
52
50
142
49
94
126
51
400
81
86
52
50
142
49
94
126
51
400
81
86
52
50
142
49
94
126
51
400
81
86
52
50
142
49
94
126
51
400
81
86
52
50
142
49
94
126
51
400
81
86
52
50
142
49
94
126
51
400
81
86
52
50
142
49
94
126
51
400
81
86
52
50
142
49
94
126
51
400
81
86
52
50
142
49
94
126
51
400
81
86
52
50
142
49
94
126
51
400
81
86
52
50
142
49
94
126
51
400
81
86
52
50
142
49
94
126
51
400
81
86
52
50
142
49
94
126
51
400
81
86
52
50
142
49
94
126
51
400
81
86
52
50
142
49
94
126
51
400
81
86
52
50
142
49
94
126
51
400
81
86
52
50
142
49
94
126
51
400
81
86
52
50
142
49
94
126
51
400
81
86
52
50
142
49
94
126
51
400
81
86
52
50
142
49
94
126
51
400
81
86
52
50
142
49
94
126
51
400
81
86
52
50
142
49
94
126
51
400
81
86
52
50
142
49
94
126
51
400
81
86
52
50
142
49
94
126
51
400
81
86
52
50
142
49
94
126
51
400
81
86
52
50
142
49
94
126
51
400
81
86
52
50
142
49
94
126
51
400
81
86
52
50
142
49
94
126
51
400
81
86
52
50
142
49
94
126
51
400
81
86
52
50
142
49
94
126
51
400
81
86
52
50
142
49
94
126
51
400
81
86
52
50
142
49
94
126
51
400
81
86
52
50
142
49
94
126
51
400
81
86
52
50
142
49
94
126
51
400
81
86
52
50
142
49
94
126
51
400
81
86
52
50
142
49
94
126
51
400
81
86
52
50
142
49
94
126
51
400
81
86
52
50
142
49
94
126
51
400
81
86
52
50
142
49
94
126
51
400
81
86
52
50
142
49
94
126
51
400
81
86
52
50
142
49
94
126
51
400
81
86
52
50
142
49
94
126
51
400
81
86
52
50
142
49
94
126
51
400
81
86
52
50
