75
25
91
1
125
122
70
87
227
75
75
25
91
1
125
122
70
87
227
75
75
25
91
1
125
122
70
87
227
75
75
25
91
1
125
122
70
87
227
75
75
25
91
1
125
122
70
87
227
75
75
25
91
1
125
122
70
87
227
75
75
25
91
1
125
122
70
87
227
75
75
25
91
1
125
122
70
87
227
75
75
25
91
1
125
122
70
87
227
75
75
25
91
1
125
122
70
87
227
75
75
25
91
1
125
122
70
87
227
75
75
25
91
1
125
122
70
87
227
75
75
25
91
1
125
122
70
87
227
75
75
25
91
1
125
122
70
87
227
75
75
25
91
1
125
122
70
87
227
75
75
25
91
1
125
122
70
87
227
75
75
25
91
1
125
122
70
87
227
77
75
25
91
1
125
122
70
87
227
77
75
25
91
1
125
122
70
87
227
77
75
25
91
1
125
122
70
87
227
77
75
25
91
1
125
122
70
87
227
77
75
25
91
1
125
122
70
87
227
77
75
25
91
1
125
122
70
87
227
77
75
25
91
1
125
122
70
87
227
77
75
25
91
1
125
122
70
87
227
77
75
25
91
1
125
122
70
87
227
77
75
25
91
1
125
122
70
87
227
77
75
25
91
1
125
122
70
87
227
77
75
25
91
1
125
122
70
87
227
77
75
25
91
1
125
122
70
87
227
77
75
25
91
1
125
122
70
87
227
77
75
25
91
1
125
122
70
87
227
77
75
25
91
1
125
122
70
87
227
77
75
25
91
1
125
122
70
87
227
77
75
25
91
1
125
122
70
87
227
77
75
25
91
1
125
122
70
87
227
77
75
25
91
1
125
122
70
87
227
77
75
25
91
1
125
122
70
87
227
77
75
25
91
1
125
122
70
87
227
77
75
25
91
1
125
122
70
87
227
77
75
25
91
1
125
122
70
87
227
77
75
25
91
1
125
122
70
87
227
77
75
25
91
1
125
122
70
87
227
77
75
25
91
1
125
122
70
87
227
77
75
25
91
1
125
122
70
87
227
77
75
25
91
1
125
122
70
87
227
77
75
25
91
1
125
122
70
87
227
77
75
25
91
1
125
122
70
87
227
77
75
25
91
1
125
122
70
87
227
77
75
25
91
1
125
122
70
87
227
77
