63
10
42
7
49
46
390
2
51
39
63
10
42
7
49
46
390
2
51
39
63
10
42
7
49
46
390
2
51
39
63
10
42
7
49
46
390
2
51
39
63
10
42
7
49
46
390
2
51
39
63
10
42
7
49
46
390
2
51
39
63
10
42
7
49
46
390
2
51
39
63
10
42
7
49
46
390
2
51
39
63
10
42
7
49
46
390
2
51
39
63
10
42
7
49
46
390
2
51
39
63
10
42
7
49
46
390
2
51
39
63
10
42
7
49
46
390
2
51
39
63
10
42
7
49
46
390
2
51
39
63
10
42
7
49
46
390
2
51
39
63
10
42
7
49
46
390
2
51
39
63
10
42
7
49
46
390
2
51
39
63
10
42
7
49
46
390
2
51
39
63
10
42
7
49
46
390
2
51
39
63
10
42
7
49
46
390
2
51
39
63
10
42
7
49
46
390
2
51
39
63
10
42
7
49
46
390
2
51
39
63
10
42
7
49
46
390
2
51
39
63
10
42
7
49
46
390
2
51
39
63
10
42
7
49
46
390
2
51
39
63
10
42
7
49
46
390
2
51
39
63
10
42
7
49
46
390
2
51
39
63
10
42
7
49
46
390
2
51
39
63
10
42
7
49
46
390
2
51
39
63
10
42
7
49
46
390
2
51
39
63
10
42
7
49
46
390
2
51
39
63
10
42
7
49
46
390
2
51
39
63
10
42
7
49
46
390
2
51
39
63
10
42
7
49
46
390
2
51
39
63
10
42
7
49
46
390
2
51
39
63
10
42
7
49
46
390
2
51
39
63
10
42
7
49
46
390
2
51
39
63
10
42
7
49
46
390
2
51
39
63
10
42
7
49
46
390
2
51
39
63
10
42
7
49
46
390
2
51
39
63
10
42
7
49
46
390
2
51
39
63
10
42
7
49
46
390
2
51
39
63
10
42
7
49
46
390
2
51
39
63
10
42
7
49
46
390
2
51
39
63
10
42
7
49
46
390
2
51
39
63
10
42
7
49
46
390
2
51
39
63
10
42
7
49
46
390
2
51
39
63
10
42
7
49
46
390
2
51
39
63
10
42
7
49
46
390
2
51
39
63
10
42
7
49
46
390
2
51
39
63
10
42
7
49
46
390
2
51
39
