106
92
62
7
82
27
122
44
123
60
106
92
62
7
82
27
122
44
123
60
106
92
62
7
82
27
122
44
123
60
106
92
62
7
82
27
122
44
123
60
106
92
62
7
82
27
122
44
123
60
106
92
62
7
82
27
122
44
123
60
106
92
62
7
82
27
122
44
123
60
106
92
62
7
82
27
122
44
123
60
106
92
62
7
82
27
122
44
123
60
106
92
62
7
82
27
122
44
123
60
106
92
62
7
82
27
122
44
123
60
106
92
62
7
82
27
122
44
123
60
106
92
62
7
82
27
122
44
123
60
106
92
62
7
82
27
122
44
123
60
106
92
62
7
82
27
122
44
123
60
106
92
62
7
82
27
122
44
123
60
106
92
62
7
82
27
122
44
123
60
106
92
62
7
82
27
122
44
123
60
106
92
62
7
82
27
122
44
123
60
106
92
62
7
82
27
122
44
123
60
106
92
62
7
82
27
122
44
123
60
106
92
62
7
82
27
122
44
123
60
106
92
62
7
82
27
122
44
123
60
106
92
62
7
82
27
122
44
123
60
106
92
62
7
82
27
122
44
123
60
106
92
62
7
82
27
122
44
123
60
106
92
62
7
82
27
122
44
123
60
106
92
62
7
82
27
122
44
123
60
106
92
62
7
82
27
122
44
123
60
106
92
62
7
82
27
122
44
123
60
106
92
62
7
82
27
122
44
123
60
106
92
62
7
82
27
122
44
123
60
106
92
62
7
82
27
122
44
123
60
106
92
62
7
82
27
122
44
123
60
106
92
62
7
82
27
122
44
123
60
106
92
62
7
82
27
122
44
123
60
106
92
62
7
82
27
122
44
123
60
106
92
62
7
82
27
122
44
123
60
106
92
62
7
82
27
122
44
123
60
106
92
62
7
82
27
122
44
123
60
106
92
62
7
82
27
122
44
123
60
106
92
62
7
82
27
122
44
123
60
106
92
62
7
82
27
122
44
123
60
106
92
62
7
82
27
122
44
123
60
106
92
62
7
82
27
122
44
123
60
106
92
62
7
82
27
122
44
123
60
106
92
62
7
82
27
122
44
123
60
106
92
62
7
82
27
122
44
123
60
106
92
62
7
82
27
122
44
123
60
106
92
62
7
82
27
122
44
123
60
