324
144
24
149
60
27
19
306
128
296
324
144
24
149
60
27
19
306
128
296
324
144
24
149
60
27
19
306
128
296
324
144
24
149
60
27
19
306
128
296
324
144
24
149
60
27
19
306
128
296
324
144
24
149
60
27
19
306
128
296
324
144
24
149
60
27
19
306
128
296
324
144
24
149
60
27
19
306
128
296
324
144
24
149
60
27
19
306
128
296
324
144
24
149
60
27
19
306
128
296
324
144
24
149
60
27
19
306
128
296
324
144
24
149
60
27
19
306
128
296
324
144
24
149
60
27
19
306
128
296
324
144
24
149
60
27
19
306
128
296
324
144
24
149
60
27
19
306
128
296
324
144
24
149
60
27
19
306
128
296
324
144
24
149
60
27
19
306
128
296
324
144
24
149
60
27
19
306
128
296
324
144
24
149
60
27
19
306
128
296
324
144
24
149
60
27
19
306
128
296
324
144
24
149
60
27
19
306
128
296
324
144
24
149
60
27
19
306
128
296
324
144
24
149
60
27
19
306
128
296
324
144
24
149
60
27
19
306
128
296
324
144
24
149
60
27
19
306
128
296
324
144
24
149
60
27
19
306
128
296
324
144
24
149
60
27
19
306
128
296
324
144
24
149
60
27
19
306
128
296
324
144
24
149
60
27
19
306
128
296
324
144
24
149
60
27
19
306
128
296
324
144
24
149
60
27
19
306
128
296
324
144
24
149
60
27
19
306
128
296
324
144
24
149
60
27
19
306
128
296
324
144
24
149
60
27
19
306
128
296
324
144
24
149
60
27
19
306
128
296
324
144
24
149
60
27
19
306
128
296
324
144
24
149
60
27
19
306
128
296
324
144
24
149
60
27
19
306
128
296
324
144
24
149
60
27
19
306
128
296
324
144
24
149
60
27
19
306
128
296
324
144
24
149
60
27
19
306
128
296
324
144
24
149
60
27
19
306
128
296
324
144
24
149
60
27
19
306
128
296
324
144
24
149
60
27
19
306
128
296
324
144
24
149
60
27
19
306
128
296
324
144
24
149
60
27
19
306
128
296
324
144
24
149
60
27
19
306
128
296
324
144
24
149
60
27
19
306
128
296
324
144
24
149
60
27
19
306
128
296
324
144
24
149
60
27
19
306
128
296
