73
1
112
204
15
38
111
28
74
87
73
1
112
204
15
38
111
28
74
87
73
1
112
204
15
38
111
28
74
87
73
1
112
204
15
38
111
28
74
87
73
1
112
204
15
38
111
28
74
87
73
1
112
204
15
38
111
28
74
87
73
1
112
204
15
38
111
28
74
87
73
1
112
204
15
38
111
28
74
87
73
1
112
204
15
38
111
28
74
87
73
1
112
204
15
38
111
28
74
87
73
1
112
204
15
38
111
28
74
87
73
1
112
204
15
38
111
28
74
87
73
1
112
204
15
38
111
28
74
87
73
1
112
204
15
38
111
28
74
87
73
1
112
204
15
38
111
28
74
87
73
1
112
204
15
38
111
28
74
87
73
1
112
204
15
38
111
28
74
87
73
1
112
204
15
38
111
28
74
87
73
1
112
204
15
38
111
28
74
87
73
1
112
204
15
38
111
28
74
87
73
1
112
204
15
38
111
28
74
87
73
1
112
204
15
38
111
28
74
87
73
1
112
204
15
38
111
28
74
87
73
1
112
204
15
38
111
28
74
87
73
1
112
204
15
38
111
28
74
87
73
1
112
204
15
38
111
28
74
87
73
1
112
204
15
38
111
28
74
87
73
1
112
204
15
38
111
28
74
87
73
1
112
204
15
38
111
28
74
87
73
1
112
204
15
38
111
28
74
87
73
1
112
204
15
38
111
28
74
87
73
1
112
204
15
38
111
28
74
87
73
1
112
204
15
38
111
28
74
87
73
1
112
204
15
38
111
28
74
87
73
1
112
204
15
38
111
28
74
87
73
1
112
204
15
38
111
28
74
87
73
1
112
204
15
38
111
28
74
87
73
1
112
204
15
38
111
28
74
87
73
1
112
204
15
38
111
28
74
87
73
1
112
204
15
38
111
28
74
87
73
1
112
204
15
38
111
28
74
87
73
1
112
204
15
38
111
28
74
87
73
1
112
204
15
38
111
28
74
87
73
1
112
204
15
38
111
28
74
87
73
1
112
204
15
38
111
28
74
87
73
1
112
204
15
38
111
28
74
87
73
1
112
204
15
38
111
28
74
87
73
1
112
204
15
38
111
28
74
87
73
1
112
204
15
38
111
28
74
87
73
1
112
204
15
38
111
28
74
87
