215
217
101
27
73
143
91
99
141
215
215
217
101
27
73
143
91
99
141
215
215
217
101
27
73
143
91
99
141
215
215
217
101
27
73
143
91
99
141
215
215
217
101
27
73
143
91
99
141
215
215
217
101
27
73
143
91
99
141
215
215
217
101
27
73
143
91
99
141
215
215
217
101
27
73
143
91
99
141
215
215
217
101
27
73
143
91
99
141
215
215
217
101
27
73
143
91
99
141
215
215
217
101
27
73
143
91
99
141
215
215
217
101
27
73
143
91
99
141
215
215
217
101
27
73
143
91
99
141
215
215
217
101
27
73
143
91
99
141
215
215
217
101
27
73
143
91
99
141
215
215
217
101
27
73
143
91
99
141
215
215
217
101
27
73
143
91
99
141
9
215
217
101
27
73
143
91
99
141
9
215
217
101
27
73
143
91
99
141
9
215
217
101
27
73
143
91
99
141
9
215
217
101
27
73
143
91
99
141
9
215
217
101
27
73
143
91
99
141
9
215
217
101
27
73
143
91
99
141
9
215
217
101
27
73
143
91
99
141
9
215
217
101
27
73
143
91
99
141
9
215
217
101
27
73
143
91
99
141
9
215
217
101
27
73
143
91
99
141
9
215
217
101
27
73
143
91
99
141
9
215
217
101
27
73
143
91
99
141
9
215
217
101
27
73
143
91
99
141
9
215
217
101
27
73
143
91
99
141
9
215
217
101
27
73
143
91
99
141
9
215
217
101
27
73
143
91
99
141
9
215
217
101
27
73
143
91
99
141
9
215
217
101
27
73
143
91
99
141
9
215
217
101
27
73
143
91
99
141
9
215
217
101
27
73
143
91
99
141
9
215
217
101
27
73
143
91
99
141
9
215
217
101
27
73
143
91
99
141
9
215
217
101
27
73
143
91
99
141
9
215
217
101
27
73
143
91
99
141
9
215
217
101
27
73
143
91
99
141
9
215
217
101
27
73
143
91
99
141
9
215
217
101
27
73
143
91
99
141
9
215
217
101
27
73
143
91
99
141
9
215
217
101
27
73
143
91
99
141
9
215
217
101
27
73
143
91
99
141
9
215
217
101
27
73
143
91
99
141
9
215
217
101
27
73
143
91
99
141
9
215
217
101
27
73
143
91
99
141
9
