10
41
40
11
14
10
41
40
11
14
10
41
40
11
14
10
41
40
11
14
10
41
40
11
14
10
41
40
11
14
10
41
40
11
14
10
41
40
11
14
10
41
40
11
14
10
41
40
11
14
10
41
40
11
14
10
41
40
11
14
10
41
40
11
14
10
41
40
11
14
10
41
40
11
14
10
41
40
11
14
10
41
40
11
14
10
41
40
11
14
10
41
40
11
14
10
41
40
11
14
10
41
40
11
14
10
41
40
11
14
10
41
40
11
14
10
41
40
11
14
10
41
40
11
14
10
41
40
11
14
10
41
40
11
14
10
41
40
11
14
10
41
40
11
14
10
41
40
11
14
10
41
40
11
14
10
41
40
11
14
10
41
40
11
14
10
41
40
11
14
10
41
40
11
14
10
41
40
11
14
10
41
40
11
14
10
41
40
11
14
10
41
40
11
14
10
41
40
11
14
10
41
40
11
14
10
41
40
11
14
10
41
40
11
14
10
41
40
11
14
10
41
40
11
14
10
41
40
11
14
10
41
40
11
14
10
41
40
11
14
10
41
40
11
14
10
41
40
11
14
