3
1
6
4
64
3
1
6
4
64
3
1
6
4
64
3
1
6
4
64
3
1
6
4
64
3
1
6
4
64
3
1
6
4
64
3
1
6
4
64
3
1
6
4
64
3
1
6
4
64
3
1
6
4
64
3
1
6
4
64
3
1
6
4
64
3
1
6
4
64
3
1
6
4
64
3
1
6
4
64
3
1
6
4
64
3
1
6
4
64
3
1
6
4
64
3
1
6
4
64
3
1
6
4
64
3
1
6
4
64
3
1
6
4
64
3
1
6
4
64
3
1
6
4
64
3
1
6
4
64
3
1
6
4
64
3
1
6
4
64
3
1
6
4
64
3
1
6
4
64
3
1
6
4
64
3
1
6
4
64
3
1
6
4
64
3
1
6
4
64
3
1
6
4
64
3
1
6
4
64
3
1
6
4
64
3
1
6
4
64
3
1
6
4
64
3
1
6
4
64
3
1
6
4
64
3
1
6
4
64
3
1
6
4
64
3
1
6
4
64
3
1
6
4
64
3
1
6
4
64
3
1
6
4
64
3
1
6
4
64
3
1
6
4
64
3
1
6
4
64
