1
3
23
12
31
1
3
23
12
31
1
3
23
12
31
1
3
23
12
31
1
3
23
12
31
1
3
23
12
31
1
3
23
12
31
1
3
23
12
31
1
3
23
12
31
1
3
23
12
31
1
3
23
12
31
1
3
23
12
31
1
3
23
12
31
1
3
23
12
31
1
3
23
12
31
1
3
23
12
31
1
3
23
12
31
1
3
23
12
31
1
3
23
12
31
1
3
23
12
31
1
3
23
12
31
1
3
23
12
31
1
3
23
12
31
1
3
23
12
31
1
3
23
12
31
1
3
23
12
31
1
3
23
12
31
1
3
23
12
31
1
3
23
12
31
1
3
23
12
31
1
3
23
12
31
1
3
23
12
31
1
3
23
12
31
1
3
23
12
31
1
3
23
12
31
1
3
23
12
31
1
3
23
12
31
1
3
23
12
31
1
3
23
12
31
1
3
23
12
31
1
3
23
12
31
1
3
23
12
31
1
3
23
12
31
1
3
23
12
31
1
3
23
12
31
1
3
23
12
31
1
3
23
12
31
1
3
23
12
31
1
3
23
12
31
1
3
23
12
31
