18
84
87
25
178
76
20
22
197
36
18
103
78
22
197
73
392
6
108
30
18
72
24
183
92
80
110
46
73
82
18
94
100
56
108
81
392
221
54
30
18
25
24
92
43
178
44
76
77
21
18
81
46
74
43
79
204
23
183
30
18
108
84
58
74
76
60
46
30
20
18
30
73
108
24
36
100
78
44
20
18
78
25
204
82
60
56
54
177
36
18
221
94
113
73
183
18
103
91
108
18
44
74
60
94
87
79
70
103
83
18
197
88
91
79
81
392
60
78
74
18
21
76
197
73
108
22
189
177
103
18
76
91
18
46
95
73
82
189
20
18
20
76
100
113
44
83
74
88
36
18
70
20
54
88
23
204
25
110
87
18
87
204
30
108
103
94
76
189
36
18
100
77
108
6
95
221
86
78
189
18
23
18
80
77
22
103
54
87
6
18
77
78
100
24
81
178
221
22
25
18
110
60
24
189
18
178
80
6
46
18
189
22
82
392
73
77
108
43
94
18
54
113
84
392
46
189
100
25
80
18
94
36
74
81
83
197
78
60
84
18
54
86
110
197
103
178
24
56
79
18
183
87
78
103
54
25
72
73
189
18
88
110
108
80
94
77
189
78
178
18
183
70
92
178
74
108
54
81
204
18
73
95
72
77
46
36
91
25
392
18
88
78
86
83
87
21
22
91
95
18
77
103
46
178
183
95
60
177
92
18
25
87
92
86
100
24
76
79
113
18
60
92
46
23
77
91
94
30
25
18
43
392
82
81
36
72
100
79
74
18
177
80
113
87
25
30
81
197
22
18
46
197
79
84
178
78
103
86
74
18
197
74
113
92
84
94
46
36
86
18
87
221
94
178
92
177
58
81
110
18
56
189
80
86
84
70
58
81
20
18
22
73
95
30
87
183
94
72
178
18
58
221
197
178
183
91
6
21
56
18
74
204
392
21
108
30
56
36
23
18
87
91
79
22
197
23
24
54
20
18
94
24
204
87
82
92
78
84
22
18
72
91
56
79
92
60
100
197
83
18
204
70
83
24
221
30
46
95
20
18
113
76
74
91
77
108
392
95
46
18
36
78
108
76
74
18
110
88
113
18
83
108
87
21
72
78
95
100
30
18
81
86
78
189
22
46
79
24
70
