3
43
6
1
83
80
158
157
156
71
3
43
6
1
83
80
158
157
156
71
3
43
6
1
83
80
158
157
156
71
3
43
6
1
83
80
158
157
156
71
3
43
6
1
83
80
158
157
156
71
3
43
6
1
83
80
158
157
156
71
3
43
6
1
83
80
158
157
156
71
3
43
6
1
83
80
158
157
156
71
3
43
6
1
83
80
158
157
156
71
3
43
6
1
83
80
158
157
156
71
3
43
6
1
83
80
158
157
156
71
3
43
6
1
83
80
158
157
156
71
3
43
6
1
83
80
158
157
156
71
3
43
6
1
83
80
158
157
156
71
3
43
6
1
83
80
158
157
156
71
3
43
6
1
83
80
158
157
156
71
3
43
6
1
83
80
158
157
156
71
3
43
6
1
83
80
158
157
156
71
3
43
6
1
83
80
158
157
156
71
3
43
6
1
83
80
158
157
156
71
3
43
6
1
83
80
158
157
156
71
3
43
6
1
83
80
158
157
156
71
3
43
6
1
83
80
158
157
156
71
3
43
6
1
83
80
158
157
156
71
3
43
6
1
83
80
158
157
156
71
3
43
6
1
83
80
158
157
156
71
3
43
6
1
83
80
158
157
156
71
3
43
6
1
83
80
158
157
156
71
3
43
6
1
83
80
158
157
156
71
3
43
6
1
83
80
158
157
156
71
3
43
6
1
83
80
158
157
156
71
3
43
6
1
83
80
158
157
156
71
3
43
6
1
83
80
158
157
156
71
3
43
6
1
83
80
158
157
156
71
3
43
6
1
83
80
158
157
156
71
3
43
6
1
83
80
158
157
156
71
3
43
6
1
83
80
158
157
156
71
3
43
6
1
83
80
158
157
156
71
3
43
6
1
83
80
158
157
156
71
3
43
6
1
83
80
158
157
156
71
3
43
6
1
83
80
158
157
156
71
3
43
6
1
83
80
158
157
156
71
3
43
6
1
83
80
158
157
156
71
3
43
6
1
83
80
158
157
156
71
3
43
6
1
83
80
158
157
156
71
3
43
6
1
83
80
158
157
156
71
3
43
6
1
83
80
158
157
156
71
3
43
6
1
83
80
158
157
156
71
3
43
6
1
83
80
158
157
156
71
3
43
6
1
83
80
158
157
156
71
