22
23
105
13
27
121
287
87
381
547
22
23
105
13
27
121
287
87
381
547
22
23
105
13
27
121
287
87
381
547
22
23
105
13
27
121
287
87
381
547
22
23
105
13
27
121
287
87
381
547
22
23
105
13
27
121
287
87
381
547
22
23
105
13
27
121
287
87
381
547
22
23
105
13
27
121
287
87
381
547
22
23
105
13
27
121
287
87
381
547
22
23
105
13
27
121
287
87
381
547
22
23
105
13
27
121
287
87
381
547
22
23
105
13
27
121
287
87
381
547
22
23
105
13
27
121
287
87
381
547
22
23
105
13
27
121
287
87
381
547
22
23
105
13
27
121
287
87
381
547
22
23
105
13
27
121
287
87
381
547
22
23
105
13
27
121
287
87
381
547
22
23
105
13
27
121
287
87
381
547
22
23
105
13
27
121
287
87
381
547
22
23
105
13
27
121
287
87
381
547
22
23
105
13
27
121
287
87
381
547
22
23
105
13
27
121
287
87
381
547
22
23
105
13
27
121
287
87
381
547
22
23
105
13
27
121
287
87
381
547
22
23
105
13
27
121
287
87
381
547
22
23
105
13
27
121
287
87
381
547
22
23
105
13
27
121
287
87
381
547
22
23
105
13
27
121
287
87
381
547
22
23
105
13
27
121
287
87
381
547
22
23
105
13
27
121
287
87
381
547
22
23
105
13
27
121
287
87
381
547
22
23
105
13
27
121
287
87
381
547
22
23
105
13
27
121
287
87
381
547
22
23
105
13
27
121
287
87
381
547
22
23
105
13
27
121
287
87
381
547
22
23
105
13
27
121
287
87
381
547
22
23
105
13
27
121
287
87
381
547
22
23
105
13
27
121
287
87
381
547
22
23
105
13
27
121
287
87
381
547
22
23
105
13
27
121
287
87
381
547
22
23
105
13
27
121
287
87
381
547
22
23
105
13
27
121
287
87
381
547
22
23
105
13
27
121
287
87
381
547
22
23
105
13
27
121
287
87
381
547
22
23
105
13
27
121
287
87
381
547
22
23
105
13
27
121
287
87
381
547
22
23
105
13
27
121
287
87
381
547
22
23
105
13
27
121
287
87
381
547
22
23
105
13
27
121
287
87
381
547
22
23
105
13
27
121
287
87
381
547
