123
23
142
22
193
15
71
75
61
33
123
23
142
22
193
15
71
75
61
33
123
23
142
22
193
15
71
75
61
33
123
23
142
22
193
15
71
75
61
33
123
23
142
22
193
15
71
75
61
33
123
23
142
22
193
15
71
75
61
33
123
23
142
22
193
15
71
75
61
33
123
23
142
22
193
15
71
75
61
33
123
23
142
22
193
15
71
75
61
33
123
23
142
22
193
15
71
75
61
33
123
23
142
22
193
15
71
75
61
33
123
23
142
22
193
15
71
75
61
33
123
23
142
22
193
15
71
75
61
33
123
23
142
22
193
15
71
75
61
33
123
23
142
22
193
15
71
75
61
33
123
23
142
22
193
15
71
75
61
33
123
23
142
22
193
15
71
75
61
33
123
23
142
22
193
15
71
75
61
33
123
23
142
22
193
15
71
75
61
33
123
23
142
22
193
15
71
75
61
33
123
23
142
22
193
15
71
75
61
33
123
23
142
22
193
15
71
75
61
33
123
23
142
22
193
15
71
75
61
33
123
23
142
22
193
15
71
75
61
33
123
23
142
22
193
15
71
75
61
33
123
23
142
22
193
15
71
75
61
33
123
23
142
22
193
15
71
75
61
33
123
23
142
22
193
15
71
75
61
33
123
23
142
22
193
15
71
75
61
33
123
23
142
22
193
15
71
75
61
33
123
23
142
22
193
15
71
75
61
33
123
23
142
22
193
15
71
75
61
33
123
23
142
22
193
15
71
75
61
33
123
23
142
22
193
15
71
75
61
33
123
23
142
22
193
15
71
75
61
33
123
23
142
22
193
15
71
75
61
33
123
23
142
22
193
15
71
75
61
33
123
23
142
22
193
15
71
75
61
33
123
23
142
22
193
15
71
75
61
33
123
23
142
22
193
15
71
75
61
33
123
23
142
22
193
15
71
75
61
33
123
23
142
22
193
15
71
75
61
33
123
23
142
22
193
15
71
75
61
33
123
23
142
22
193
15
71
75
61
33
123
23
142
22
193
15
71
75
61
33
123
23
142
22
193
15
71
75
61
33
123
23
142
22
193
15
71
75
61
33
123
23
142
22
193
15
71
75
61
33
123
23
142
22
193
15
71
75
61
33
123
23
142
22
193
15
71
75
61
33
