228
79
381
4
264
304
310
57
89
103
228
79
381
4
264
304
310
57
89
103
228
79
381
4
264
304
310
57
89
103
228
79
381
4
264
304
310
57
89
103
228
79
381
4
264
304
310
57
89
103
228
79
381
4
264
304
310
57
89
103
228
79
381
4
264
304
310
57
89
103
228
79
381
4
264
304
310
57
89
103
228
79
381
4
264
304
310
57
89
103
228
79
381
4
264
304
310
57
89
103
228
79
381
4
264
304
310
57
89
103
228
79
381
4
264
304
310
57
89
103
228
79
381
4
264
304
310
57
89
103
228
79
381
4
264
304
310
57
89
103
228
79
381
4
264
304
310
57
89
103
228
79
381
4
264
304
310
57
89
103
228
79
381
4
264
304
310
57
89
103
228
79
381
4
264
304
310
57
89
103
228
79
381
4
264
304
310
57
89
103
228
79
381
4
264
304
310
57
89
103
228
79
381
4
264
304
310
57
89
103
228
79
381
4
264
304
310
57
89
103
228
79
381
4
264
304
310
57
89
103
228
79
381
4
264
304
310
57
89
103
228
79
381
4
264
304
310
57
89
103
228
79
381
4
264
304
310
57
89
103
228
79
381
4
264
304
310
57
89
103
228
79
381
4
264
304
310
57
89
103
228
79
381
4
264
304
310
57
89
103
228
79
381
4
264
304
310
57
89
103
228
79
381
4
264
304
310
57
89
103
228
79
381
4
264
304
310
57
89
103
228
79
381
4
264
304
310
57
89
103
228
79
381
4
264
304
310
57
89
103
228
79
381
4
264
304
310
57
89
103
228
79
381
4
264
304
310
57
89
103
228
79
381
4
264
304
310
57
89
103
228
79
381
4
264
304
310
57
89
103
228
79
381
4
264
304
310
57
89
103
228
79
381
4
264
304
310
57
89
103
228
79
381
4
264
304
310
57
89
103
228
79
381
4
264
304
310
57
89
103
228
79
381
4
264
304
310
57
89
103
228
79
381
4
264
304
310
57
89
103
228
79
381
4
264
304
310
57
89
103
228
79
381
4
264
304
310
57
89
103
228
79
381
4
264
304
310
57
89
103
228
79
381
4
264
304
310
57
89
103
228
79
381
4
264
304
310
57
89
103
228
79
381
4
264
304
310
57
89
103
