177
16
151
95
19
652
97
716
703
1192
243
131
326
178
796
913
1286
561
593
179
177
16
151
95
19
652
97
716
703
1192
243
131
326
178
796
913
1286
561
593
179
177
16
151
95
19
652
97
716
703
1192
243
131
326
178
796
913
1286
561
593
179
177
16
151
95
19
652
97
716
703
1192
243
131
326
178
796
913
1286
561
593
179
177
16
151
95
19
652
97
716
703
1192
243
131
326
178
796
913
1286
561
593
179
177
16
151
95
19
652
97
716
703
1192
243
131
326
178
796
913
1286
561
593
179
177
16
151
95
19
652
97
716
703
1192
243
131
326
178
796
913
1286
561
593
179
177
16
151
95
19
652
97
716
703
1192
243
131
326
178
796
913
1286
561
593
179
177
16
151
95
19
652
97
716
703
1192
243
131
326
178
796
913
1286
561
593
179
177
16
151
95
19
652
97
716
703
1192
243
131
326
178
796
913
1286
561
593
179
177
16
151
95
19
652
97
716
703
1192
243
131
326
178
796
913
1286
561
593
179
177
16
151
95
19
652
97
716
703
1192
243
131
326
178
796
913
1286
561
593
179
177
16
151
95
19
652
97
716
703
1192
243
131
326
178
796
913
1286
561
593
179
177
16
151
95
19
652
97
716
703
1192
243
131
326
178
796
913
1286
561
593
179
177
16
151
95
19
652
97
716
703
1192
243
131
326
178
796
913
1286
561
593
179
177
16
151
95
19
652
97
716
703
1192
243
131
326
178
796
913
1286
561
593
179
177
16
151
95
19
652
97
716
703
1192
243
131
326
178
796
913
1286
561
593
179
177
16
151
95
19
652
97
716
703
1192
243
131
326
178
796
913
1286
561
593
179
177
16
151
95
19
652
97
716
703
1192
243
131
326
178
796
913
1286
561
593
179
177
16
151
95
19
652
97
716
703
1192
243
131
326
178
796
913
1286
561
593
179
177
16
151
95
19
652
97
716
703
1192
243
131
326
178
796
913
1286
561
593
179
177
16
151
95
19
652
97
716
703
1192
243
131
326
178
796
913
1286
561
593
179
177
16
151
95
19
652
97
716
703
1192
243
131
326
178
796
913
1286
561
593
179
177
16
151
95
19
652
97
716
703
1192
243
131
326
178
796
913
1286
561
593
179
177
16
151
95
19
652
97
716
703
1192
243
131
326
178
796
913
1286
561
593
179
177
16
151
95
19
652
97
716
703
1192
243
131
326
178
796
913
1286
561
593
179
177
16
151
95
19
652
97
716
703
1192
243
131
326
178
796
913
1286
561
593
179
177
16
151
95
19
652
97
716
703
1192
243
131
326
178
796
913
1286
561
593
179
177
16
151
95
19
652
97
716
703
1192
243
131
326
178
796
913
1286
561
593
179
177
16
151
95
19
652
97
716
703
1192
243
131
326
178
796
913
1286
561
593
179
177
16
151
95
19
652
97
716
703
1192
243
131
326
178
796
913
1286
561
593
179
177
16
151
95
19
652
97
716
703
1192
243
131
326
178
796
913
1286
561
593
179
177
16
151
95
19
652
97
716
703
1192
243
131
326
178
796
913
1286
561
593
179
177
16
151
95
19
652
97
716
703
1192
243
131
326
178
796
913
1286
561
593
179
177
16
151
95
19
652
97
716
703
1192
243
131
326
178
796
913
1286
561
593
179
177
16
151
95
19
652
97
716
703
1192
243
131
326
178
796
913
1286
561
593
179
177
16
151
95
19
652
97
716
703
1192
243
131
326
178
796
913
1286
561
593
179
177
16
151
95
19
652
97
716
703
1192
243
131
326
178
796
913
1286
561
593
179
177
16
151
95
19
652
97
716
703
1192
243
131
326
178
796
913
1286
561
593
179
177
16
151
95
19
652
97
716
703
1192
243
131
326
178
796
913
1286
561
593
179
177
16
151
95
19
652
97
716
703
1192
243
131
326
178
796
913
1286
561
593
179
177
16
151
95
19
652
97
716
703
1192
243
131
326
178
796
913
1286
561
593
179
177
16
151
95
19
652
97
716
703
1192
243
131
326
178
796
913
1286
561
593
179
177
16
151
95
19
652
97
716
703
1192
243
131
326
178
796
913
1286
561
593
179
177
16
151
95
19
652
97
716
703
1192
243
131
326
178
796
913
1286
561
593
179
177
16
151
95
19
652
97
716
703
1192
243
131
326
178
796
913
1286
561
593
179
177
16
151
95
19
652
97
716
703
1192
243
131
326
178
796
913
1286
561
593
179
177
16
151
95
19
652
97
716
703
1192
243
131
326
178
796
913
1286
561
593
179
177
16
151
95
19
652
97
716
703
1192
243
131
326
178
796
913
1286
561
593
179
177
16
151
95
19
652
97
716
703
1192
243
131
326
178
796
913
1286
561
593
179
