18
27
21
165
56
18
27
21
165
56
18
27
21
165
56
18
27
21
165
56
18
27
21
165
56
18
27
21
165
56
18
27
21
165
56
18
27
21
165
56
18
27
21
165
56
18
27
21
165
56
18
27
21
165
56
18
27
21
165
56
18
27
21
165
56
18
27
21
165
56
18
27
21
165
56
18
27
21
165
56
18
27
21
165
56
18
27
21
165
56
18
27
21
165
56
18
27
21
165
56
18
27
21
165
56
18
27
21
165
56
18
27
21
165
56
18
27
21
165
56
18
27
21
165
56
18
27
21
165
56
18
27
21
165
56
18
27
21
165
56
18
27
21
165
56
18
27
21
165
56
18
27
21
165
56
18
27
21
165
56
18
27
21
165
56
18
27
21
165
56
18
27
21
165
56
18
27
21
165
56
18
27
21
165
56
18
27
21
165
56
18
27
21
165
56
18
27
21
165
56
18
27
21
165
56
18
27
21
165
56
18
27
21
165
56
18
27
21
165
56
18
27
21
165
56
18
27
21
165
56
18
27
21
165
56
18
27
21
165
56
18
27
21
165
56
18
27
21
165
56
