6
109
13
127
45
6
27
11
47
49
6
9
98
46
6
6
46
127
12
49
6
46
11
12
49
6
31
45
6
12
6
29
49
107
47
6
46
14
47
9
6
8
49
11
109
6
8
49
29
31
6
47
107
7
12
6
49
9
8
46
6
29
49
9
45
6
13
45
29
47
6
107
98
33
13
6
98
31
12
27
6
31
27
13
127
6
49
8
9
14
6
45
9
11
8
6
6
27
14
98
6
31
98
29
46
6
98
13
31
109
6
14
107
47
13
6
29
45
13
12
6
9
49
127
98
6
49
9
14
98
6
47
9
7
46
6
8
7
49
33
6
13
107
12
45
6
13
109
8
27
6
8
45
7
47
6
33
6
107
13
6
33
47
127
9
6
9
47
27
14
6
109
13
29
98
6
31
45
107
46
6
14
8
33
109
6
45
107
6
12
6
31
6
14
13
6
49
107
33
9
6
109
46
7
45
6
8
13
107
11
6
29
27
12
9
6
109
27
12
14
6
46
9
8
107
6
49
107
11
14
6
11
127
33
109
6
12
11
49
31
6
127
45
107
12
6
107
14
33
27
