30
5
19
53
15
30
5
19
53
15
30
5
19
53
15
30
5
19
53
15
30
5
19
53
15
30
5
19
53
15
30
5
19
53
15
30
5
19
53
15
30
5
19
53
15
30
5
19
53
15
30
5
19
53
15
30
5
19
53
15
30
5
19
53
15
30
5
19
53
15
30
5
19
53
15
30
5
19
53
15
30
5
19
53
15
30
5
19
53
15
30
5
19
53
15
30
5
19
53
15
30
5
19
53
15
30
5
19
53
15
30
5
19
53
15
30
5
19
53
15
30
5
19
53
15
30
5
19
53
15
30
5
19
53
15
30
5
19
53
15
30
5
19
53
15
30
5
19
53
15
30
5
19
53
15
30
5
19
53
15
30
5
19
53
15
30
5
19
53
15
30
5
19
53
15
30
5
19
53
15
30
5
19
53
15
30
5
19
53
15
30
5
19
53
15
30
5
19
53
15
30
5
19
53
15
30
5
19
53
15
30
5
19
53
15
30
5
19
53
15
30
5
19
53
15
30
5
19
53
15
30
5
19
53
15
30
5
19
53
15
30
5
19
53
15
30
5
19
53
15
