17
22
78
222
273
19
210
178
268
590
17
22
78
222
273
19
210
178
268
590
17
22
78
222
273
19
210
178
268
590
17
22
78
222
273
19
210
178
268
590
17
22
178
273
78
222
210
19
244
268
17
22
178
273
78
222
210
19
244
268
17
78
222
22
273
19
210
268
590
178
17
78
222
22
273
19
210
268
590
178
17
22
78
222
273
19
210
178
268
590
17
78
222
22
273
19
210
268
590
178
17
78
222
22
273
19
210
268
590
178
17
22
78
222
273
19
210
178
268
590
17
78
222
22
273
19
210
268
590
178
17
22
78
222
273
19
210
178
268
590
17
78
222
22
273
19
210
268
590
178
17
78
222
22
273
19
210
268
590
178
17
22
78
222
273
19
210
178
268
590
17
22
178
273
78
222
210
19
244
268
17
22
78
222
273
19
210
178
268
590
17
78
222
22
273
19
210
268
590
178
17
22
178
273
78
222
210
19
244
268
17
22
178
273
78
222
210
19
244
268
17
22
178
273
78
222
210
19
244
268
17
78
222
22
273
19
210
268
590
178
17
22
78
222
273
19
210
178
268
590
17
22
178
273
78
222
210
19
244
268
17
22
78
222
273
19
210
178
268
590
17
22
78
222
273
19
210
178
268
590
17
78
222
22
273
19
210
268
590
178
17
78
222
22
273
19
210
268
590
178
17
22
178
273
78
222
210
19
244
268
17
22
178
273
78
222
210
19
244
268
17
22
178
273
78
222
210
19
244
268
17
22
178
273
78
222
210
19
244
268
17
22
178
273
78
222
210
19
244
268
17
78
222
22
273
19
210
268
590
178
17
78
222
22
273
19
210
268
590
178
17
78
222
22
273
19
210
268
590
178
17
22
178
273
78
222
210
19
244
268
17
78
222
22
273
19
210
268
590
178
17
22
178
273
78
222
210
19
244
268
17
78
222
22
273
19
210
268
590
178
17
22
78
222
273
19
210
178
268
590
17
22
178
273
78
222
210
19
244
268
17
22
178
273
78
222
210
19
244
268
17
22
78
222
273
19
210
178
268
590
17
22
78
222
273
19
210
178
268
590
17
22
78
222
273
19
210
178
268
590
17
78
222
22
273
19
210
268
590
178
17
22
178
273
78
222
210
19
244
268
