370
1028
3161
127
478
588
273
647
180
155
370
1028
3161
478
273
127
588
647
155
180
370
1028
3161
478
273
127
588
647
155
180
370
1028
3161
478
273
127
588
647
155
180
370
273
1028
3161
478
647
127
155
588
1672
370
1028
3161
478
273
127
588
647
155
180
370
1028
3161
127
478
588
273
647
180
155
370
1028
3161
478
273
127
588
647
155
180
370
273
1028
3161
478
647
127
155
588
1672
370
273
1028
3161
478
647
127
155
588
1672
370
1028
3161
127
478
588
273
647
180
155
370
273
1028
3161
478
647
127
155
588
1672
370
1028
3161
478
273
127
588
647
155
180
370
1028
3161
478
273
127
588
647
155
180
370
1028
3161
478
273
127
588
647
155
180
370
273
1028
3161
478
647
127
155
588
1672
370
273
1028
3161
478
647
127
155
588
1672
370
1028
3161
478
273
127
588
647
155
180
370
273
1028
3161
478
647
127
155
588
1672
370
273
1028
3161
478
647
127
155
588
1672
370
1028
3161
127
478
588
273
647
180
155
370
273
1028
3161
478
647
127
155
588
1672
370
1028
3161
478
273
127
588
647
155
180
370
1028
3161
478
273
127
588
647
155
180
370
273
1028
3161
478
647
127
155
588
1672
370
1028
3161
127
478
588
273
647
180
155
370
1028
3161
478
273
127
588
647
155
180
370
273
1028
3161
478
647
127
155
588
1672
370
273
1028
3161
478
647
127
155
588
1672
370
1028
3161
478
273
127
588
647
155
180
370
273
1028
3161
478
647
127
155
588
1672
370
1028
3161
127
478
588
273
647
180
155
370
1028
3161
478
273
127
588
647
155
180
370
1028
3161
478
273
127
588
647
155
180
370
1028
3161
478
273
127
588
647
155
180
370
1028
3161
478
273
127
588
647
155
180
370
1028
3161
478
273
127
588
647
155
180
370
1028
3161
478
273
127
588
647
155
180
370
1028
3161
127
478
588
273
647
180
155
370
273
1028
3161
478
647
127
155
588
1672
370
273
1028
3161
478
647
127
155
588
1672
370
273
1028
3161
478
647
127
155
588
1672
370
1028
3161
127
478
588
273
647
180
155
370
1028
3161
478
273
127
588
647
155
180
370
273
1028
3161
478
647
127
155
588
1672
370
273
1028
3161
478
647
127
155
588
1672
370
273
1028
3161
478
647
127
155
588
1672
370
273
1028
3161
478
647
127
155
588
1672
370
1028
3161
127
478
588
273
647
180
155
370
273
1028
3161
478
647
127
155
588
1672
