21
122
239
245
3
123
121
295
167
303
21
122
123
239
245
121
421
3
196
295
21
122
123
239
245
121
421
3
196
295
21
122
123
239
245
121
421
3
196
295
21
122
123
239
245
121
421
3
196
295
21
122
123
239
245
121
421
3
196
295
21
122
239
123
245
121
3
421
295
167
21
122
123
239
245
121
421
3
196
295
21
122
123
239
245
121
421
3
196
295
21
122
239
245
3
123
121
295
167
303
21
122
239
245
3
123
121
295
167
303
21
122
123
239
245
121
421
3
196
295
21
122
239
245
3
123
121
295
167
303
21
122
123
239
245
121
421
3
196
295
21
122
239
123
245
121
3
421
295
167
21
122
239
245
3
123
121
295
167
303
21
122
239
123
245
121
3
421
295
167
21
122
123
239
245
121
421
3
196
295
21
122
239
245
3
123
121
295
167
303
21
122
239
123
245
121
3
421
295
167
21
122
239
123
245
121
3
421
295
167
21
122
239
245
3
123
121
295
167
303
21
122
239
123
245
121
3
421
295
167
21
122
123
239
245
121
421
3
196
295
21
122
123
239
245
121
421
3
196
295
21
122
123
239
245
121
421
3
196
295
21
122
123
239
245
121
421
3
196
295
21
122
239
245
3
123
121
295
167
303
21
122
239
245
3
123
121
295
167
303
21
122
123
239
245
121
421
3
196
295
21
122
239
245
3
123
121
295
167
303
21
122
239
245
3
123
121
295
167
303
21
122
123
239
245
121
421
3
196
295
21
122
123
239
245
121
421
3
196
295
21
122
123
239
245
121
421
3
196
295
21
122
123
239
245
121
421
3
196
295
21
122
239
245
3
123
121
295
167
303
21
122
123
239
245
121
421
3
196
295
21
122
239
123
245
121
3
421
295
167
21
122
123
239
245
121
421
3
196
295
21
122
239
123
245
121
3
421
295
167
21
122
123
239
245
121
421
3
196
295
21
122
239
123
245
121
3
421
295
167
21
122
239
123
245
121
3
421
295
167
21
122
239
123
245
121
3
421
295
167
21
122
239
123
245
121
3
421
295
167
21
122
239
123
245
121
3
421
295
167
21
122
123
239
245
121
421
3
196
295
21
122
239
245
3
123
121
295
167
303
21
122
239
123
245
121
3
421
295
167
