1028
93
566
74
127
89
1559
889
3237
1031
1028
93
566
74
127
1031
89
3237
1507
342
1028
93
566
74
127
1031
89
3237
1507
342
1028
93
566
74
127
1559
889
89
391
3237
1028
93
566
74
127
1031
89
3237
1507
342
1028
93
566
74
127
89
1559
889
3237
1031
1028
93
566
74
127
1031
89
3237
1507
342
1028
93
566
74
127
1559
889
89
391
3237
1028
93
566
74
127
89
1559
889
3237
1031
1028
93
566
74
127
1031
89
3237
1507
342
1028
93
566
74
127
1031
89
3237
1507
342
1028
93
566
74
127
89
1559
889
3237
1031
1028
93
566
74
127
1031
89
3237
1507
342
1028
93
566
74
127
1559
889
89
391
3237
1028
93
566
74
127
1031
89
3237
1507
342
1028
93
566
74
127
1031
89
3237
1507
342
1028
93
566
74
127
1559
889
89
391
3237
1028
93
566
74
127
89
1559
889
3237
1031
1028
93
566
74
127
1031
89
3237
1507
342
1028
93
566
74
127
1031
89
3237
1507
342
1028
93
566
74
127
1559
889
89
391
3237
1028
93
566
74
127
1559
889
89
391
3237
1028
93
566
74
127
1031
89
3237
1507
342
1028
93
566
74
127
1559
889
89
391
3237
1028
93
566
74
127
1031
89
3237
1507
342
1028
93
566
74
127
89
1559
889
3237
1031
1028
93
566
74
127
1031
89
3237
1507
342
1028
93
566
74
127
1559
889
89
391
3237
1028
93
566
74
127
1559
889
89
391
3237
1028
93
566
74
127
89
1559
889
3237
1031
1028
93
566
74
127
1031
89
3237
1507
342
1028
93
566
74
127
89
1559
889
3237
1031
1028
93
566
74
127
1031
89
3237
1507
342
1028
93
566
74
127
1559
889
89
391
3237
1028
93
566
74
127
89
1559
889
3237
1031
1028
93
566
74
127
1031
89
3237
1507
342
1028
93
566
74
127
89
1559
889
3237
1031
1028
93
566
74
127
1031
89
3237
1507
342
1028
93
566
74
127
1559
889
89
391
3237
1028
93
566
74
127
1559
889
89
391
3237
1028
93
566
74
127
89
1559
889
3237
1031
1028
93
566
74
127
89
1559
889
3237
1031
1028
93
566
74
127
89
1559
889
3237
1031
1028
93
566
74
127
1031
89
3237
1507
342
1028
93
566
74
127
1031
89
3237
1507
342
1028
93
566
74
127
1031
89
3237
1507
342
1028
93
566
74
127
1031
89
3237
1507
342
1028
93
566
74
127
1559
889
89
391
3237
1028
93
566
74
127
89
1559
889
3237
1031
1028
93
566
74
127
89
1559
889
3237
1031
