8
19
55
14
116
301
53
289
9
119
8
19
55
14
116
301
53
289
9
119
8
19
55
14
116
301
53
289
9
119
8
19
55
14
116
301
53
289
9
119
8
19
55
14
116
301
53
289
9
119
8
19
55
14
116
301
53
289
9
119
8
19
55
14
116
301
53
289
9
119
8
19
55
14
116
301
53
289
9
119
8
19
55
14
116
301
53
289
9
119
8
19
55
14
116
301
53
289
9
119
8
19
55
14
116
301
53
289
9
119
8
19
55
14
116
301
53
289
9
119
8
19
55
14
116
301
53
289
9
119
8
19
55
14
116
301
53
289
9
119
8
19
55
14
116
301
53
289
9
119
8
19
55
14
116
301
53
289
9
119
8
19
55
14
116
301
53
289
9
119
8
19
55
14
116
301
53
289
9
119
8
19
55
14
116
301
53
289
9
119
8
19
55
14
116
301
53
289
9
119
8
19
55
14
116
301
53
289
9
119
8
19
55
14
116
301
53
289
9
119
8
19
55
14
116
301
53
289
9
119
8
19
55
14
116
301
53
289
9
119
8
19
55
14
116
301
53
289
9
119
8
19
55
14
116
301
53
289
9
119
8
19
55
14
116
301
53
289
9
119
8
19
55
14
116
301
53
289
9
119
8
19
55
14
116
301
53
289
9
119
8
19
55
14
116
301
53
289
9
119
8
19
55
14
116
301
53
289
9
119
8
19
55
14
116
301
53
289
9
119
8
19
55
14
116
301
53
289
9
119
8
19
55
14
116
301
53
289
9
119
8
19
55
14
116
301
53
289
9
119
8
19
55
14
116
301
53
289
9
119
8
19
55
14
116
301
53
289
9
119
8
19
55
14
116
301
53
289
9
119
8
19
55
14
116
301
53
289
9
119
8
19
55
14
116
301
53
289
9
119
8
19
55
14
116
301
53
289
9
119
8
19
55
14
116
301
53
289
9
119
8
19
55
14
116
301
53
289
9
119
8
19
55
14
116
301
53
289
9
119
8
19
55
14
116
301
53
289
9
119
8
19
55
14
116
301
53
289
9
119
8
19
55
14
116
301
53
289
9
119
8
19
55
14
116
301
53
289
9
119
8
19
55
14
116
301
53
289
9
119
8
19
55
14
116
301
53
289
9
119
