131
349
381
137
220
336
80
206
92
131
131
349
381
137
220
336
80
206
92
131
131
349
381
137
220
336
80
206
92
131
131
349
381
137
220
336
80
206
92
131
131
349
381
137
220
336
80
206
92
131
131
349
381
137
220
336
80
206
92
131
131
349
381
137
220
336
80
206
92
131
131
349
381
137
220
336
80
206
92
131
131
349
381
137
220
336
80
206
92
131
131
349
381
137
220
336
80
206
92
131
131
349
381
137
220
336
80
206
92
131
131
349
381
137
220
336
80
206
92
131
131
349
381
137
220
336
80
206
92
131
131
349
381
137
220
336
80
206
92
131
131
349
381
137
220
336
80
206
92
131
131
349
381
137
220
336
80
206
92
131
131
349
381
137
220
336
80
206
92
38
131
349
381
137
220
336
80
206
92
38
131
349
381
137
220
336
80
206
92
38
131
349
381
137
220
336
80
206
92
38
131
349
381
137
220
336
80
206
92
38
131
349
381
137
220
336
80
206
92
38
131
349
381
137
220
336
80
206
92
38
131
349
381
137
220
336
80
206
92
38
131
349
381
137
220
336
80
206
92
38
131
349
381
137
220
336
80
206
92
38
131
349
381
137
220
336
80
206
92
38
131
349
381
137
220
336
80
206
92
38
131
349
381
137
220
336
80
206
92
38
131
349
381
137
220
336
80
206
92
38
131
349
381
137
220
336
80
206
92
38
131
349
381
137
220
336
80
206
92
38
131
349
381
137
220
336
80
206
92
38
131
349
381
137
220
336
80
206
92
38
131
349
381
137
220
336
80
206
92
38
131
349
381
137
220
336
80
206
92
38
131
349
381
137
220
336
80
206
92
38
131
349
381
137
220
336
80
206
92
38
131
349
381
137
220
336
80
206
92
38
131
349
381
137
220
336
80
206
92
38
131
349
381
137
220
336
80
206
92
38
131
349
381
137
220
336
80
206
92
38
131
349
381
137
220
336
80
206
92
38
131
349
381
137
220
336
80
206
92
38
131
349
381
137
220
336
80
206
92
38
131
349
381
137
220
336
80
206
92
38
131
349
381
137
220
336
80
206
92
38
131
349
381
137
220
336
80
206
92
38
131
349
381
137
220
336
80
206
92
38
131
349
381
137
220
336
80
206
92
38
