912
766
879
605
74
162
932
788
848
900
912
766
879
605
74
162
932
788
848
900
912
766
879
605
74
162
932
788
848
900
912
766
879
605
74
162
932
788
848
900
912
766
879
605
74
162
932
788
848
900
912
766
879
605
74
162
932
788
848
900
912
766
879
605
74
162
932
788
848
900
912
766
879
605
74
162
932
788
848
900
912
766
879
605
74
162
932
788
848
900
912
766
879
605
74
162
932
788
848
900
912
766
879
605
74
162
932
788
848
900
912
766
879
605
74
162
932
788
848
900
912
766
879
605
74
162
932
788
848
900
912
766
879
605
74
162
932
788
848
900
912
766
879
605
74
162
932
788
848
900
912
766
879
605
74
162
932
788
848
900
912
766
879
605
74
162
932
788
848
900
912
766
879
605
74
162
932
788
848
900
912
766
879
605
74
162
932
788
848
900
912
766
879
605
74
162
932
788
848
900
912
766
879
605
74
162
932
788
848
900
912
766
879
605
74
162
932
788
848
900
912
766
879
605
74
162
932
788
848
900
912
766
879
605
74
162
932
788
848
900
912
766
879
605
74
162
932
788
848
900
912
766
879
605
74
162
932
788
848
900
912
766
879
605
74
162
932
788
848
900
912
766
879
605
74
162
932
788
848
900
912
766
879
605
74
162
932
788
848
900
912
766
879
605
74
162
932
788
848
900
912
766
879
605
74
162
932
788
848
900
912
766
879
605
74
162
932
788
848
900
912
766
879
605
74
162
932
788
848
900
912
766
879
605
74
162
932
788
848
900
912
766
879
605
74
162
932
788
848
900
912
766
879
605
74
162
932
788
848
900
912
766
879
605
74
162
932
788
848
900
912
766
879
605
74
162
932
788
848
900
912
766
879
605
74
162
932
788
848
900
912
766
879
605
74
162
932
788
848
900
912
766
879
605
74
162
932
788
848
900
912
766
879
605
74
162
932
788
848
900
912
766
879
605
74
162
932
788
848
900
912
766
879
605
74
162
932
788
848
900
912
766
879
605
74
162
932
788
848
900
912
766
879
605
74
162
932
788
848
900
912
766
879
605
74
162
932
788
848
900
912
766
879
605
74
162
932
788
848
900
912
766
879
605
74
162
932
788
848
900
912
766
879
605
74
162
932
788
848
900
