77
28
161
283
375
380
842
403
29
61
492
404
496
72
472
1107
733
179
416
1004
77
28
283
161
403
842
375
380
61
492
496
472
29
179
404
72
837
733
185
336
77
28
161
283
375
380
842
403
29
61
492
404
496
72
472
1107
733
179
416
1004
77
28
161
283
375
842
403
380
61
492
496
29
472
404
72
179
837
733
185
833
77
28
161
283
375
842
403
380
61
492
496
29
472
404
72
179
837
733
185
833
77
28
283
161
403
842
375
380
61
492
496
472
29
179
404
72
837
733
185
336
77
28
161
283
375
380
842
403
29
61
492
404
496
72
472
1107
733
179
416
1004
77
28
283
161
403
842
375
380
61
492
496
472
29
179
404
72
837
733
185
336
77
28
161
283
375
842
403
380
61
492
496
29
472
404
72
179
837
733
185
833
77
28
283
161
403
842
375
380
61
492
496
472
29
179
404
72
837
733
185
336
77
28
161
283
375
380
842
403
29
61
492
404
496
72
472
1107
733
179
416
1004
77
28
161
283
375
380
842
403
29
61
492
404
496
72
472
1107
733
179
416
1004
77
28
283
161
403
842
375
380
61
492
496
472
29
179
404
72
837
733
185
336
77
28
161
283
375
842
403
380
61
492
496
29
472
404
72
179
837
733
185
833
77
28
283
161
403
842
375
380
61
492
496
472
29
179
404
72
837
733
185
336
77
28
283
161
403
842
375
380
61
492
496
472
29
179
404
72
837
733
185
336
77
28
283
161
403
842
375
380
61
492
496
472
29
179
404
72
837
733
185
336
77
28
283
161
403
842
375
380
61
492
496
472
29
179
404
72
837
733
185
336
77
28
161
283
375
842
403
380
61
492
496
29
472
404
72
179
837
733
185
833
77
28
283
161
403
842
375
380
61
492
496
472
29
179
404
72
837
733
185
336
77
28
161
283
375
842
403
380
61
492
496
29
472
404
72
179
837
733
185
833
77
28
283
161
403
842
375
380
61
492
496
472
29
179
404
72
837
733
185
336
77
28
283
161
403
842
375
380
61
492
496
472
29
179
404
72
837
733
185
336
77
28
161
283
375
380
842
403
29
61
492
404
496
72
472
1107
733
179
416
1004
77
28
283
161
403
842
375
380
61
492
496
472
29
179
404
72
837
733
185
336
77
28
161
283
375
842
403
380
61
492
496
29
472
404
72
179
837
733
185
833
77
28
283
161
403
842
375
380
61
492
496
472
29
179
404
72
837
733
185
336
77
28
161
283
375
842
403
380
61
492
496
29
472
404
72
179
837
733
185
833
77
28
161
283
375
842
403
380
61
492
496
29
472
404
72
179
837
733
185
833
77
28
161
283
375
380
842
403
29
61
492
404
496
72
472
1107
733
179
416
1004
77
28
161
283
375
380
842
403
29
61
492
404
496
72
472
1107
733
179
416
1004
77
28
283
161
403
842
375
380
61
492
496
472
29
179
404
72
837
733
185
336
77
28
161
283
375
842
403
380
61
492
496
29
472
404
72
179
837
733
185
833
77
28
283
161
403
842
375
380
61
492
496
472
29
179
404
72
837
733
185
336
77
28
283
161
403
842
375
380
61
492
496
472
29
179
404
72
837
733
185
336
77
28
161
283
375
842
403
380
61
492
496
29
472
404
72
179
837
733
185
833
77
28
283
161
403
842
375
380
61
492
496
472
29
179
404
72
837
733
185
336
77
28
161
283
375
842
403
380
61
492
496
29
472
404
72
179
837
733
185
833
77
28
283
161
403
842
375
380
61
492
496
472
29
179
404
72
837
733
185
336
77
28
161
283
375
842
403
380
61
492
496
29
472
404
72
179
837
733
185
833
77
28
161
283
375
380
842
403
29
61
492
404
496
72
472
1107
733
179
416
1004
77
28
283
161
403
842
375
380
61
492
496
472
29
179
404
72
837
733
185
336
77
28
161
283
375
380
842
403
29
61
492
404
496
72
472
1107
733
179
416
1004
77
28
161
283
375
842
403
380
61
492
496
29
472
404
72
179
837
733
185
833
77
28
161
283
375
380
842
403
29
61
492
404
496
72
472
1107
733
179
416
1004
77
28
161
283
375
380
842
403
29
61
492
404
496
72
472
1107
733
179
416
1004
77
28
283
161
403
842
375
380
61
492
496
472
29
179
404
72
837
733
185
336
77
28
161
283
375
380
842
403
29
61
492
404
496
72
472
1107
733
179
416
1004
77
28
161
283
375
380
842
403
29
61
492
404
496
72
472
1107
733
179
416
1004
77
28
161
283
375
842
403
380
61
492
496
29
472
404
72
179
837
733
185
833
