533
65
1556
925
682
914
150
1144
817
1398
874
443
1017
100
808
1734
1591
379
1640
2117
533
65
1556
925
682
914
150
1144
817
1398
874
443
1017
100
808
1734
1591
379
1640
2117
533
65
1556
925
682
914
150
1144
817
1398
874
443
1017
100
808
1734
1591
379
1640
2117
533
65
1556
925
682
914
150
1144
817
1398
874
443
1017
100
808
1734
1591
379
1640
2117
533
65
1556
925
682
914
150
1144
817
1398
874
443
1017
100
808
1734
1591
379
1640
2117
533
65
1556
925
682
914
150
1144
817
1398
874
443
1017
100
808
1734
1591
379
1640
2117
533
65
1556
925
682
914
150
1144
817
1398
874
443
1017
100
808
1734
1591
379
1640
2117
533
65
1556
925
682
914
150
1144
817
1398
874
443
1017
100
808
1734
1591
379
1640
2117
533
65
1556
925
682
914
150
1144
817
1398
874
443
1017
100
808
1734
1591
379
1640
2117
533
65
1556
925
682
914
150
1144
817
1398
874
443
1017
100
808
1734
1591
379
1640
2117
533
65
1556
925
682
914
150
1144
817
1398
874
443
1017
100
808
1734
1591
379
1640
2117
533
65
1556
925
682
914
150
1144
817
1398
874
443
1017
100
808
1734
1591
379
1640
2117
533
65
1556
925
682
914
150
1144
817
1398
874
443
1017
100
808
1734
1591
379
1640
2117
533
65
1556
925
682
914
150
1144
817
1398
874
443
1017
100
808
1734
1591
379
1640
2117
533
65
1556
925
682
914
150
1144
817
1398
874
443
1017
100
808
1734
1591
379
1640
2117
533
65
1556
925
682
914
150
1144
817
1398
874
443
1017
100
808
1734
1591
379
1640
2117
533
65
1556
925
682
914
150
1144
817
1398
874
443
1017
100
808
1734
1591
379
1640
2117
533
65
1556
925
682
914
150
1144
817
1398
874
443
1017
100
808
1734
1591
379
1640
2117
533
65
1556
925
682
914
150
1144
817
1398
874
443
1017
100
808
1734
1591
379
1640
2117
533
65
1556
925
682
914
150
1144
817
1398
874
443
1017
100
808
1734
1591
379
1640
2117
533
65
1556
925
682
914
150
1144
817
1398
874
443
1017
100
808
1734
1591
379
1640
2117
533
65
1556
925
682
914
150
1144
817
1398
874
443
1017
100
808
1734
1591
379
1640
2117
533
65
1556
925
682
914
150
1144
817
1398
874
443
1017
100
808
1734
1591
379
1640
2117
533
65
1556
925
682
914
150
1144
817
1398
874
443
1017
100
808
1734
1591
379
1640
2117
533
65
1556
925
682
914
150
1144
817
1398
874
443
1017
100
808
1734
1591
379
1640
2117
533
65
1556
925
682
914
150
1144
817
1398
874
443
1017
100
808
1734
1591
379
1640
2117
533
65
1556
925
682
914
150
1144
817
1398
874
443
1017
100
808
1734
1591
379
1640
2117
533
65
1556
925
682
914
150
1144
817
1398
874
443
1017
100
808
1734
1591
379
1640
2117
533
65
1556
925
682
914
150
1144
817
1398
874
443
1017
100
808
1734
1591
379
1640
2117
533
65
1556
925
682
914
150
1144
817
1398
874
443
1017
100
808
1734
1591
379
1640
2117
533
65
1556
925
682
914
150
1144
817
1398
874
443
1017
100
808
1734
1591
379
1640
2117
533
65
1556
925
682
914
150
1144
817
1398
874
443
1017
100
808
1734
1591
379
1640
2117
533
65
1556
925
682
914
150
1144
817
1398
874
443
1017
100
808
1734
1591
379
1640
2117
533
65
1556
925
682
914
150
1144
817
1398
874
443
1017
100
808
1734
1591
379
1640
2117
533
65
1556
925
682
914
150
1144
817
1398
874
443
1017
100
808
1734
1591
379
1640
2117
533
65
1556
925
682
914
150
1144
817
1398
874
443
1017
100
808
1734
1591
379
1640
2117
533
65
1556
925
682
914
150
1144
817
1398
874
443
1017
100
808
1734
1591
379
1640
2117
533
65
1556
925
682
914
150
1144
817
1398
874
443
1017
100
808
1734
1591
379
1640
2117
533
65
1556
925
682
914
150
1144
817
1398
874
443
1017
100
808
1734
1591
379
1640
2117
533
65
1556
925
682
914
150
1144
817
1398
874
443
1017
100
808
1734
1591
379
1640
2117
533
65
1556
925
682
914
150
1144
817
1398
874
443
1017
100
808
1734
1591
379
1640
2117
533
65
1556
925
682
914
150
1144
817
1398
874
443
1017
100
808
1734
1591
379
1640
2117
533
65
1556
925
682
914
150
1144
817
1398
874
443
1017
100
808
1734
1591
379
1640
2117
533
65
1556
925
682
914
150
1144
817
1398
874
443
1017
100
808
1734
1591
379
1640
2117
533
65
1556
925
682
914
150
1144
817
1398
874
443
1017
100
808
1734
1591
379
1640
2117
533
65
1556
925
682
914
150
1144
817
1398
874
443
1017
100
808
1734
1591
379
1640
2117
533
65
1556
925
682
914
150
1144
817
1398
874
443
1017
100
808
1734
1591
379
1640
2117
533
65
1556
925
682
914
150
1144
817
1398
874
443
1017
100
808
1734
1591
379
1640
2117
533
65
1556
925
682
914
150
1144
817
1398
874
443
1017
100
808
1734
1591
379
1640
2117
533
65
1556
925
682
914
150
1144
817
1398
874
443
1017
100
808
1734
1591
379
1640
2117
