6
215
35
887
120
207
240
10
641
459
662
1243
67
31
299
69
205
308
145
179
6
215
35
887
120
207
240
10
641
459
662
1243
67
31
299
69
205
308
145
179
6
215
35
887
120
207
240
10
641
459
662
1243
67
31
299
69
205
308
145
179
6
215
35
887
120
207
240
10
641
459
662
1243
67
31
299
69
205
308
145
179
6
215
35
887
120
207
240
10
641
459
662
1243
67
31
299
69
205
308
145
179
6
215
35
887
120
207
240
10
641
459
662
1243
67
31
299
69
205
308
145
179
6
215
35
887
120
207
240
10
641
459
662
1243
67
31
299
69
205
308
145
179
6
215
35
887
120
207
240
10
641
459
662
1243
67
31
299
69
205
308
145
179
6
215
35
887
120
207
240
10
641
459
662
1243
67
31
299
69
205
308
145
179
6
215
35
887
120
207
240
10
641
459
662
1243
67
31
299
69
205
308
145
179
6
215
35
887
120
207
240
10
641
459
662
1243
67
31
299
69
205
308
145
179
6
215
35
887
120
207
240
10
641
459
662
1243
67
31
299
69
205
308
145
179
6
215
35
887
120
207
240
10
641
459
662
1243
67
31
299
69
205
308
145
179
6
215
35
887
120
207
240
10
641
459
662
1243
67
31
299
69
205
308
145
179
6
215
35
887
120
207
240
10
641
459
662
1243
67
31
299
69
205
308
145
179
6
215
35
887
120
207
240
10
641
459
662
1243
67
31
299
69
205
308
145
179
6
215
35
887
120
207
240
10
641
459
662
1243
67
31
299
69
205
308
145
179
6
215
35
887
120
207
240
10
641
459
662
1243
67
31
299
69
205
308
145
179
6
215
35
887
120
207
240
10
641
459
662
1243
67
31
299
69
205
308
145
179
6
215
35
887
120
207
240
10
641
459
662
1243
67
31
299
69
205
308
145
179
6
215
35
887
120
207
240
10
641
459
662
1243
67
31
299
69
205
308
145
179
6
215
35
887
120
207
240
10
641
459
662
1243
67
31
299
69
205
308
145
179
6
215
35
887
120
207
240
10
641
459
662
1243
67
31
299
69
205
308
145
179
6
215
35
887
120
207
240
10
641
459
662
1243
67
31
299
69
205
308
145
179
6
215
35
887
120
207
240
10
641
459
662
1243
67
31
299
69
205
308
145
179
6
215
35
887
120
207
240
10
641
459
662
1243
67
31
299
69
205
308
145
179
6
215
35
887
120
207
240
10
641
459
662
1243
67
31
299
69
205
308
145
179
6
215
35
887
120
207
240
10
641
459
662
1243
67
31
299
69
205
308
145
179
6
215
35
887
120
207
240
10
641
459
662
1243
67
31
299
69
205
308
145
179
6
215
35
887
120
207
240
10
641
459
662
1243
67
31
299
69
205
308
145
179
6
215
35
887
120
207
240
10
641
459
662
1243
67
31
299
69
205
308
145
179
6
215
35
887
120
207
240
10
641
459
662
1243
67
31
299
69
205
308
145
179
6
215
35
887
120
207
240
10
641
459
662
1243
67
31
299
69
205
308
145
179
6
215
35
887
120
207
240
10
641
459
662
1243
67
31
299
69
205
308
145
179
6
215
35
887
120
207
240
10
641
459
662
1243
67
31
299
69
205
308
145
179
6
215
35
887
120
207
240
10
641
459
662
1243
67
31
299
69
205
308
145
179
6
215
35
887
120
207
240
10
641
459
662
1243
67
31
299
69
205
308
145
179
6
215
35
887
120
207
240
10
641
459
662
1243
67
31
299
69
205
308
145
179
6
215
35
887
120
207
240
10
641
459
662
1243
67
31
299
69
205
308
145
179
6
215
35
887
120
207
240
10
641
459
662
1243
67
31
299
69
205
308
145
179
6
215
35
887
120
207
240
10
641
459
662
1243
67
31
299
69
205
308
145
179
6
215
35
887
120
207
240
10
641
459
662
1243
67
31
299
69
205
308
145
179
6
215
35
887
120
207
240
10
641
459
662
1243
67
31
299
69
205
308
145
179
6
215
35
887
120
207
240
10
641
459
662
1243
67
31
299
69
205
308
145
179
6
215
35
887
120
207
240
10
641
459
662
1243
67
31
299
69
205
308
145
179
6
215
35
887
120
207
240
10
641
459
662
1243
67
31
299
69
205
308
145
179
6
215
35
887
120
207
240
10
641
459
662
1243
67
31
299
69
205
308
145
179
6
215
35
887
120
207
240
10
641
459
662
1243
67
31
299
69
205
308
145
179
6
215
35
887
120
207
240
10
641
459
662
1243
67
31
299
69
205
308
145
179
6
215
35
887
120
207
240
10
641
459
662
1243
67
31
299
69
205
308
145
179
