361
503
406
461
754
486
2125
1980
2006
2140
1868
14
256
1124
1327
884
1926
1909
522
1037
461
361
406
503
754
486
1037
1868
1980
256
820
2006
2140
2125
1327
3
948
522
804
1926
361
503
406
754
461
2125
486
1980
2006
2140
1868
14
1124
884
1327
256
1926
1909
522
327
461
361
406
503
754
486
1037
1868
1980
256
820
2006
2140
2125
1327
3
948
522
804
1926
361
503
406
461
754
486
2125
1980
2006
2140
1868
14
256
1124
1327
884
1926
1909
522
1037
361
503
406
461
754
486
2125
1980
2006
2140
1868
14
256
1124
1327
884
1926
1909
522
1037
461
361
406
503
754
486
1037
1868
1980
256
820
2006
2140
2125
1327
3
948
522
804
1926
461
361
406
503
754
486
1037
1868
1980
256
820
2006
2140
2125
1327
3
948
522
804
1926
461
361
406
503
754
486
1037
1868
1980
256
820
2006
2140
2125
1327
3
948
522
804
1926
461
361
406
503
754
486
1037
1868
1980
256
820
2006
2140
2125
1327
3
948
522
804
1926
361
503
406
461
754
486
2125
1980
2006
2140
1868
14
256
1124
1327
884
1926
1909
522
1037
361
503
406
754
461
2125
486
1980
2006
2140
1868
14
1124
884
1327
256
1926
1909
522
327
361
503
406
461
754
486
2125
1980
2006
2140
1868
14
256
1124
1327
884
1926
1909
522
1037
361
503
406
754
461
2125
486
1980
2006
2140
1868
14
1124
884
1327
256
1926
1909
522
327
361
503
406
754
461
2125
486
1980
2006
2140
1868
14
1124
884
1327
256
1926
1909
522
327
361
503
406
754
461
2125
486
1980
2006
2140
1868
14
1124
884
1327
256
1926
1909
522
327
361
503
406
754
461
2125
486
1980
2006
2140
1868
14
1124
884
1327
256
1926
1909
522
327
461
361
406
503
754
486
1037
1868
1980
256
820
2006
2140
2125
1327
3
948
522
804
1926
361
503
406
461
754
486
2125
1980
2006
2140
1868
14
256
1124
1327
884
1926
1909
522
1037
361
503
406
461
754
486
2125
1980
2006
2140
1868
14
256
1124
1327
884
1926
1909
522
1037
461
361
406
503
754
486
1037
1868
1980
256
820
2006
2140
2125
1327
3
948
522
804
1926
361
503
406
754
461
2125
486
1980
2006
2140
1868
14
1124
884
1327
256
1926
1909
522
327
461
361
406
503
754
486
1037
1868
1980
256
820
2006
2140
2125
1327
3
948
522
804
1926
461
361
406
503
754
486
1037
1868
1980
256
820
2006
2140
2125
1327
3
948
522
804
1926
461
361
406
503
754
486
1037
1868
1980
256
820
2006
2140
2125
1327
3
948
522
804
1926
461
361
406
503
754
486
1037
1868
1980
256
820
2006
2140
2125
1327
3
948
522
804
1926
461
361
406
503
754
486
1037
1868
1980
256
820
2006
2140
2125
1327
3
948
522
804
1926
461
361
406
503
754
486
1037
1868
1980
256
820
2006
2140
2125
1327
3
948
522
804
1926
461
361
406
503
754
486
1037
1868
1980
256
820
2006
2140
2125
1327
3
948
522
804
1926
461
361
406
503
754
486
1037
1868
1980
256
820
2006
2140
2125
1327
3
948
522
804
1926
361
503
406
754
461
2125
486
1980
2006
2140
1868
14
1124
884
1327
256
1926
1909
522
327
361
503
406
754
461
2125
486
1980
2006
2140
1868
14
1124
884
1327
256
1926
1909
522
327
361
503
406
461
754
486
2125
1980
2006
2140
1868
14
256
1124
1327
884
1926
1909
522
1037
461
361
406
503
754
486
1037
1868
1980
256
820
2006
2140
2125
1327
3
948
522
804
1926
361
503
406
754
461
2125
486
1980
2006
2140
1868
14
1124
884
1327
256
1926
1909
522
327
361
503
406
461
754
486
2125
1980
2006
2140
1868
14
256
1124
1327
884
1926
1909
522
1037
361
503
406
754
461
2125
486
1980
2006
2140
1868
14
1124
884
1327
256
1926
1909
522
327
361
503
406
754
461
2125
486
1980
2006
2140
1868
14
1124
884
1327
256
1926
1909
522
327
361
503
406
461
754
486
2125
1980
2006
2140
1868
14
256
1124
1327
884
1926
1909
522
1037
461
361
406
503
754
486
1037
1868
1980
256
820
2006
2140
2125
1327
3
948
522
804
1926
461
361
406
503
754
486
1037
1868
1980
256
820
2006
2140
2125
1327
3
948
522
804
1926
361
503
406
754
461
2125
486
1980
2006
2140
1868
14
1124
884
1327
256
1926
1909
522
327
361
503
406
461
754
486
2125
1980
2006
2140
1868
14
256
1124
1327
884
1926
1909
522
1037
461
361
406
503
754
486
1037
1868
1980
256
820
2006
2140
2125
1327
3
948
522
804
1926
361
503
406
754
461
2125
486
1980
2006
2140
1868
14
1124
884
1327
256
1926
1909
522
327
461
361
406
503
754
486
1037
1868
1980
256
820
2006
2140
2125
1327
3
948
522
804
1926
361
503
406
461
754
486
2125
1980
2006
2140
1868
14
256
1124
1327
884
1926
1909
522
1037
361
503
406
461
754
486
2125
1980
2006
2140
1868
14
256
1124
1327
884
1926
1909
522
1037
361
503
406
754
461
2125
486
1980
2006
2140
1868
14
1124
884
1327
256
1926
1909
522
327
461
361
406
503
754
486
1037
1868
1980
256
820
2006
2140
2125
1327
3
948
522
804
1926
