138
184
571
224
322
60
58
792
75
583
800
807
302
8
589
167
216
1006
362
105
138
184
571
224
322
60
58
792
75
583
800
807
302
8
589
167
216
1006
362
105
138
184
571
224
322
60
58
792
75
583
800
807
302
8
589
167
216
1006
362
105
138
184
571
224
322
60
58
792
75
583
800
807
302
8
589
167
216
1006
362
105
138
184
571
224
322
60
58
792
75
583
800
807
302
8
589
167
216
1006
362
105
138
184
571
224
322
60
58
792
75
583
800
807
302
8
589
167
216
1006
362
105
138
184
571
224
322
60
58
792
75
583
800
807
302
8
589
167
216
1006
362
105
138
184
571
224
322
60
58
792
75
583
800
807
302
8
589
167
216
1006
362
105
138
184
571
224
322
60
58
792
75
583
800
807
302
8
589
167
216
1006
362
105
138
184
571
224
322
60
58
792
75
583
800
807
302
8
589
167
216
1006
362
105
138
184
571
224
322
60
58
792
75
583
800
807
302
8
589
167
216
1006
362
105
138
184
571
224
322
60
58
792
75
583
800
807
302
8
589
167
216
1006
362
105
138
184
571
224
322
60
58
792
75
583
800
807
302
8
589
167
216
1006
362
105
138
184
571
224
322
60
58
792
75
583
800
807
302
8
589
167
216
1006
362
105
138
184
571
224
322
60
58
792
75
583
800
807
302
8
589
167
216
1006
362
105
138
184
571
224
322
60
58
792
75
583
800
807
302
8
589
167
216
1006
362
105
138
184
571
224
322
60
58
792
75
583
800
807
302
8
589
167
216
1006
362
105
138
184
571
224
322
60
58
792
75
583
800
807
302
8
589
167
216
1006
362
105
138
184
571
224
322
60
58
792
75
583
800
807
302
8
589
167
216
1006
362
105
138
184
571
224
322
60
58
792
75
583
800
807
302
8
589
167
216
1006
362
105
138
184
571
224
322
60
58
792
75
583
800
807
302
8
589
167
216
1006
362
105
138
184
571
224
322
60
58
792
75
583
800
807
302
8
589
167
216
1006
362
105
138
184
571
224
322
60
58
792
75
583
800
807
302
8
589
167
216
1006
362
105
138
184
571
224
322
60
58
792
75
583
800
807
302
8
589
167
216
1006
362
105
138
184
571
224
322
60
58
792
75
583
800
807
302
8
589
167
216
1006
362
105
138
184
571
224
322
60
58
792
75
583
800
807
302
8
589
167
216
1006
362
105
138
184
571
224
322
60
58
792
75
583
800
807
302
8
589
167
216
1006
362
105
138
184
571
224
322
60
58
792
75
583
800
807
302
8
589
167
216
1006
362
105
138
184
571
224
322
60
58
792
75
583
800
807
302
8
589
167
216
1006
362
105
138
184
571
224
322
60
58
792
75
583
800
807
302
8
589
167
216
1006
362
105
138
184
571
224
322
60
58
792
75
583
800
807
302
8
589
167
216
1006
362
105
138
184
571
224
322
60
58
792
75
583
800
807
302
8
589
167
216
1006
362
105
138
184
571
224
322
60
58
792
75
583
800
807
302
8
589
167
216
1006
362
105
138
184
571
224
322
60
58
792
75
583
800
807
302
8
589
167
216
1006
362
105
138
184
571
224
322
60
58
792
75
583
800
807
302
8
589
167
216
1006
362
105
138
184
571
224
322
60
58
792
75
583
800
807
302
8
589
167
216
1006
362
105
138
184
571
224
322
60
58
792
75
583
800
807
302
8
589
167
216
1006
362
105
138
184
571
224
322
60
58
792
75
583
800
807
302
8
589
167
216
1006
362
105
138
184
571
224
322
60
58
792
75
583
800
807
302
8
589
167
216
1006
362
105
138
184
571
224
322
60
58
792
75
583
800
807
302
8
589
167
216
1006
362
105
138
184
571
224
322
60
58
792
75
583
800
807
302
8
589
167
216
1006
362
105
138
184
571
224
322
60
58
792
75
583
800
807
302
8
589
167
216
1006
362
105
138
184
571
224
322
60
58
792
75
583
800
807
302
8
589
167
216
1006
362
105
138
184
571
224
322
60
58
792
75
583
800
807
302
8
589
167
216
1006
362
105
138
184
571
224
322
60
58
792
75
583
800
807
302
8
589
167
216
1006
362
105
138
184
571
224
322
60
58
792
75
583
800
807
302
8
589
167
216
1006
362
105
138
184
571
224
322
60
58
792
75
583
800
807
302
8
589
167
216
1006
362
105
138
184
571
224
322
60
58
792
75
583
800
807
302
8
589
167
216
1006
362
105
138
184
571
224
322
60
58
792
75
583
800
807
302
8
589
167
216
1006
362
105
138
184
571
224
322
60
58
792
75
583
800
807
302
8
589
167
216
1006
362
105
