410
666
656
111
129
851
2
38
1185
894
672
667
476
70
1461
5
588
1715
211
343
410
666
656
111
129
851
2
38
1185
894
672
667
476
70
1461
5
588
1715
211
343
410
666
656
111
129
851
2
38
1185
894
672
667
476
70
1461
5
588
1715
211
343
410
666
656
111
129
851
2
38
1185
894
672
667
476
70
1461
5
588
1715
211
343
410
666
656
111
129
851
2
38
1185
894
672
667
476
70
1461
5
588
1715
211
343
410
666
656
111
129
851
2
38
1185
894
672
667
476
70
1461
5
588
1715
211
343
410
666
656
111
129
851
2
38
1185
894
672
667
476
70
1461
5
588
1715
211
343
410
666
656
111
129
851
2
38
1185
894
672
667
476
70
1461
5
588
1715
211
343
410
666
656
111
129
851
2
38
1185
894
672
667
476
70
1461
5
588
1715
211
343
410
666
656
111
129
851
2
38
1185
894
672
667
476
70
1461
5
588
1715
211
343
410
666
656
111
129
851
2
38
1185
894
672
667
476
70
1461
5
588
1715
211
343
410
666
656
111
129
851
2
38
1185
894
672
667
476
70
1461
5
588
1715
211
343
410
666
656
111
129
851
2
38
1185
894
672
667
476
70
1461
5
588
1715
211
343
410
666
656
111
129
851
2
38
1185
894
672
667
476
70
1461
5
588
1715
211
343
410
666
656
111
129
851
2
38
1185
894
672
667
476
70
1461
5
588
1715
211
343
410
666
656
111
129
851
2
38
1185
894
672
667
476
70
1461
5
588
1715
211
343
410
666
656
111
129
851
2
38
1185
894
672
667
476
70
1461
5
588
1715
211
343
410
666
656
111
129
851
2
38
1185
894
672
667
476
70
1461
5
588
1715
211
343
410
666
656
111
129
851
2
38
1185
894
672
667
476
70
1461
5
588
1715
211
343
410
666
656
111
129
851
2
38
1185
894
672
667
476
70
1461
5
588
1715
211
343
410
666
656
111
129
851
2
38
1185
894
672
667
476
70
1461
5
588
1715
211
343
410
666
656
111
129
851
2
38
1185
894
672
667
476
70
1461
5
588
1715
211
343
410
666
656
111
129
851
2
38
1185
894
672
667
476
70
1461
5
588
1715
211
343
410
666
656
111
129
851
2
38
1185
894
672
667
476
70
1461
5
588
1715
211
343
410
666
656
111
129
851
2
38
1185
894
672
667
476
70
1461
5
588
1715
211
343
410
666
656
111
129
851
2
38
1185
894
672
667
476
70
1461
5
588
1715
211
343
410
666
656
111
129
851
2
38
1185
894
672
667
476
70
1461
5
588
1715
211
343
410
666
656
111
129
851
2
38
1185
894
672
667
476
70
1461
5
588
1715
211
343
410
666
656
111
129
851
2
38
1185
894
672
667
476
70
1461
5
588
1715
211
343
410
666
656
111
129
851
2
38
1185
894
672
667
476
70
1461
5
588
1715
211
343
410
666
656
111
129
851
2
38
1185
894
672
667
476
70
1461
5
588
1715
211
343
410
666
656
111
129
851
2
38
1185
894
672
667
476
70
1461
5
588
1715
211
343
410
666
656
111
129
851
2
38
1185
894
672
667
476
70
1461
5
588
1715
211
343
410
666
656
111
129
851
2
38
1185
894
672
667
476
70
1461
5
588
1715
211
343
410
666
656
111
129
851
2
38
1185
894
672
667
476
70
1461
5
588
1715
211
343
410
666
656
111
129
851
2
38
1185
894
672
667
476
70
1461
5
588
1715
211
343
410
666
656
111
129
851
2
38
1185
894
672
667
476
70
1461
5
588
1715
211
343
410
666
656
111
129
851
2
38
1185
894
672
667
476
70
1461
5
588
1715
211
343
410
666
656
111
129
851
2
38
1185
894
672
667
476
70
1461
5
588
1715
211
343
410
666
656
111
129
851
2
38
1185
894
672
667
476
70
1461
5
588
1715
211
343
410
666
656
111
129
851
2
38
1185
894
672
667
476
70
1461
5
588
1715
211
343
410
666
656
111
129
851
2
38
1185
894
672
667
476
70
1461
5
588
1715
211
343
410
666
656
111
129
851
2
38
1185
894
672
667
476
70
1461
5
588
1715
211
343
410
666
656
111
129
851
2
38
1185
894
672
667
476
70
1461
5
588
1715
211
343
410
666
656
111
129
851
2
38
1185
894
672
667
476
70
1461
5
588
1715
211
343
410
666
656
111
129
851
2
38
1185
894
672
667
476
70
1461
5
588
1715
211
343
410
666
656
111
129
851
2
38
1185
894
672
667
476
70
1461
5
588
1715
211
343
410
666
656
111
129
851
2
38
1185
894
672
667
476
70
1461
5
588
1715
211
343
410
666
656
111
129
851
2
38
1185
894
672
667
476
70
1461
5
588
1715
211
343
410
666
656
111
129
851
2
38
1185
894
672
667
476
70
1461
5
588
1715
211
343
