24
433
378
383
2007
382
391
384
2507
381
388
3279
390
2505
1459
1917
2070
1939
380
1941
3015
1506
616
401
3385
24
433
378
383
2007
382
391
384
2507
381
388
3279
390
2505
1459
1917
2070
1939
380
1941
3015
1506
616
401
3385
24
433
378
383
2007
382
391
384
2507
381
388
3279
390
2505
1459
1917
2070
1939
380
1941
3015
1506
616
401
3385
24
433
378
383
2007
382
391
384
2507
381
388
3279
390
2505
1459
1917
2070
1939
380
1941
3015
1506
616
401
3385
24
433
378
383
2007
382
391
384
2507
381
388
3279
390
2505
1459
1917
2070
1939
380
1941
3015
1506
616
401
3385
24
433
378
383
2007
382
391
384
2507
381
388
3279
390
2505
1459
1917
2070
1939
380
1941
3015
1506
616
401
3385
24
433
378
383
2007
382
391
384
2507
381
388
3279
390
2505
1459
1917
2070
1939
380
1941
3015
1506
616
401
3385
24
433
378
383
2007
382
391
384
2507
381
388
3279
390
2505
1459
1917
2070
1939
380
1941
3015
1506
616
401
3385
24
433
378
383
2007
382
391
384
2507
381
388
3279
390
2505
1459
1917
2070
1939
380
1941
3015
1506
616
401
3385
24
433
378
383
2007
382
391
384
2507
381
388
3279
390
2505
1459
1917
2070
1939
380
1941
3015
1506
616
401
3385
24
433
378
383
2007
382
391
384
2507
381
388
3279
390
2505
1459
1917
2070
1939
380
1941
3015
1506
616
401
3385
24
433
378
383
2007
382
391
384
2507
381
388
3279
390
2505
1459
1917
2070
1939
380
1941
3015
1506
616
401
3385
24
433
378
383
2007
382
391
384
2507
381
388
3279
390
2505
1459
1917
2070
1939
380
1941
3015
1506
616
401
3385
24
433
378
383
2007
382
391
384
2507
381
388
3279
390
2505
1459
1917
2070
1939
380
1941
3015
1506
616
401
3385
24
433
378
383
2007
382
391
384
2507
381
388
3279
390
2505
1459
1917
2070
1939
380
1941
3015
1506
616
401
3385
24
433
378
383
2007
382
391
384
2507
381
388
3279
390
2505
1459
1917
2070
1939
380
1941
3015
1506
616
401
3385
24
433
378
383
2007
382
391
384
2507
381
388
3279
390
2505
1459
1917
2070
1939
380
1941
3015
1506
616
401
3385
24
433
378
383
2007
382
391
384
2507
381
388
3279
390
2505
1459
1917
2070
1939
380
1941
3015
1506
616
401
3385
24
433
378
383
2007
382
391
384
2507
381
388
3279
390
2505
1459
1917
2070
1939
380
1941
3015
1506
616
401
3385
24
433
378
383
2007
382
391
384
2507
381
388
3279
390
2505
1459
1917
2070
1939
380
1941
3015
1506
616
401
3385
24
433
378
383
2007
382
391
384
2507
381
388
3279
390
2505
1459
1917
2070
1939
380
1941
3015
1506
616
401
3385
24
433
378
383
2007
382
391
384
2507
381
388
3279
390
2505
1459
1917
2070
1939
380
1941
3015
1506
616
401
3385
24
433
378
383
2007
382
391
384
2507
381
388
3279
390
2505
1459
1917
2070
1939
380
1941
3015
1506
616
401
3385
24
433
378
383
2007
382
391
384
2507
381
388
3279
390
2505
1459
1917
2070
1939
380
1941
3015
1506
616
401
3385
24
433
378
383
2007
382
391
384
2507
381
388
3279
390
2505
1459
1917
2070
1939
380
1941
3015
1506
616
401
3385
24
433
378
383
2007
382
391
384
2507
381
388
3279
390
2505
1459
1917
2070
1939
380
1941
3015
1506
616
401
3385
24
433
378
383
2007
382
391
384
2507
381
388
3279
390
2505
1459
1917
2070
1939
380
1941
3015
1506
616
401
3385
24
433
378
383
2007
382
391
384
2507
381
388
3279
390
2505
1459
1917
2070
1939
380
1941
3015
1506
616
401
3385
24
433
378
383
2007
382
391
384
2507
381
388
3279
390
2505
1459
1917
2070
1939
380
1941
3015
1506
616
401
3385
24
433
378
383
2007
382
391
384
2507
381
388
3279
390
2505
1459
1917
2070
1939
380
1941
3015
1506
616
401
3385
24
433
378
383
2007
382
391
384
2507
381
388
3279
390
2505
1459
1917
2070
1939
380
1941
3015
1506
616
401
3385
24
433
378
383
2007
382
391
384
2507
381
388
3279
390
2505
1459
1917
2070
1939
380
1941
3015
1506
616
401
3385
24
433
378
383
2007
382
391
384
2507
381
388
3279
390
2505
1459
1917
2070
1939
380
1941
3015
1506
616
401
3385
24
433
378
383
2007
382
391
384
2507
381
388
3279
390
2505
1459
1917
2070
1939
380
1941
3015
1506
616
401
3385
24
433
378
383
2007
382
391
384
2507
381
388
3279
390
2505
1459
1917
2070
1939
380
1941
3015
1506
616
401
3385
24
433
378
383
2007
382
391
384
2507
381
388
3279
390
2505
1459
1917
2070
1939
380
1941
3015
1506
616
401
3385
24
433
378
383
2007
382
391
384
2507
381
388
3279
390
2505
1459
1917
2070
1939
380
1941
3015
1506
616
401
3385
24
433
378
383
2007
382
391
384
2507
381
388
3279
390
2505
1459
1917
2070
1939
380
1941
3015
1506
616
401
3385
24
433
378
383
2007
382
391
384
2507
381
388
3279
390
2505
1459
1917
2070
1939
380
1941
3015
1506
616
401
3385
24
433
378
383
2007
382
391
384
2507
381
388
3279
390
2505
1459
1917
2070
1939
380
1941
3015
1506
616
401
3385
24
433
378
383
2007
382
391
384
2507
381
388
3279
390
2505
1459
1917
2070
1939
380
1941
3015
1506
616
401
3385
24
433
378
383
2007
382
391
384
2507
381
388
3279
390
2505
1459
1917
2070
1939
380
1941
3015
1506
616
401
3385
24
433
378
383
2007
382
391
384
2507
381
388
3279
390
2505
1459
1917
2070
1939
380
1941
3015
1506
616
401
3385
24
433
378
383
2007
382
391
384
2507
381
388
3279
390
2505
1459
1917
2070
1939
380
1941
3015
1506
616
401
3385
24
433
378
383
2007
382
391
384
2507
381
388
3279
390
2505
1459
1917
2070
1939
380
1941
3015
1506
616
401
3385
24
433
378
383
2007
382
391
384
2507
381
388
3279
390
2505
1459
1917
2070
1939
380
1941
3015
1506
616
401
3385
24
433
378
383
2007
382
391
384
2507
381
388
3279
390
2505
1459
1917
2070
1939
380
1941
3015
1506
616
401
3385
24
433
378
383
2007
382
391
384
2507
381
388
3279
390
2505
1459
1917
2070
1939
380
1941
3015
1506
616
401
3385
24
433
378
383
2007
382
391
384
2507
381
388
3279
390
2505
1459
1917
2070
1939
380
1941
3015
1506
616
401
3385
24
433
378
383
2007
382
391
384
2507
381
388
3279
390
2505
1459
1917
2070
1939
380
1941
3015
1506
616
401
3385
