70
239
491
23
708
2504
853
1771
653
1276
1271
715
73
1524
164
1526
592
3487
2098
2028
1715
3096
2160
1813
921
1047
1815
1250
238
1197
2752
467
2823
2205
1808
70
239
491
23
708
2504
853
1771
653
1276
1271
715
73
1524
164
1526
592
3487
2098
2028
1715
3096
2160
1813
921
1047
1815
1250
238
1197
2752
467
2823
2205
1808
70
239
491
23
708
2504
853
1771
653
1276
1271
715
73
1524
164
1526
592
3487
2098
2028
1715
3096
2160
1813
921
1047
1815
1250
238
1197
2752
467
2823
2205
1808
70
239
491
23
708
2504
853
1771
653
1276
1271
715
73
1524
164
1526
592
3487
2098
2028
1715
3096
2160
1813
921
1047
1815
1250
238
1197
2752
467
2823
2205
1808
70
239
491
23
708
2504
853
1771
653
1276
1271
715
73
1524
164
1526
592
3487
2098
2028
1715
3096
2160
1813
921
1047
1815
1250
238
1197
2752
467
2823
2205
1808
70
239
491
23
708
2504
853
1771
653
1276
1271
715
73
1524
164
1526
592
3487
2098
2028
1715
3096
2160
1813
921
1047
1815
1250
238
1197
2752
467
2823
2205
1808
70
239
491
23
708
2504
853
1771
653
1276
1271
715
73
1524
164
1526
592
3487
2098
2028
1715
3096
2160
1813
921
1047
1815
1250
238
1197
2752
467
2823
2205
1808
70
239
491
23
708
2504
853
1771
653
1276
1271
715
73
1524
164
1526
592
3487
2098
2028
1715
3096
2160
1813
921
1047
1815
1250
238
1197
2752
467
2823
2205
1808
70
239
491
23
708
2504
853
1771
653
1276
1271
715
73
1524
164
1526
592
3487
2098
2028
1715
3096
2160
1813
921
1047
1815
1250
238
1197
2752
467
2823
2205
1808
70
239
491
23
708
2504
853
1771
653
1276
1271
715
73
1524
164
1526
592
3487
2098
2028
1715
3096
2160
1813
921
1047
1815
1250
238
1197
2752
467
2823
2205
1808
70
239
491
23
708
2504
853
1771
653
1276
1271
715
73
1524
164
1526
592
3487
2098
2028
1715
3096
2160
1813
921
1047
1815
1250
238
1197
2752
467
2823
2205
1808
70
239
491
23
708
2504
853
1771
653
1276
1271
715
73
1524
164
1526
592
3487
2098
2028
1715
3096
2160
1813
921
1047
1815
1250
238
1197
2752
467
2823
2205
1808
70
239
491
23
708
2504
853
1771
653
1276
1271
715
73
1524
164
1526
592
3487
2098
2028
1715
3096
2160
1813
921
1047
1815
1250
238
1197
2752
467
2823
2205
1808
70
239
491
23
708
2504
853
1771
653
1276
1271
715
73
1524
164
1526
592
3487
2098
2028
1715
3096
2160
1813
921
1047
1815
1250
238
1197
2752
467
2823
2205
1808
70
239
491
23
708
2504
853
1771
653
1276
1271
715
73
1524
164
1526
592
3487
2098
2028
1715
3096
2160
1813
921
1047
1815
1250
238
1197
2752
467
2823
2205
1808
70
239
491
23
708
2504
853
1771
653
1276
1271
715
73
1524
164
1526
592
3487
2098
2028
1715
3096
2160
1813
921
1047
1815
1250
238
1197
2752
467
2823
2205
1808
70
239
491
23
708
2504
853
1771
653
1276
1271
715
73
1524
164
1526
592
3487
2098
2028
1715
3096
2160
1813
921
1047
1815
1250
238
1197
2752
467
2823
2205
1808
70
239
491
23
708
2504
853
1771
653
1276
1271
715
73
1524
164
1526
592
3487
2098
2028
1715
3096
2160
1813
921
1047
1815
1250
238
1197
2752
467
2823
2205
1808
70
239
491
23
708
2504
853
1771
653
1276
1271
715
73
1524
164
1526
592
3487
2098
2028
1715
3096
2160
1813
921
1047
1815
1250
238
1197
2752
467
2823
2205
1808
70
239
491
23
708
2504
853
1771
653
1276
1271
715
73
1524
164
1526
592
3487
2098
2028
1715
3096
2160
1813
921
1047
1815
1250
238
1197
2752
467
2823
2205
1808
70
239
491
23
708
2504
853
1771
653
1276
1271
715
73
1524
164
1526
592
3487
2098
2028
1715
3096
2160
1813
921
1047
1815
1250
238
1197
2752
467
2823
2205
1808
70
239
491
23
708
2504
853
1771
653
1276
1271
715
73
1524
164
1526
592
3487
2098
2028
1715
3096
2160
1813
921
1047
1815
1250
238
1197
2752
467
2823
2205
1808
70
239
491
23
708
2504
853
1771
653
1276
1271
715
73
1524
164
1526
592
3487
2098
2028
1715
3096
2160
1813
921
1047
1815
1250
238
1197
2752
467
2823
2205
1808
70
239
491
23
708
2504
853
1771
653
1276
1271
715
73
1524
164
1526
592
3487
2098
2028
1715
3096
2160
1813
921
1047
1815
1250
238
1197
2752
467
2823
2205
1808
70
239
491
23
708
2504
853
1771
653
1276
1271
715
73
1524
164
1526
592
3487
2098
2028
1715
3096
2160
1813
921
1047
1815
1250
238
1197
2752
467
2823
2205
1808
70
239
491
23
708
2504
853
1771
653
1276
1271
715
73
1524
164
1526
592
3487
2098
2028
1715
3096
2160
1813
921
1047
1815
1250
238
1197
2752
467
2823
2205
1808
70
239
491
23
708
2504
853
1771
653
1276
1271
715
73
1524
164
1526
592
3487
2098
2028
1715
3096
2160
1813
921
1047
1815
1250
238
1197
2752
467
2823
2205
1808
70
239
491
23
708
2504
853
1771
653
1276
1271
715
73
1524
164
1526
592
3487
2098
2028
1715
3096
2160
1813
921
1047
1815
1250
238
1197
2752
467
2823
2205
1808
70
239
491
23
708
2504
853
1771
653
1276
1271
715
73
1524
164
1526
592
3487
2098
2028
1715
3096
2160
1813
921
1047
1815
1250
238
1197
2752
467
2823
2205
1808
70
239
491
23
708
2504
853
1771
653
1276
1271
715
73
1524
164
1526
592
3487
2098
2028
1715
3096
2160
1813
921
1047
1815
1250
238
1197
2752
467
2823
2205
1808
70
239
491
23
708
2504
853
1771
653
1276
1271
715
73
1524
164
1526
592
3487
2098
2028
1715
3096
2160
1813
921
1047
1815
1250
238
1197
2752
467
2823
2205
1808
70
239
491
23
708
2504
853
1771
653
1276
1271
715
73
1524
164
1526
592
3487
2098
2028
1715
3096
2160
1813
921
1047
1815
1250
238
1197
2752
467
2823
2205
1808
70
239
491
23
708
2504
853
1771
653
1276
1271
715
73
1524
164
1526
592
3487
2098
2028
1715
3096
2160
1813
921
1047
1815
1250
238
1197
2752
467
2823
2205
1808
70
239
491
23
708
2504
853
1771
653
1276
1271
715
73
1524
164
1526
592
3487
2098
2028
1715
3096
2160
1813
921
1047
1815
1250
238
1197
2752
467
2823
2205
1808
70
239
491
23
708
2504
853
1771
653
1276
1271
715
73
1524
164
1526
592
3487
2098
2028
1715
3096
2160
1813
921
1047
1815
1250
238
1197
2752
467
2823
2205
1808
70
239
491
23
708
2504
853
1771
653
1276
1271
715
73
1524
164
1526
592
3487
2098
2028
1715
3096
2160
1813
921
1047
1815
1250
238
1197
2752
467
2823
2205
1808
70
239
491
23
708
2504
853
1771
653
1276
1271
715
73
1524
164
1526
592
3487
2098
2028
1715
3096
2160
1813
921
1047
1815
1250
238
1197
2752
467
2823
2205
1808
70
239
491
23
708
2504
853
1771
653
1276
1271
715
73
1524
164
1526
592
3487
2098
2028
1715
3096
2160
1813
921
1047
1815
1250
238
1197
2752
467
2823
2205
1808
70
239
491
23
708
2504
853
1771
653
1276
1271
715
73
1524
164
1526
592
3487
2098
2028
1715
3096
2160
1813
921
1047
1815
1250
238
1197
2752
467
2823
2205
1808
70
239
491
23
708
2504
853
1771
653
1276
1271
715
73
1524
164
1526
592
3487
2098
2028
1715
3096
2160
1813
921
1047
1815
1250
238
1197
2752
467
2823
2205
1808
70
239
491
23
708
2504
853
1771
653
1276
1271
715
73
1524
164
1526
592
3487
2098
2028
1715
3096
2160
1813
921
1047
1815
1250
238
1197
2752
467
2823
2205
1808
70
239
491
23
708
2504
853
1771
653
1276
1271
715
73
1524
164
1526
592
3487
2098
2028
1715
3096
2160
1813
921
1047
1815
1250
238
1197
2752
467
2823
2205
1808
70
239
491
23
708
2504
853
1771
653
1276
1271
715
73
1524
164
1526
592
3487
2098
2028
1715
3096
2160
1813
921
1047
1815
1250
238
1197
2752
467
2823
2205
1808
70
239
491
23
708
2504
853
1771
653
1276
1271
715
73
1524
164
1526
592
3487
2098
2028
1715
3096
2160
1813
921
1047
1815
1250
238
1197
2752
467
2823
2205
1808
70
239
491
23
708
2504
853
1771
653
1276
1271
715
73
1524
164
1526
592
3487
2098
2028
1715
3096
2160
1813
921
1047
1815
1250
238
1197
2752
467
2823
2205
1808
70
239
491
23
708
2504
853
1771
653
1276
1271
715
73
1524
164
1526
592
3487
2098
2028
1715
3096
2160
1813
921
1047
1815
1250
238
1197
2752
467
2823
2205
1808
70
239
491
23
708
2504
853
1771
653
1276
1271
715
73
1524
164
1526
592
3487
2098
2028
1715
3096
2160
1813
921
1047
1815
1250
238
1197
2752
467
2823
2205
1808
70
239
491
23
708
2504
853
1771
653
1276
1271
715
73
1524
164
1526
592
3487
2098
2028
1715
3096
2160
1813
921
1047
1815
1250
238
1197
2752
467
2823
2205
1808
70
239
491
23
708
2504
853
1771
653
1276
1271
715
73
1524
164
1526
592
3487
2098
2028
1715
3096
2160
1813
921
1047
1815
1250
238
1197
2752
467
2823
2205
1808
70
239
491
23
708
2504
853
1771
653
1276
1271
715
73
1524
164
1526
592
3487
2098
2028
1715
3096
2160
1813
921
1047
1815
1250
238
1197
2752
467
2823
2205
1808
