1223
1374
1085
862
4207
2605
2656
6738
1256
92
2442
1658
4758
503
982
499
136
4775
1915
7116
6466
3188
1707
1610
107
6617
1502
6622
1441
2655
3297
4580
5086
8299
5337
1574
6879
6251
6486
6351
1223
1374
1085
862
4207
2605
2656
6738
1256
92
2442
1658
4758
503
982
499
136
4775
1915
7116
6466
3188
1707
1610
107
6617
1502
6622
1441
2655
3297
4580
5086
8299
5337
1574
6879
6251
6486
6351
1223
1374
1085
862
4207
2605
2656
6738
1256
92
2442
1658
4758
503
982
499
136
4775
1915
7116
6466
3188
1707
1610
107
6617
1502
6622
1441
2655
3297
4580
5086
8299
5337
1574
6879
6251
6486
6351
1223
1374
1085
862
4207
2605
2656
6738
1256
92
2442
1658
4758
503
982
499
136
4775
1915
7116
6466
3188
1707
1610
107
6617
1502
6622
1441
2655
3297
4580
5086
8299
5337
1574
6879
6251
6486
6351
1223
1374
1085
862
4207
2605
2656
6738
1256
92
2442
1658
4758
503
982
499
136
4775
1915
7116
6466
3188
1707
1610
107
6617
1502
6622
1441
2655
3297
4580
5086
8299
5337
1574
6879
6251
6486
6351
1223
1374
1085
862
4207
2605
2656
6738
1256
92
2442
1658
4758
503
982
499
136
4775
1915
7116
6466
3188
1707
1610
107
6617
1502
6622
1441
2655
3297
4580
5086
8299
5337
1574
6879
6251
6486
6351
1223
1374
1085
862
4207
2605
2656
6738
1256
92
2442
1658
4758
503
982
499
136
4775
1915
7116
6466
3188
1707
1610
107
6617
1502
6622
1441
2655
3297
4580
5086
8299
5337
1574
6879
6251
6486
6351
1223
1374
1085
862
4207
2605
2656
6738
1256
92
2442
1658
4758
503
982
499
136
4775
1915
7116
6466
3188
1707
1610
107
6617
1502
6622
1441
2655
3297
4580
5086
8299
5337
1574
6879
6251
6486
6351
1223
1374
1085
862
4207
2605
2656
6738
1256
92
2442
1658
4758
503
982
499
136
4775
1915
7116
6466
3188
1707
1610
107
6617
1502
6622
1441
2655
3297
4580
5086
8299
5337
1574
6879
6251
6486
6351
1223
1374
1085
862
4207
2605
2656
6738
1256
92
2442
1658
4758
503
982
499
136
4775
1915
7116
6466
3188
1707
1610
107
6617
1502
6622
1441
2655
3297
4580
5086
8299
5337
1574
6879
6251
6486
6351
1223
1374
1085
862
4207
2605
2656
6738
1256
92
2442
1658
4758
503
982
499
136
4775
1915
7116
6466
3188
1707
1610
107
6617
1502
6622
1441
2655
3297
4580
5086
8299
5337
1574
6879
6251
6486
6351
1223
1374
1085
862
4207
2605
2656
6738
1256
92
2442
1658
4758
503
982
499
136
4775
1915
7116
6466
3188
1707
1610
107
6617
1502
6622
1441
2655
3297
4580
5086
8299
5337
1574
6879
6251
6486
6351
1223
1374
1085
862
4207
2605
2656
6738
1256
92
2442
1658
4758
503
982
499
136
4775
1915
7116
6466
3188
1707
1610
107
6617
1502
6622
1441
2655
3297
4580
5086
8299
5337
1574
6879
6251
6486
6351
1223
1374
1085
862
4207
2605
2656
6738
1256
92
2442
1658
4758
503
982
499
136
4775
1915
7116
6466
3188
1707
1610
107
6617
1502
6622
1441
2655
3297
4580
5086
8299
5337
1574
6879
6251
6486
6351
1223
1374
1085
862
4207
2605
2656
6738
1256
92
2442
1658
4758
503
982
499
136
4775
1915
7116
6466
3188
1707
1610
107
6617
1502
6622
1441
2655
3297
4580
5086
8299
5337
1574
6879
6251
6486
6351
1223
1374
1085
862
4207
2605
2656
6738
1256
92
2442
1658
4758
503
982
499
136
4775
1915
7116
6466
3188
1707
1610
107
6617
1502
6622
1441
2655
3297
4580
5086
8299
5337
1574
6879
6251
6486
6351
1223
1374
1085
862
4207
2605
2656
6738
1256
92
2442
1658
4758
503
982
499
136
4775
1915
7116
6466
3188
1707
1610
107
6617
1502
6622
1441
2655
3297
4580
5086
8299
5337
1574
6879
6251
6486
6351
1223
1374
1085
862
4207
2605
2656
6738
1256
92
2442
1658
4758
503
982
499
136
4775
1915
7116
6466
3188
1707
1610
107
6617
1502
6622
1441
2655
3297
4580
5086
8299
5337
1574
6879
6251
6486
6351
1223
1374
1085
862
4207
2605
2656
6738
1256
92
2442
1658
4758
503
982
499
136
4775
1915
7116
6466
3188
1707
1610
107
6617
1502
6622
1441
2655
3297
4580
5086
8299
5337
1574
6879
6251
6486
6351
1223
1374
1085
862
4207
2605
2656
6738
1256
92
2442
1658
4758
503
982
499
136
4775
1915
7116
6466
3188
1707
1610
107
6617
1502
6622
1441
2655
3297
4580
5086
8299
5337
1574
6879
6251
6486
6351
1223
1374
1085
862
4207
2605
2656
6738
1256
92
2442
1658
4758
503
982
499
136
4775
1915
7116
6466
3188
1707
1610
107
6617
1502
6622
1441
2655
3297
4580
5086
8299
5337
1574
6879
6251
6486
6351
1223
1374
1085
862
4207
2605
2656
6738
1256
92
2442
1658
4758
503
982
499
136
4775
1915
7116
6466
3188
1707
1610
107
6617
1502
6622
1441
2655
3297
4580
5086
8299
5337
1574
6879
6251
6486
6351
1223
1374
1085
862
4207
2605
2656
6738
1256
92
2442
1658
4758
503
982
499
136
4775
1915
7116
6466
3188
1707
1610
107
6617
1502
6622
1441
2655
3297
4580
5086
8299
5337
1574
6879
6251
6486
6351
1223
1374
1085
862
4207
2605
2656
6738
1256
92
2442
1658
4758
503
982
499
136
4775
1915
7116
6466
3188
1707
1610
107
6617
1502
6622
1441
2655
3297
4580
5086
8299
5337
1574
6879
6251
6486
6351
1223
1374
1085
862
4207
2605
2656
6738
1256
92
2442
1658
4758
503
982
499
136
4775
1915
7116
6466
3188
1707
1610
107
6617
1502
6622
1441
2655
3297
4580
5086
8299
5337
1574
6879
6251
6486
6351
1223
1374
1085
862
4207
2605
2656
6738
1256
92
2442
1658
4758
503
982
499
136
4775
1915
7116
6466
3188
1707
1610
107
6617
1502
6622
1441
2655
3297
4580
5086
8299
5337
1574
6879
6251
6486
6351
1223
1374
1085
862
4207
2605
2656
6738
1256
92
2442
1658
4758
503
982
499
136
4775
1915
7116
6466
3188
1707
1610
107
6617
1502
6622
1441
2655
3297
4580
5086
8299
5337
1574
6879
6251
6486
6351
1223
1374
1085
862
4207
2605
2656
6738
1256
92
2442
1658
4758
503
982
499
136
4775
1915
7116
6466
3188
1707
1610
107
6617
1502
6622
1441
2655
3297
4580
5086
8299
5337
1574
6879
6251
6486
6351
1223
1374
1085
862
4207
2605
2656
6738
1256
92
2442
1658
4758
503
982
499
136
4775
1915
7116
6466
3188
1707
1610
107
6617
1502
6622
1441
2655
3297
4580
5086
8299
5337
1574
6879
6251
6486
6351
1223
1374
1085
862
4207
2605
2656
6738
1256
92
2442
1658
4758
503
982
499
136
4775
1915
7116
6466
3188
1707
1610
107
6617
1502
6622
1441
2655
3297
4580
5086
8299
5337
1574
6879
6251
6486
6351
1223
1374
1085
862
4207
2605
2656
6738
1256
92
2442
1658
4758
503
982
499
136
4775
1915
7116
6466
3188
1707
1610
107
6617
1502
6622
1441
2655
3297
4580
5086
8299
5337
1574
6879
6251
6486
6351
1223
1374
1085
862
4207
2605
2656
6738
1256
92
2442
1658
4758
503
982
499
136
4775
1915
7116
6466
3188
1707
1610
107
6617
1502
6622
1441
2655
3297
4580
5086
8299
5337
1574
6879
6251
6486
6351
1223
1374
1085
862
4207
2605
2656
6738
1256
92
2442
1658
4758
503
982
499
136
4775
1915
7116
6466
3188
1707
1610
107
6617
1502
6622
1441
2655
3297
4580
5086
8299
5337
1574
6879
6251
6486
6351
1223
1374
1085
862
4207
2605
2656
6738
1256
92
2442
1658
4758
503
982
499
136
4775
1915
7116
6466
3188
1707
1610
107
6617
1502
6622
1441
2655
3297
4580
5086
8299
5337
1574
6879
6251
6486
6351
1223
1374
1085
862
4207
2605
2656
6738
1256
92
2442
1658
4758
503
982
499
136
4775
1915
7116
6466
3188
1707
1610
107
6617
1502
6622
1441
2655
3297
4580
5086
8299
5337
1574
6879
6251
6486
6351
1223
1374
1085
862
4207
2605
2656
6738
1256
92
2442
1658
4758
503
982
499
136
4775
1915
7116
6466
3188
1707
1610
107
6617
1502
6622
1441
2655
3297
4580
5086
8299
5337
1574
6879
6251
6486
6351
1223
1374
1085
862
4207
2605
2656
6738
1256
92
2442
1658
4758
503
982
499
136
4775
1915
7116
6466
3188
1707
1610
107
6617
1502
6622
1441
2655
3297
4580
5086
8299
5337
1574
6879
6251
6486
6351
1223
1374
1085
862
4207
2605
2656
6738
1256
92
2442
1658
4758
503
982
499
136
4775
1915
7116
6466
3188
1707
1610
107
6617
1502
6622
1441
2655
3297
4580
5086
8299
5337
1574
6879
6251
6486
6351
1223
1374
1085
862
4207
2605
2656
6738
1256
92
2442
1658
4758
503
982
499
136
4775
1915
7116
6466
3188
1707
1610
107
6617
1502
6622
1441
2655
3297
4580
5086
8299
5337
1574
6879
6251
6486
6351
1223
1374
1085
862
4207
2605
2656
6738
1256
92
2442
1658
4758
503
982
499
136
4775
1915
7116
6466
3188
1707
1610
107
6617
1502
6622
1441
2655
3297
4580
5086
8299
5337
1574
6879
6251
6486
6351
1223
1374
1085
862
4207
2605
2656
6738
1256
92
2442
1658
4758
503
982
499
136
4775
1915
7116
6466
3188
1707
1610
107
6617
1502
6622
1441
2655
3297
4580
5086
8299
5337
1574
6879
6251
6486
6351
1223
1374
1085
862
4207
2605
2656
6738
1256
92
2442
1658
4758
503
982
499
136
4775
1915
7116
6466
3188
1707
1610
107
6617
1502
6622
1441
2655
3297
4580
5086
8299
5337
1574
6879
6251
6486
6351
1223
1374
1085
862
4207
2605
2656
6738
1256
92
2442
1658
4758
503
982
499
136
4775
1915
7116
6466
3188
1707
1610
107
6617
1502
6622
1441
2655
3297
4580
5086
8299
5337
1574
6879
6251
6486
6351
1223
1374
1085
862
4207
2605
2656
6738
1256
92
2442
1658
4758
503
982
499
136
4775
1915
7116
6466
3188
1707
1610
107
6617
1502
6622
1441
2655
3297
4580
5086
8299
5337
1574
6879
6251
6486
6351
1223
1374
1085
862
4207
2605
2656
6738
1256
92
2442
1658
4758
503
982
499
136
4775
1915
7116
6466
3188
1707
1610
107
6617
1502
6622
1441
2655
3297
4580
5086
8299
5337
1574
6879
6251
6486
6351
1223
1374
1085
862
4207
2605
2656
6738
1256
92
2442
1658
4758
503
982
499
136
4775
1915
7116
6466
3188
1707
1610
107
6617
1502
6622
1441
2655
3297
4580
5086
8299
5337
1574
6879
6251
6486
6351
1223
1374
1085
862
4207
2605
2656
6738
1256
92
2442
1658
4758
503
982
499
136
4775
1915
7116
6466
3188
1707
1610
107
6617
1502
6622
1441
2655
3297
4580
5086
8299
5337
1574
6879
6251
6486
6351
1223
1374
1085
862
4207
2605
2656
6738
1256
92
2442
1658
4758
503
982
499
136
4775
1915
7116
6466
3188
1707
1610
107
6617
1502
6622
1441
2655
3297
4580
5086
8299
5337
1574
6879
6251
6486
6351
1223
1374
1085
862
4207
2605
2656
6738
1256
92
2442
1658
4758
503
982
499
136
4775
1915
7116
6466
3188
1707
1610
107
6617
1502
6622
1441
2655
3297
4580
5086
8299
5337
1574
6879
6251
6486
6351
1223
1374
1085
862
4207
2605
2656
6738
1256
92
2442
1658
4758
503
982
499
136
4775
1915
7116
6466
3188
1707
1610
107
6617
1502
6622
1441
2655
3297
4580
5086
8299
5337
1574
6879
6251
6486
6351
