90
129
132
63
183
41
27
111
7
243
100
13
12
13
20
90
243
183
7
131
129
27
132
111
13
183
27
129
100
243
246
7
63
14
41
132
246
111
7
183
243
95
90
20
12
131
41
27
111
11
12
13
63
7
243
132
100
90
246
129
129
131
7
13
183
12
100
41
243
27
246
111
131
12
13
129
246
7
243
27
132
111
41
90
12
7
183
132
13
41
99
11
129
90
63
27
63
183
132
246
7
243
12
129
41
27
13
90
183
246
111
27
100
90
63
13
95
132
41
7
183
95
63
7
13
129
243
12
27
111
90
246
129
12
99
246
131
132
183
111
27
41
7
13
12
7
13
183
20
111
90
246
129
41
243
27
7
90
63
132
246
41
111
27
13
183
129
11
90
183
7
246
41
243
132
12
20
27
13
129
111
7
41
13
90
129
243
100
99
246
27
183
27
131
246
90
183
111
12
132
63
129
13
243
14
90
27
246
132
7
41
183
63
20
111
243
243
131
99
246
41
13
12
132
90
111
63
129
99
41
183
13
132
12
11
243
27
131
129
246
12
99
183
13
90
129
100
132
243
246
41
7
183
132
111
246
41
99
90
129
131
7
243
12
13
63
132
129
27
111
243
183
90
12
11
246
41
246
183
129
132
90
13
99
95
243
7
12
132
90
131
7
13
99
12
41
246
183
243
129
129
243
41
7
132
111
183
99
131
14
90
12
129
246
7
111
131
90
95
183
13
27
14
132
27
90
246
243
12
129
99
131
111
100
183
7
246
13
27
41
132
90
243
12
183
7
111
63
12
131
132
41
183
111
243
13
7
11
95
100
90
131
41
27
63
183
12
243
246
111
132
7
27
13
20
11
95
243
246
132
129
41
12
90
111
183
129
27
131
132
41
90
13
12
243
7
129
90
132
7
27
41
246
14
13
12
183
111
41
14
183
90
13
99
129
132
243
11
7
246
14
183
63
41
246
11
111
243
13
27
90
129
90
183
129
243
131
27
100
99
7
12
41
13
12
90
7
95
99
111
131
27
13
132
183
243
246
183
100
13
243
7
111
129
12
132
14
41
111
243
132
246
7
100
41
129
90
27
13
183
132
14
41
111
246
99
243
27
183
7
12
90
99
27
13
183
90
111
132
41
12
11
246
7
41
183
20
111
132
63
27
13
90
243
12
129
129
183
12
246
132
95
243
7
13
63
41
99
27
132
13
183
7
246
41
111
90
243
129
12
20
183
27
111
132
90
246
243
129
100
41
7
111
20
27
7
90
246
243
12
41
183
13
129
246
7
27
90
20
111
243
12
13
41
132
129
246
41
13
129
27
90
7
243
132
12
11
95
41
11
243
183
12
14
129
132
27
111
246
7
