52
90
218
222
223
354
411
509
528
540
565
604
606
620
621
622
624
625
657
749
751
756
758
764
769
772
774
781
782
787
789
790
791
794
795
796
799
801
802
805
806
807
808
810
812
814
815
817
818
819
822
827
828
829
833
837
841
842
848
849
850
851
852
865
871
884
891
920
921
922
929
1154
1155
1201
971
973
974
975
976
977
978
979
982
984
985
986
988
990
991
992
993
994
995
996
997
998
999
1000
1001
1002
1003
1004
1005
1006
1009
1019
1020
1021
1022
1023
1024
1025
1026
1027
1029
1031
1032
1033
1034
1035
1036
1037
1038
1039
1040
1041
1042
1043
1044
1045
1046
1047
1048
1049
1050
1051
1052
1053
1054
1055
1057
1060
1061
1062
1064
1065
1067
1068
1069
1073
1074
1075
1076
1077
1078
1079
1080
1081
1082
1083
1084
1085
1086
1087
1088
1090
1094
1095
1096
1097
1098
1099
1100
1102
1103
1104
1105
1106
1107
1108
1109
1110
1111
1112
1114
1115
1116
1117
1118
1119
1120
1121
1122
1123
1124
1125
1126
1127
1128
1129
1130
1131
1132
1134
1135
1136
1137
1139
1140
1141
1142
1144
1145
1146
