9
38
66
103
105
118
121
133
135
136
147
193
194
195
196
197
198
203
205
206
207
220
221
234
236
237
241
243
248
249
250
251
252
253
254
256
257
260
263
264
266
269
270
272
273
274
275
276
279
280
281
282
284
285
286
288
291
292
294
304
321
322
327
329
330
345
358
360
394
455
523
590
598
706
707
708
709
744
745
746
747
750
752
753
754
763
765
767
773
777
779
780
783
793
800
804
823
824
832
834
836
840
846
847
853
855
856
860
861
864
866
867
869
870
878
886
888
896
958
959
961
963
980
981
983
1007
1008
1010
1011
1012
1013
1014
1016
1017
1018
1028
1030
1058
1063
1070
1071
1089
1101
1113
1168
1170
1171
1181
1232
1279
1399
