58
88
94
95
96
97
109
120
134
267
277
326
710
743
768
797
798
803
809
813
830
831
835
877
1147
1148
1149
1150
1151
1152
1153
1156
1157
1158
1159
1160
1161
1162
1163
1164
1165
1166
1167
1169
1172
1173
1174
1175
1176
1177
1178
1179
1180
1182
1183
1185
1188
1189
1190
1191
1192
1193
1194
1195
1196
1197
1198
1199
1200
1202
1203
1204
1205
1207
1208
1210
1211
1212
1213
1214
1215
1216
1217
1218
1220
1221
1222
1223
1225
1226
1227
1228
1230
1231
1233
1234
1235
1236
1237
1238
1240
1241
1242
1244
1245
1246
1247
1248
1249
1250
1251
1255
1256
1257
1258
1259
1260
1261
1262
1263
1264
1265
1266
1267
1268
1269
1270
1271
1272
1276
1278
1280
1282
1283
1284
1285
1286
1287
1289
1290
1291
1292
1293
1294
1295
1296
1297
1298
1300
1301
1303
1304
1305
1306
1307
1308
1309
1310
1311
1312
1313
1314
1315
1316
