23
25
28
39
40
41
44
45
47
50
53
104
201
209
211
402
387
388
389
390
391
392
393
395
396
397
406
420
421
422
424
428
429
433
435
436
437
439
443
444
445
447
448
449
450
451
452
453
469
483
486
487
488
489
497
498
499
500
501
507
518
525
527
531
541
542
543
544
549
553
557
559
560
561
563
564
566
567
568
569
570
571
572
573
575
576
577
578
579
580
581
582
583
584
585
586
587
600
602
613
619
623
626
627
630
631
633
634
639
641
642
645
648
649
650
652
653
654
655
656
658
659
660
661
662
664
665
666
667
668
669
671
673
674
675
677
678
679
680
681
683
684
685
686
687
688
689
690
691
692
693
694
695
696
697
698
