102
106
111
113
114
128
130
131
132
137
138
139
140
141
142
143
144
145
146
149
151
152
154
155
156
157
158
160
161
162
163
164
165
166
167
168
169
171
172
173
174
175
176
177
178
179
180
181
182
183
184
186
187
188
189
574
615
858
1066
1091
1092
1224
1229
1273
1274
1275
1277
1281
1386
1495
1516
1517
1518
1519
1521
1523
1317
1318
1319
1320
1321
1322
1323
1324
1325
1326
1327
1328
1329
1330
1331
1332
1333
1334
1335
1336
1337
1338
1339
1340
1342
1343
1344
1345
1346
1348
1349
1350
1351
1352
1353
1354
1356
1357
1358
1359
1360
1361
1362
1363
1364
1365
1366
1367
1368
1369
1370
1371
1372
1373
1374
1375
1376
1377
1378
1379
1380
1381
1382
1383
1384
1385
1387
1388
1389
1390
1391
1392
1393
1395
1396
1397
1398
1400
1401
1402
1403
1404
1405
1406
1407
1408
1409
1410
1411
1412
1413
1414
1415
1416
1417
1418
1419
1420
1421
1422
1423
1424
1425
1426
1427
1428
1429
1430
1431
1432
1433
1434
1435
1436
1437
1438
1439
1440
1441
1442
1443
1444
1445
1446
1447
1448
1449
1450
1451
1452
1453
1454
1455
1456
1457
1458
1459
1460
1461
1462
