26
74
208
255
366
385
398
399
400
407
410
414
415
416
417
418
419
423
425
426
427
430
431
432
438
440
441
442
446
454
457
458
459
460
461
462
463
464
465
466
467
468
470
471
472
473
474
475
476
477
478
479
480
481
482
484
485
490
491
492
493
494
495
496
670
672
729
730
731
732
733
736
740
987
989
1133
1253
1288
1299
1302
1471
1489
1549
1550
1678
699
700
701
702
703
704
705
713
714
715
716
717
718
720
721
722
723
724
725
726
727
728
734
735
737
738
739
741
742
748
755
757
759
760
761
762
766
771
775
776
778
784
792
811
816
820
821
825
826
838
839
844
845
854
857
859
862
863
868
872
873
874
875
876
879
880
881
882
883
885
887
889
890
892
893
895
898
899
900
901
902
903
904
905
906
907
908
909
910
911
912
913
914
915
916
917
918
919
923
925
926
927
928
930
931
932
933
934
935
936
937
938
939
940
941
942
943
944
945
946
947
948
949
950
951
952
953
954
955
956
957
960
962
964
965
966
967
968
969
970
