19
24
27
29
31
46
51
67
68
112
115
116
117
119
124
125
126
199
202
224
258
338
344
456
502
503
504
505
506
508
510
512
513
514
516
517
519
520
521
522
529
530
532
533
534
535
537
538
539
545
546
547
548
550
551
552
554
555
556
562
592
629
640
646
647
0
1
2
3
4
5
6
7
8
10
11
12
13
14
15
16
17
21
56
62
63
65
69
70
72
73
75
77
78
79
80
81
82
83
84
85
86
87
89
92
93
99
100
101
108
122
148
150
153
159
170
185
190
192
204
210
214
225
226
227
228
229
230
231
232
233
235
242
244
245
246
247
259
261
262
265
268
278
283
287
289
290
293
295
296
297
298
299
300
301
302
303
305
306
307
308
309
310
311
312
313
314
315
316
317
318
319
320
324
331
336
349
351
352
353
355
359
361
363
364
365
367
368
369
370
371
372
373
374
375
376
377
378
379
380
381
382
383
384
386
