18
20
22
30
32
33
34
35
36
37
42
43
48
49
54
55
57
59
60
61
64
71
76
91
98
107
110
123
127
129
191
200
212
213
215
216
217
219
238
239
240
271
323
325
328
332
333
334
335
337
339
340
341
342
343
346
347
348
350
356
357
362
401
403
404
405
408
409
412
413
434
511
515
524
526
536
558
588
589
591
594
595
596
597
599
601
603
605
607
608
609
610
611
612
614
616
617
618
628
632
635
636
637
638
643
644
651
663
676
682
711
712
719
770
785
786
788
843
894
897
924
972
1015
1056
1059
1072
1093
1138
1143
1184
1186
1187
1206
1209
1219
1239
1243
1252
1254
1341
1347
1355
1394
