7
8
14
48
51
52
57
60
75
84
85
104
110
120
122
123
124
126
128
129
130
149
154
157
174
185
186
206
212
216
219
221
223
231
237
242
254
255
257
263
265
273
274
275
278
281
287
292
296
297
298
299
301
304
305
306
307
309
310
311
312
313
314
315
316
317
318
319
320
322
323
326
329
330
331
332
333
336
337
338
340
341
342
343
347
350
351
355
356
358
360
361
362
363
365
366
370
372
378
382
387
394
397
400
403
407
409
416
423
428
429
434
439
442
446
450
451
452
460
462
506
507
509
523
530
535
544
552
561
585
587
593
598
606
612
618
634
639
647
648
652
655
658
659
664
667
670
671
674
677
680
685
687
688
691
693
694
695
699
700
701
702
703
704
705
706
707
708
709
711
712
713
714
715
716
718
719
721
722
724
725
727
730
733
736
737
739
740
741
745
748
749
750
751
754
755
762
763
764
765
766
768
769
770
778
779
780
781
784
790
793
795
799
800
801
805
807
809
811
813
814
816
817
818
821
827
833
834
835
841
852
853
854
857
858
862
865
869
871
872
874
875
880
884
892
898
899
900
902
907
909
912
925
964
970
971
973
975
976
999
1013
1018
1021
1024
1032
1038
1040
1052
1053
1054
1059
1060
1066
1071
1077
1082
1083
1087
1090
1098
1111
1114
1115
1116
1122
1132
1134
1136
1147
1148
1152
1153
1154
1155
1156
1157
1160
1162
1169
1175
1177
1181
1185
1187
1200
1201
1208
1209
1216
1217
1250
1257
1262
1266
1269
1270
1277
1291
1296
1312
1315
1326
1331
1332
1338
1346
1349
1355
1358
1361
1366
1367
1369
1395
1403
1404
1405
1406
1408
1409
1410
1412
1413
1414
1415
1416
1418
1419
1420
1421
1423
1424
1427
1430
1431
1432
1433
1434
1435
1436
1437
1438
1439
1440
1442
1443
1444
1447
1451
1454
1455
1456
1458
1460
1465
1466
1467
1472
1474
1475
1480
1482
1484
1486
1498
1499
1503
1511
1513
1515
1520
1522
1523
1524
1529
1530
1531
1533
1540
1541
1543
1545
1552
1567
1569
1571
1572
1573
1580
1584
1586
1588
1589
1590
1591
1594
1596
1600
1601
1603
1604
1605
1610
1611
1616
1617
1618
1619
1620
1621
1627
1628
1634
1635
1641
1643
1646
1647
1649
1653
1658
1663
1664
1666
1668
1669
1671
1678
1683
1684
1694
1697
1706
1707
1711
1713
1717
1718
1721
1727
1730
1733
1734
1739
1741
1744
1745
1748
1750
1752
1754
1755
1758
1759
1760
1761
1762
1764
1765
1766
1770
1800
1805
1806
1807
1808
1810
1811
1812
1813
1814
1815
1816
1817
1818
1819
1821
1825
1828
1831
1832
1834
1835
1836
1837
1839
1840
1843
1848
1850
1853
1857
1866
1869
1870
1877
1878
1879
1880
1881
1882
1883
1884
1885
1886
1887
1899
1900
1903
1914
1924
1927
1931
1934
1935
1942
1947
1951
1952
1953
1954
1955
1956
1957
1958
1959
1961
1962
1963
1971
1972
1974
1981
1982
1985
1995
2000
2001
2003
2005
2006
2008
2010
2012
2013
2015
2016
2017
2021
2022
2028
2029
2031
2032
2033
2034
2035
2038
2039
2040
2041
2042
2044
2047
2048
2049
2056
2060
2061
2064
2065
2070
2072
2073
2077
2081
2086
2094
2099
2105
2109
2117
2118
2121
2125
2134
2136
2140
2151
2153
2155
2159
2166
2171
2178
2196
2197
2198
2203
2205
2208
2209
2213
2219
2220
2229
2231
2244
2246
2247
2256
2263
2267
2275
2277
2283
2292
2310
2312
2314
2328
2336
2353
2354
2376
2388
2399
2442
2447
2450
2487
2492
2519
2535
2548
2565
2627
2712
2713
2716
2719
2724
2727
2728
2729
2730
2731
2732
2742
2752
2754
2756
2757
2784
2786
2793
2795
2796
2800
2801
2807
2826
2833
2834
2835
2839
2840
2844
2846
2849
2852
2853
2854
2856
2879
2915
2928
2930
2947
2963
2977
3004
3005
3013
3019
3029
3034
3036
3082
3084
3086
3088
3090
3096
3097
3099
3107
3109
3110
3114
3121
3124
3129
3135
3140
3145
3215
3216
3225
3228
3243
3277
3296
3297
3300
3320
3327
3329
3336
3338
3354
3366
3394
3422
3436
3470
3502
3511
3512
3520
3522
3528
3529
3531
3532
3534
3535
3536
3537
3538
3549
3550
3554
3556
3560
3621
3640
3645
3647
3661
3663
3665
3667
3669
3670
3686
3690
3691
3706
3708
3730
3750
3755
3850
3857
3869
3871
3913
3979
3992
3997
4050
4091
4101
4119
4195
4216
4373
4561
4628
4629
4638
4836
4875
4952
5030
5577
