118
401
404
408
411
425
445
448
458
676
710
747
752
802
804
915
1022
1354
1389
1428
1441
1487
1492
1495
1714
1845
1861
1889
1890
1919
1937
1993
1996
1997
1998
1999
2004
2018
2122
2148
2177
2236
2249
2250
2252
2253
2260
2280
2297
2298
2327
2378
2381
2384
2386
2411
2552
2564
2745
2762
2788
2802
2968
2971
3087
3098
3101
3102
3115
3117
3128
3131
3164
3188
3190
3227
3230
3334
3335
3348
3353
3357
3368
3373
3375
3377
3415
3419
3451
3481
3524
3525
3545
3561
3570
3642
3652
3657
3692
3735
3738
3760
3878
3915
3916
3918
3919
3920
3921
3922
3923
3924
3925
3926
3927
3928
3929
3930
3931
3935
3936
3949
3965
4016
4065
4071
4149
4151
4153
4160
4162
4247
4282
4291
4313
4376
4377
4387
4392
4394
4398
4399
4422
4464
4501
4507
4517
4518
4555
4570
4626
4632
4639
4690
4704
4705
4710
4712
4713
4714
4715
4716
4717
4725
4726
4737
4739
4748
4750
4752
4754
4813
4816
4817
4832
4942
4944
4970
4971
4990
4995
5056
5165
5222
5227
5228
5273
5381
5382
5383
5384
5385
5464
5563
5564
5566
5567
5578
5616
5617
5619
5666
5667
5669
5670
5673
5702
5802
5804
5805
5839
5957
5959
5961
5962
5963
5970
5971
5972
5974
5990
6120
6121
6122
6123
6214
6531
6545
6617
6618
6690
6816
7103
7104
7149
7238
7239
4089
4090
4092
4093
4094
4095
4096
4097
4098
4099
4100
4102
4103
4104
4105
4106
4107
4108
4109
4110
4111
4112
4113
4114
4115
4116
4117
4118
4120
4121
4122
4123
4124
4125
4126
4127
4128
4129
4130
4131
4132
4133
4134
4135
4136
4137
4138
4139
4140
4141
4142
4143
4144
4145
4146
4147
4148
4150
4152
4154
4155
4156
4157
4158
4159
4161
4163
4164
4165
4166
4167
4168
4169
4170
4171
4172
4173
4174
4175
4176
4177
4178
4179
4180
4181
4182
4183
4184
4185
4186
4187
4188
4189
4190
4191
4192
4193
4194
4196
4197
4198
4199
4200
4201
4202
4203
4204
4205
4206
4207
4208
4209
4210
4211
4212
4213
4214
4215
4217
4218
4219
4220
4221
4222
4223
4224
4225
4226
4227
4228
4229
4230
4231
4232
4233
4234
4235
4236
4237
4238
4239
4240
4241
4242
4243
4244
4245
4246
4248
4249
4250
4251
4252
4253
4254
4255
4256
4257
4258
4259
4260
4261
4262
4263
4264
4265
4266
4267
4268
4269
4271
4272
4273
4274
4275
4276
4277
4278
4279
4280
4281
4283
4284
4285
4286
4287
4288
4289
4290
4292
4293
4294
4295
4296
4297
4298
4299
4300
4301
4302
4303
4304
4305
4306
4307
4308
4309
4310
4311
4312
4314
4315
4316
4317
4318
4319
4321
4322
4323
4324
4325
4326
4327
4328
4329
4330
4331
4332
4333
4334
4335
4336
4337
4338
4339
4340
4341
4342
4343
4344
4345
4346
4347
4348
4349
4350
4351
4352
4353
4354
4355
4356
4357
4358
4359
4360
4361
4362
4363
4364
4365
4366
4367
4368
4369
4370
4371
4372
4374
4375
4378
4379
4380
4381
4382
4383
4384
4385
4386
4388
4389
4390
4391
4393
4395
4396
4397
4400
4401
4402
4403
4404
4405
4406
4407
4408
4409
4410
4411
4412
4413
4414
4415
4416
4417
4418
4419
4420
4421
4423
4424
4425
4426
4427
4428
4429
4430
4431
4432
4433
4434
4435
4436
4437
4438
4439
4440
4441
4442
4443
4444
4445
4446
4447
4448
4449
4450
4451
4452
4453
4454
4455
4456
4457
4458
4459
4460
4461
4462
4463
4467
4468
4469
4470
4471
4472
4473
4474
4475
4476
4477
4478
4479
4480
4481
4482
4483
4484
4485
4486
4487
4488
4489
4490
4491
4492
4493
4494
4495
4496
4497
4498
4499
4500
4502
4503
4504
4505
4506
4508
4509
4510
4511
4512
4513
4514
4515
4516
4519
4520
4521
4522
4523
4524
4525
4526
4527
4528
4529
4530
4531
4532
4533
4534
4535
4536
4537
4538
4539
4540
4541
4542
4543
4544
4545
4546
4547
4548
4550
4551
4552
4553
4554
4556
4557
4558
4559
4560
4562
4563
4564
4565
4566
4567
4568
4569
4571
4572
4573
4574
4575
4576
4577
4578
4579
4580
4581
4582
4583
4584
4585
4586
4587
4588
4589
4590
4591
4592
4593
4594
4595
4596
4597
4598
4599
4600
4601
4602
4603
4605
4606
4607
4608
4609
4610
4611
4612
4613
4614
4615
4616
4617
4618
4619
4620
4621
4622
4623
4624
4625
4627
4630
4631
4633
4635
4636
4637
4640
4641
4642
4643
4644
4645
4646
4647
4648
4649
4650
4651
4652
4653
4654
4655
4656
4657
4658
4659
4660
4661
4662
4663
4664
4665
4666
4667
4668
4669
4670
4671
4672
4673
4674
4675
4676
4677
4678
4679
4680
4681
4682
4683
4684
4685
4686
4687
4688
4689
4691
4692
4693
4694
4695
4696
4697
4698
4699
4700
4701
4702
4703
4706
4707
4708
4709
4718
4719
4720
4721
4722
4723
4724
4727
4728
4729
4730
4731
4733
4734
4735
4736
4738
4740
4741
4742
4743
4744
4745
4746
4747
4749
4751
4753
4755
4756
4758
4759
4760
4761
4762
4763
4764
4765
4766
4767
4768
4769
4770
4771
4772
4773
4774
4775
4776
4777
4778
4779
4780
4781
4782
4783
4784
4785
4786
4787
4788
4789
4790
4791
4792
4793
4794
4795
4796
4797
4798
4799
4800
4801
4802
4803
4804
4805
4806
4807
4808
4809
4810
4811
4812
4814
4815
4818
4819
4820
4821
4822
4823
4824
4825
4826
4827
4828
4829
4830
4831
4833
4834
4835
4837
4838
4839
4840
4841
4842
4843
4844
4845
4846
4847
4848
4849
4850
4851
4852
4853
4854
4855
4856
4857
4858
