0
1
2
4
5
6
13
15
16
18
19
20
22
23
24
27
29
30
31
32
33
34
37
39
40
42
43
44
45
47
49
53
54
56
58
59
61
62
64
65
66
67
68
69
70
71
72
74
76
78
80
81
82
83
86
88
89
90
92
93
94
95
96
97
99
100
101
102
103
105
108
109
111
112
114
115
116
117
119
131
132
134
137
138
141
145
146
148
153
159
160
162
165
166
169
171
172
175
176
177
180
181
182
183
184
189
192
204
209
211
213
217
218
222
232
234
236
238
239
241
243
244
245
248
249
252
253
258
261
262
266
267
268
272
276
277
279
284
286
289
302
327
328
335
349
359
386
502
504
508
512
513
514
518
521
524
525
528
529
534
537
540
542
543
548
549
555
556
557
558
559
567
568
571
573
575
576
577
579
580
581
582
583
584
590
591
594
595
596
599
601
602
603
605
607
608
610
611
614
624
627
644
649
651
654
657
660
661
662
665
666
668
669
672
675
681
682
683
684
686
690
692
696
732
738
777
966
967
969
972
977
978
987
988
991
996
997
1005
1006
1008
1010
1012
1015
1016
1020
1029
1044
1051
1070
1073
1074
1075
1076
1078
1079
1080
1088
1091
1102
1105
1106
1108
1109
1112
1146
1165
1167
1180
1184
1193
1199
1205
1231
1244
1258
1259
1263
1276
1284
1294
1307
1317
1320
1323
1330
1342
1343
1347
1359
1360
1390
1645
1670
1676
1778
1780
1792
1864
1891
1892
2720
2750
2827
3214
3
9
10
11
17
26
35
36
41
46
50
55
63
73
77
79
87
91
98
106
107
113
121
125
136
139
140
142
143
144
147
150
151
152
155
156
158
161
163
164
167
168
170
173
178
179
187
188
190
191
193
194
195
196
197
198
199
200
201
202
203
205
207
208
210
214
215
220
224
226
227
228
229
230
233
235
240
246
247
250
251
256
259
269
270
271
280
282
283
285
288
290
291
293
294
295
300
303
308
321
324
325
334
344
345
346
348
352
353
354
357
364
367
368
369
371
373
374
375
376
377
379
380
381
383
384
385
388
389
390
391
392
393
395
396
398
399
402
405
406
410
412
413
414
415
417
418
419
420
421
422
424
426
427
430
431
432
433
435
436
437
438
440
441
443
444
447
449
453
454
455
456
457
459
461
463
464
465
466
467
468
469
470
471
472
473
474
475
476
477
478
479
480
481
482
483
484
485
486
487
488
489
490
491
492
493
494
495
496
497
498
499
501
503
505
510
511
515
516
517
519
520
522
526
527
531
532
533
536
538
539
541
545
546
547
550
551
553
554
560
562
563
564
565
566
569
570
572
578
586
588
589
592
597
600
604
609
613
615
616
617
619
620
621
622
623
625
626
628
629
630
631
632
633
635
636
637
638
640
641
642
643
645
646
653
656
663
673
678
679
689
697
698
717
720
723
726
728
729
731
734
735
742
743
744
746
753
756
757
758
759
760
761
767
771
772
773
774
775
776
782
783
785
786
787
788
789
791
792
794
796
797
798
803
806
808
810
812
815
819
820
822
823
824
825
826
828
829
830
831
832
836
837
838
839
840
842
843
844
845
846
847
849
850
851
855
856
859
860
861
863
864
866
867
868
870
873
876
877
878
879
881
882
883
885
886
887
888
889
890
891
893
894
895
896
897
901
903
904
905
906
908
910
911
913
914
916
917
918
919
920
921
922
923
924
926
927
928
929
930
931
932
933
934
935
936
937
938
939
940
941
942
943
944
945
946
947
948
949
950
951
952
953
954
955
956
957
958
959
960
961
962
963
965
968
974
979
980
981
982
983
984
985
986
989
990
992
993
994
995
998
1000
1001
1002
1003
1004
1007
1009
1011
1014
1017
1019
1023
1025
1026
1027
1028
1030
1031
1033
1034
1035
1036
1037
1039
1041
1042
1043
1045
1046
1047
1048
1049
1050
1055
1056
1057
1058
1061
1062
1063
1064
1065
1067
1068
1069
1072
1081
1085
1086
1089
1092
1093
1094
1095
1096
1097
1099
1100
1101
1103
1104
1107
1110
1113
1117
1118
1119
1120
1121
1123
1124
1125
1126
1127
1128
1129
1130
1131
1133
1135
1137
1138
1139
1140
1141
1142
1143
1144
1145
1149
1150
1151
1158
1159
1161
1163
1164
1166
1168
1170
1171
1172
1173
1174
1176
1178
1179
1182
1183
1186
1188
1189
1190
1191
1192
1194
1195
1196
1197
1198
1202
1203
1204
1206
1207
1210
1211
1212
1213
1214
1215
1218
1219
1220
1221
1222
1223
1224
1225
1226
1227
1228
1229
1230
1232
1233
1234
1235
1236
1237
1238
1239
1240
1241
1242
1243
1245
1246
1247
1248
1249
1251
1252
1253
1254
1255
1256
1260
1261
1264
1265
1267
1268
1271
1272
1273
1274
1275
1278
1279
1280
1281
1282
1283
1285
1286
1287
1288
1289
1290
1292
1293
1295
1297
1298
1299
1300
1301
1302
1303
1304
1305
1306
1308
1309
1310
1311
1313
1314
1316
1318
1319
1321
1322
1324
1325
1327
1328
1329
1333
1334
1335
1336
1337
1339
1340
1341
1344
1345
