24
49
51
29
52
132
50
86
137
94
24
49
51
29
52
132
50
86
137
94
24
49
51
29
52
132
50
86
137
94
24
49
51
29
52
132
50
86
137
94
24
49
51
29
52
132
50
86
137
94
24
49
51
29
52
132
50
86
137
94
24
49
51
29
52
132
50
86
137
94
24
49
51
29
52
132
50
86
137
94
24
49
51
29
52
132
50
86
137
94
24
49
51
29
52
132
50
86
137
94
24
49
51
29
52
132
50
86
137
94
24
49
51
29
52
132
50
86
137
94
24
49
51
29
52
132
50
86
137
94
24
49
51
29
52
132
50
86
137
94
24
49
51
29
52
132
50
86
137
94
24
49
51
29
52
132
50
86
137
94
24
49
51
29
52
132
50
86
137
94
24
49
51
29
52
132
50
86
137
94
24
49
51
29
52
132
50
86
137
94
24
49
51
29
52
132
50
86
137
94
24
49
51
29
52
132
50
86
137
94
24
49
51
29
52
132
50
86
137
94
24
49
51
29
52
132
50
86
137
94
24
49
51
29
52
132
50
86
137
94
24
49
51
29
52
132
50
86
137
94
24
49
51
29
52
132
50
86
137
94
24
49
51
29
52
132
50
86
137
94
24
49
51
29
52
132
50
86
137
94
24
49
51
29
52
132
50
86
137
94
24
49
51
29
52
132
50
86
137
94
24
49
51
29
52
132
50
86
137
94
24
49
51
29
52
132
50
86
137
94
24
49
51
29
52
132
50
86
137
94
24
49
51
29
52
132
50
86
137
94
24
49
51
29
52
132
50
86
137
94
24
49
51
29
52
132
50
86
137
94
24
49
51
29
52
132
50
86
137
94
24
49
51
29
52
132
50
86
137
94
24
49
51
29
52
132
50
86
137
94
24
49
51
29
52
132
50
86
137
94
24
49
51
29
52
132
50
86
137
94
24
49
51
29
52
132
50
86
137
94
24
49
51
29
52
132
50
86
137
94
24
49
51
29
52
132
50
86
137
94
24
49
51
29
52
132
50
86
137
94
24
49
51
29
52
132
50
86
137
94
24
49
51
29
52
132
50
86
137
94
24
49
51
29
52
132
50
86
137
94
24
49
51
29
52
132
50
86
137
94
24
49
51
29
52
132
50
86
137
94