18
96
228
285
324
397
399
401
402
403
405
408
424
429
430
435
436
438
447
449
463
465
466
467
469
470
471
473
474
477
479
481
488
490
492
495
496
497
499
500
502
503
505
507
517
519
524
549
972
1199
1327
1114
1115
1119
1123
1126
1130
1132
1133
1134
1135
1136
1137
1138
1139
1140
1141
1142
1143
1144
1145
1146
1147
1148
1149
1150
1151
1152
1153
1154
1155
1157
1158
1159
1160
1161
1162
1163
1164
1165
1166
1168
1169
1170
1171
1173
1174
1175
1176
1178
1179
1180
1181
1182
1183
1184
1185
1186
1187
1188
1189
1190
1191
1192
1193
1194
1195
1196
1197
1200
1203
1206
1207
1212
1213
1214
1216
1218
1219
1220
1221
1222
1223
1224
1225
1226
1227
1228
1229
1231
1232
1233
1235
1236
1237
1238
1239
1240
1241
1243
1244
1245
1246
1247
1248
1251
1252
1254
1255
1256
1259
1261
1262
1263
1268
1269
1270
1274
1275
1276
1277
1278
1279
1281
1282
1289
1290
1291
1292
1293
1294
1295
1296
1297
1298
1299
1300
1301
1302
1303
1304
