14
15
17
20
27
30
31
32
33
34
35
37
38
39
40
43
44
48
54
105
129
141
145
165
169
211
230
286
287
290
292
296
381
419
420
598
663
669
672
967
1215
925
926
927
928
929
930
931
932
933
934
935
936
937
938
939
940
941
942
943
944
945
946
947
948
951
953
954
955
957
958
959
960
961
962
963
966
970
975
980
981
983
991
992
993
995
997
999
1000
1001
1002
1003
1006
1007
1008
1009
1010
1011
1012
1013
1014
1015
1016
1017
1018
1019
1021
1023
1024
1025
1026
1028
1031
1033
1034
1035
1037
1038
1039
1040
1041
1042
1044
1046
1047
1048
1050
1051
1052
1053
1054
1055
1056
1057
1058
1059
1061
1064
1065
1066
1067
1068
1069
1070
1071
1072
1073
1074
1075
1076
1077
1078
1079
1080
1081
1082
1083
1084
1085
1086
1087
1088
1090
1091
1093
1094
1095
1096
1097
1098
1099
1100
1101
1102
1103
1104
1105
1110
1111
1112
1113
