100
418
485
971
976
1124
1125
1127
1128
1129
1131
1242
1253
1264
1265
1308
1357
1359
1408
1409
1410
1411
1412
1446
1447
1450
1455
1486
1487
1491
1492
1493
1495
1550
1553
1657
1658
1659
1661
1663
1664
1666
1667
1668
1669
1670
1671
1672
1673
1674
1675
1676
1677
1678
1679
1680
1681
1682
1683
1684
1685
1686
1688
1689
1691
1693
1694
1695
1696
1697
1699
1700
1701
1702
1703
1704
1705
1706
1707
1708
1709
1710
1711
1712
1713
1714
1715
1716
1717
1718
1719
1720
1721
1722
1723
1724
1725
1726
1727
1728
1729
1730
1731
1732
1733
1734
1735
1736
1737
1738
1739
1740
1741
1742
1743
1744
1745
1746
1747
1748
1749
1750
1751
1752
1753
1754
1755
1756
1757
1758
1759
1760
1761
1762
1763
1764
1765
1766
1767
1768
1769
1770
1771
1772
1773
1774
1775
1776
1777
1778
1779
1780
1781
1782
1783
1784
1785
1786
1787
1788
1789
1790
1791
1793
1794
1795
1796
1797
1798
1799
1800
1801
1802
1803
1804
