42
46
102
103
104
106
107
109
121
122
136
159
181
184
187
190
197
200
204
205
240
280
310
382
383
384
385
386
398
425
544
545
596
609
635
664
671
676
679
682
683
684
713
723
765
766
770
771
772
773
774
777
779
795
799
802
803
810
818
823
824
825
827
830
831
832
833
834
835
836
837
838
839
840
841
842
843
845
849
851
852
853
854
855
856
858
859
862
863
870
871
872
873
875
881
882
883
885
891
920
1305
1307
1309
1310
1311
1312
1313
1314
1315
1316
1317
1320
1321
1322
1323
1324
1325
1328
1330
1331
1332
1333
1334
1335
1336
1338
1344
1345
1346
1347
1348
1349
1350
1351
1352
1353
1354
1355
1356
1358
1360
1361
1362
1363
1364
1365
1366
1367
1368
1369
1370
1371
1372
1373
1374
1375
1380
1382
1384
1385
1386
1388
1389
1390
1391
1392
1393
1394
1395
1396
1397
1398
1399
1400
1401
1403
1404
1405
1406
1407
1413
1414
1416
1419
1420
1421
1422
1423
1424
1425
1426
1427
1428
1429
1430
1431
1432
1433
1434
1435
1436
1437
1438
1439
1440
1441
1442
1443
1444
1445
1449
1454
1456
1457
1458
1460
1461
1462
1463
1464
1465
1466
1467
1468
1469
1470
1471
1472
1473
1474
1475
1476
1477
1478
1479
1480
1481
1482
1483
1484
