13
22
24
28
29
56
127
128
130
131
132
133
134
135
139
140
143
144
150
151
152
153
155
161
162
164
166
168
172
173
177
178
179
185
186
188
191
195
196
202
208
209
210
212
214
215
217
221
222
223
224
226
231
234
238
241
242
243
245
246
253
254
259
277
278
279
283
289
291
295
300
303
313
314
315
320
373
660
662
668
673
677
678
767
768
769
794
800
819
826
861
866
874
877
884
949
968
982
984
985
986
987
988
989
990
998
1004
1005
1022
1032
1043
1049
1060
1156
1172
1177
1234
1377
1387
699
700
702
703
704
705
706
707
708
709
710
711
712
714
715
716
717
718
719
720
721
727
728
729
731
732
733
734
735
736
737
738
739
740
741
742
743
744
745
746
747
748
749
750
751
752
753
755
756
757
758
759
764
776
778
780
781
782
783
784
785
786
787
788
789
790
791
792
793
796
797
798
801
804
805
806
807
808
809
811
812
813
814
815
816
817
820
821
822
829
844
846
847
848
850
857
860
864
865
867
869
876
878
879
880
886
889
890
892
893
894
895
896
897
898
899
900
901
902
903
904
905
906
907
908
909
910
911
912
913
914
915
916
917
918
919
921
922
923
924
