12
16
19
21
23
36
41
47
58
59
71
73
83
97
98
138
142
148
149
158
160
163
170
175
180
198
282
294
321
366
396
464
580
581
582
583
585
586
587
588
589
590
591
592
593
594
595
597
601
602
603
604
606
612
614
616
617
618
621
622
623
625
626
629
631
632
634
665
695
697
701
338
339
340
341
342
343
344
345
346
347
348
349
350
352
353
354
355
356
358
359
360
361
362
363
364
365
368
369
370
371
372
374
375
376
377
378
379
380
387
388
389
390
391
392
393
395
406
422
423
426
427
432
434
442
443
445
456
457
460
522
540
542
543
546
548
552
555
556
557
558
559
561
564
565
566
567
568
570
571
572
573
574
575
576
577
578
579
584
600
605
608
610
611
613
619
620
624
627
628
630
633
636
637
638
639
640
641
642
643
644
645
646
647
648
650
651
652
654
655
656
657
658
659
661
670
675
680
681
685
686
687
688
689
690
691
692
693
694
696
698
