77
82
85
146
154
171
328
569
599
674
760
761
762
763
964
965
994
1036
1045
1062
1109
1257
1258
1260
1318
1319
1337
1340
1342
1343
1378
1383
1415
1417
1418
1459
1499
1501
1523
1524
1525
1526
1527
1530
1531
1533
1622
1792
1485
1489
1490
1497
1498
1500
1502
1503
1504
1505
1506
1507
1508
1509
1510
1511
1512
1513
1514
1515
1517
1518
1519
1520
1521
1522
1528
1532
1534
1535
1536
1537
1538
1539
1540
1541
1542
1543
1544
1545
1546
1547
1548
1549
1551
1552
1554
1555
1556
1558
1559
1560
1561
1562
1563
1564
1565
1566
1567
1568
1569
1570
1571
1572
1573
1574
1575
1576
1577
1578
1579
1580
1581
1582
1583
1584
1585
1587
1589
1590
1591
1593
1594
1595
1596
1597
1598
1599
1601
1602
1603
1604
1605
1606
1608
1609
1610
1611
1613
1615
1616
1617
1618
1619
1620
1621
1623
1624
1625
1626
1627
1628
1629
1630
1631
1632
1633
1634
1635
1636
1637
1638
1639
1640
1641
1642
1643
1644
1645
1646
1647
1648
1649
1650
1651
1652
1653
1654
1655
1656
