1
74
75
76
78
79
80
81
87
90
137
147
156
167
174
176
264
293
305
306
367
421
607
615
649
666
667
775
828
868
887
888
950
996
1029
1030
1089
1092
1106
1107
1108
1116
1117
1118
1120
1121
1122
1271
1272
1273
1339
1341
1376
1379
1381
1516
1529
1612
1614
0
2
3
4
5
6
7
8
9
10
11
25
26
45
49
50
51
53
55
57
60
61
63
64
66
67
68
69
70
72
84
86
88
89
91
92
93
94
95
101
108
110
111
112
113
114
115
116
117
118
119
120
123
124
125
126
157
182
183
189
192
193
194
199
201
203
206
207
213
216
218
219
220
225
227
229
232
233
235
236
237
239
244
247
248
249
250
251
252
255
256
257
258
260
261
262
263
265
266
267
268
269
270
271
272
273
274
275
276
281
284
288
297
298
299
301
302
304
307
308
309
311
312
316
317
319
322
323
325
326
327
329
330
331
332
333
334
335
336
337
