52
62
65
99
318
351
357
394
400
404
407
409
410
411
412
413
414
415
416
417
428
431
433
437
439
440
441
444
446
448
450
451
452
453
454
455
458
459
461
462
468
472
475
476
478
480
482
483
484
486
487
489
491
493
494
498
501
504
506
508
509
510
511
512
513
514
515
516
518
520
521
523
525
526
527
528
529
530
531
532
533
534
535
536
537
538
539
541
547
550
551
553
554
560
562
563
653
722
724
725
726
730
754
952
956
969
973
974
977
978
979
1020
1027
1063
1167
1198
1201
1202
1204
1205
1208
1209
1210
1211
1217
1230
1249
1250
1266
1267
1280
1283
1284
1285
1286
1287
1288
1306
1326
1329
1402
1448
1451
1452
1453
1488
1494
1496
1557
1586
1588
1592
1600
1607
1660
1662
1665
1687
1690
1692
1698
