170
7
520
225
607
89
995
93
364
172
170
7
520
225
607
89
995
93
48
8
170
7
520
225
607
89
995
93
364
867
170
7
520
225
607
89
995
93
48
867
170
7
520
225
607
89
995
93
1465
867
170
7
520
225
607
89
995
93
364
172
170
7
520
225
607
89
995
93
48
8
170
7
520
225
607
89
995
93
364
867
170
7
520
225
607
89
995
93
48
867
170
7
520
225
607
89
995
93
1465
867
170
7
520
225
607
89
995
93
364
172
170
7
520
225
607
89
995
93
48
8
170
7
520
225
607
89
995
93
364
867
170
7
520
225
607
89
995
93
48
867
170
7
520
225
607
89
995
93
1465
867
170
7
520
225
607
89
995
93
364
172
170
7
520
225
607
89
995
93
48
8
170
7
520
225
607
89
995
93
364
867
170
7
520
225
607
89
995
93
48
867
170
7
520
225
607
89
995
93
1465
867
170
7
520
225
607
89
995
93
364
172
170
7
520
225
607
89
995
93
48
8
170
7
520
225
607
89
995
93
364
867
170
7
520
225
607
89
995
93
48
867
170
7
520
225
607
89
995
93
1465
867
170
7
520
225
607
89
995
93
364
172
170
7
520
225
607
89
995
93
48
8
170
7
520
225
607
89
995
93
364
867
170
7
520
225
607
89
995
93
48
867
170
7
520
225
607
89
995
93
1465
867
170
7
520
225
607
89
995
93
364
172
170
7
520
225
607
89
995
93
48
8
170
7
520
225
607
89
995
93
364
867
170
7
520
225
607
89
995
93
48
867
170
7
520
225
607
89
995
93
1465
867
170
7
520
225
607
89
995
93
364
172
170
7
520
225
607
89
995
93
48
8
170
7
520
225
607
89
995
93
364
867
170
7
520
225
607
89
995
93
48
867
170
7
520
225
607
89
995
93
1465
867
170
7
520
225
607
89
995
93
364
172
170
7
520
225
607
89
995
93
48
8
170
7
520
225
607
89
995
93
364
867
170
7
520
225
607
89
995
93
48
867
170
7
520
225
607
89
995
93
1465
867
170
7
520
225
607
89
995
93
364
172
170
7
520
225
607
89
995
93
48
8
170
7
520
225
607
89
995
93
364
867
170
7
520
225
607
89
995
93
48
867
170
7
520
225
607
89
995
93
1465
867
