610
207
369
67
70
710
47
65
733
499
610
207
369
67
70
710
47
35
65
733
610
207
369
67
70
710
47
65
190
733
610
207
369
67
70
710
47
35
190
733
610
207
369
67
70
710
47
35
733
499
610
207
369
67
70
710
47
65
733
499
610
207
369
67
70
710
47
35
65
733
610
207
369
67
70
710
47
65
190
733
610
207
369
67
70
710
47
35
190
733
610
207
369
67
70
710
47
35
733
499
610
207
369
67
70
710
47
65
733
499
610
207
369
67
70
710
47
35
65
733
610
207
369
67
70
710
47
65
190
733
610
207
369
67
70
710
47
35
190
733
610
207
369
67
70
710
47
35
733
499
610
207
369
67
70
710
47
65
733
499
610
207
369
67
70
710
47
35
65
733
610
207
369
67
70
710
47
65
190
733
610
207
369
67
70
710
47
35
190
733
610
207
369
67
70
710
47
35
733
499
610
207
369
67
70
710
47
65
733
499
610
207
369
67
70
710
47
35
65
733
610
207
369
67
70
710
47
65
190
733
610
207
369
67
70
710
47
35
190
733
610
207
369
67
70
710
47
35
733
499
610
207
369
67
70
710
47
65
733
499
610
207
369
67
70
710
47
35
65
733
610
207
369
67
70
710
47
65
190
733
610
207
369
67
70
710
47
35
190
733
610
207
369
67
70
710
47
35
733
499
610
207
369
67
70
710
47
65
733
499
610
207
369
67
70
710
47
35
65
733
610
207
369
67
70
710
47
65
190
733
610
207
369
67
70
710
47
35
190
733
610
207
369
67
70
710
47
35
733
499
610
207
369
67
70
710
47
65
733
499
610
207
369
67
70
710
47
35
65
733
610
207
369
67
70
710
47
65
190
733
610
207
369
67
70
710
47
35
190
733
610
207
369
67
70
710
47
35
733
499
610
207
369
67
70
710
47
65
733
499
610
207
369
67
70
710
47
35
65
733
610
207
369
67
70
710
47
65
190
733
610
207
369
67
70
710
47
35
190
733
610
207
369
67
70
710
47
35
733
499
610
207
369
67
70
710
47
65
733
499
610
207
369
67
70
710
47
35
65
733
610
207
369
67
70
710
47
65
190
733
610
207
369
67
70
710
47
35
190
733
610
207
369
67
70
710
47
35
733
499
