1
68
224
152
73
7
171
57
429
135
1
68
224
152
73
7
171
57
4
681
1
68
224
152
73
7
171
57
429
666
1
68
224
152
73
7
171
57
429
681
1
68
224
152
73
7
171
429
248
681
1
68
224
152
73
7
171
57
429
135
1
68
224
152
73
7
171
57
4
681
1
68
224
152
73
7
171
57
429
666
1
68
224
152
73
7
171
57
429
681
1
68
224
152
73
7
171
429
248
681
1
68
224
152
73
7
171
57
429
135
1
68
224
152
73
7
171
57
4
681
1
68
224
152
73
7
171
57
429
666
1
68
224
152
73
7
171
57
429
681
1
68
224
152
73
7
171
429
248
681
1
68
224
152
73
7
171
57
429
135
1
68
224
152
73
7
171
57
4
681
1
68
224
152
73
7
171
57
429
666
1
68
224
152
73
7
171
57
429
681
1
68
224
152
73
7
171
429
248
681
1
68
224
152
73
7
171
57
429
135
1
68
224
152
73
7
171
57
4
681
1
68
224
152
73
7
171
57
429
666
1
68
224
152
73
7
171
57
429
681
1
68
224
152
73
7
171
429
248
681
1
68
224
152
73
7
171
57
429
135
1
68
224
152
73
7
171
57
4
681
1
68
224
152
73
7
171
57
429
666
1
68
224
152
73
7
171
57
429
681
1
68
224
152
73
7
171
429
248
681
1
68
224
152
73
7
171
57
429
135
1
68
224
152
73
7
171
57
4
681
1
68
224
152
73
7
171
57
429
666
1
68
224
152
73
7
171
57
429
681
1
68
224
152
73
7
171
429
248
681
1
68
224
152
73
7
171
57
429
135
1
68
224
152
73
7
171
57
4
681
1
68
224
152
73
7
171
57
429
666
1
68
224
152
73
7
171
57
429
681
1
68
224
152
73
7
171
429
248
681
1
68
224
152
73
7
171
57
429
135
1
68
224
152
73
7
171
57
4
681
1
68
224
152
73
7
171
57
429
666
1
68
224
152
73
7
171
57
429
681
1
68
224
152
73
7
171
429
248
681
1
68
224
152
73
7
171
57
429
135
1
68
224
152
73
7
171
57
4
681
1
68
224
152
73
7
171
57
429
666
1
68
224
152
73
7
171
57
429
681
1
68
224
152
73
7
171
429
248
681
