215
27
91
9
37
58
1
62
223
217
215
27
91
9
37
58
1
62
223
217
215
27
91
9
37
58
1
62
223
217
215
27
91
9
37
58
1
62
223
217
215
27
91
9
37
58
1
62
223
217
215
27
91
9
37
58
1
62
223
217
215
27
91
9
37
58
1
62
223
217
215
27
91
9
37
58
1
62
223
217
215
27
91
9
37
58
1
62
223
217
215
27
91
9
37
58
1
62
223
217
215
27
91
9
37
58
1
62
223
217
215
27
91
9
37
58
1
62
223
217
215
27
91
9
37
58
1
62
223
217
215
27
91
9
37
58
1
62
223
217
215
27
91
9
37
58
1
62
223
217
215
27
91
9
37
58
1
62
223
217
215
27
91
9
37
58
1
62
223
217
215
27
91
9
37
58
1
62
223
217
215
27
91
9
37
58
1
62
223
217
215
27
91
9
37
58
1
62
223
217
215
27
91
9
37
58
1
62
223
217
215
27
91
9
37
58
1
62
223
217
215
27
91
9
37
58
1
62
223
217
215
27
91
9
37
58
1
62
223
217
215
27
91
9
37
58
1
62
223
217
215
27
91
9
37
58
1
62
223
217
215
27
91
9
37
58
1
62
223
217
215
27
91
9
37
58
1
62
223
217
215
27
91
9
37
58
1
62
223
217
215
27
91
9
37
58
1
62
223
217
215
27
91
9
37
58
1
62
223
217
215
27
91
9
37
58
1
62
223
217
215
27
91
9
37
58
1
62
223
217
215
27
91
9
37
58
1
62
223
217
215
27
91
9
37
58
1
62
223
217
215
27
91
9
37
58
1
62
223
217
215
27
91
9
37
58
1
62
223
217
215
27
91
9
37
58
1
62
223
217
215
27
91
9
37
58
1
62
223
217
215
27
91
9
37
58
1
62
223
217
215
27
91
9
37
58
1
62
223
217
215
27
91
9
37
58
1
62
223
217
215
27
91
9
37
58
1
62
223
217
215
27
91
9
37
58
1
62
223
217
215
27
91
9
37
58
1
62
223
217
215
27
91
9
37
58
1
62
223
217
215
27
91
9
37
58
1
62
223
217
215
27
91
9
37
58
1
62
223
217
215
27
91
9
37
58
1
62
223
217
215
27
91
9
37
58
1
62
223
217
