59
49
57
148
10
135
77
145
107
108
59
49
57
148
10
135
77
145
107
108
59
49
57
148
10
135
77
145
107
108
59
49
57
148
10
135
77
145
107
108
59
49
57
148
10
135
77
145
107
108
59
49
57
148
10
135
77
145
107
108
59
49
57
148
10
135
77
145
107
108
59
49
57
148
10
135
77
145
107
108
59
49
57
148
10
135
77
145
107
108
59
49
57
148
10
135
77
145
107
108
59
49
57
148
10
135
77
145
107
108
59
49
57
148
10
135
77
145
107
108
59
49
57
148
10
135
77
145
107
108
59
49
57
148
10
135
77
145
107
108
59
49
57
148
10
135
77
145
107
108
59
49
57
148
10
135
77
145
107
108
59
49
57
148
10
135
77
145
107
108
59
49
57
148
10
135
77
145
107
108
59
49
57
148
10
135
77
145
107
108
59
49
57
148
10
135
77
145
107
108
59
49
57
148
10
135
77
145
107
108
59
49
57
148
10
135
77
145
107
108
59
49
57
148
10
135
77
145
107
108
59
49
57
148
10
135
77
145
107
108
59
49
57
148
10
135
77
145
107
108
59
49
57
148
10
135
77
145
107
108
59
49
57
148
10
135
77
145
107
108
59
49
57
148
10
135
77
145
107
108
59
49
57
148
10
135
77
145
107
108
59
49
57
148
10
135
77
145
107
108
59
49
57
148
10
135
77
145
107
108
59
49
57
148
10
135
77
145
107
108
59
49
57
148
10
135
77
145
107
108
59
49
57
148
10
135
77
145
107
108
59
49
57
148
10
135
77
145
107
108
59
49
57
148
10
135
77
145
107
108
59
49
57
148
10
135
77
145
107
108
59
49
57
148
10
135
77
145
107
108
59
49
57
148
10
135
77
145
107
108
59
49
57
148
10
135
77
145
107
108
59
49
57
148
10
135
77
145
107
108
59
49
57
148
10
135
77
145
107
108
59
49
57
148
10
135
77
145
107
108
59
49
57
148
10
135
77
145
107
108
59
49
57
148
10
135
77
145
107
108
59
49
57
148
10
135
77
145
107
108
59
49
57
148
10
135
77
145
107
108
59
49
57
148
10
135
77
145
107
108
59
49
57
148
10
135
77
145
107
108
59
49
57
148
10
135
77
145
107
108
