106
7
122
60
18
30
44
53
66
92
106
7
122
60
18
30
44
53
66
92
106
7
122
60
18
30
44
53
66
92
106
7
122
60
18
30
44
53
66
92
106
7
122
60
18
30
44
53
66
92
106
7
122
60
18
30
44
53
66
92
106
7
122
60
18
30
44
53
66
92
106
7
122
60
18
30
44
53
66
92
106
7
122
60
18
30
44
53
66
92
106
7
122
60
18
30
44
53
66
92
106
7
122
60
18
30
44
53
66
92
106
7
122
60
18
30
44
53
66
92
106
7
122
60
18
30
44
53
66
92
106
7
122
60
18
30
44
53
66
92
106
7
122
60
18
30
44
53
66
92
106
7
122
60
18
30
44
53
66
92
106
7
122
60
18
30
44
53
66
92
106
7
122
60
18
30
44
53
66
92
106
7
122
60
18
30
44
53
66
92
106
7
122
60
18
30
44
53
66
92
106
7
122
60
18
30
44
53
66
92
106
7
122
60
18
30
44
53
66
92
106
7
122
60
18
30
44
53
66
92
106
7
122
60
18
30
44
53
66
92
106
7
122
60
18
30
44
53
66
92
106
7
122
60
18
30
44
53
66
92
106
7
122
60
18
30
44
53
66
92
106
7
122
60
18
30
44
53
66
92
106
7
122
60
18
30
44
53
66
92
106
7
122
60
18
30
44
53
66
92
106
7
122
60
18
30
44
53
66
92
106
7
122
60
18
30
44
53
66
92
106
7
122
60
18
30
44
53
66
92
106
7
122
60
18
30
44
53
66
92
106
7
122
60
18
30
44
53
66
92
106
7
122
60
18
30
44
53
66
92
106
7
122
60
18
30
44
53
66
92
106
7
122
60
18
30
44
53
66
92
106
7
122
60
18
30
44
53
66
92
106
7
122
60
18
30
44
53
66
92
106
7
122
60
18
30
44
53
66
92
106
7
122
60
18
30
44
53
66
92
106
7
122
60
18
30
44
53
66
92
106
7
122
60
18
30
44
53
66
92
106
7
122
60
18
30
44
53
66
92
106
7
122
60
18
30
44
53
66
92
106
7
122
60
18
30
44
53
66
92
106
7
122
60
18
30
44
53
66
92
106
7
122
60
18
30
44
53
66
92
106
7
122
60
18
30
44
53
66
92
