148
23
55
163
22
109
145
107
139
28
148
23
55
163
22
109
145
107
139
28
148
23
55
163
22
109
145
107
139
28
148
23
55
163
22
109
145
107
139
28
148
23
55
163
22
109
145
107
139
28
148
23
55
163
22
109
145
107
139
28
148
23
55
163
22
109
145
107
139
28
148
23
55
163
22
109
145
107
139
28
148
23
55
163
22
109
145
107
139
28
148
23
55
163
22
109
145
107
139
28
148
23
55
163
22
109
145
107
139
28
148
23
55
163
22
109
145
107
139
28
148
23
55
163
22
109
145
107
139
28
148
23
55
163
22
109
145
107
139
28
148
23
55
163
22
109
145
107
139
28
148
23
55
163
22
109
145
107
139
28
148
23
55
163
22
109
145
107
139
28
148
23
55
163
22
109
145
107
139
28
148
23
55
163
22
109
145
107
139
28
148
23
55
163
22
109
145
107
139
28
148
23
55
163
22
109
145
107
139
28
148
23
55
163
22
109
145
107
139
28
148
23
55
163
22
109
145
107
139
28
148
23
55
163
22
109
145
107
139
28
148
23
55
163
22
109
145
107
139
28
148
23
55
163
22
109
145
107
139
28
148
23
55
163
22
109
145
107
139
28
148
23
55
163
22
109
145
107
139
28
148
23
55
163
22
109
145
107
139
28
148
23
55
163
22
109
145
107
139
28
148
23
55
163
22
109
145
107
139
28
148
23
55
163
22
109
145
107
139
28
148
23
55
163
22
109
145
107
139
28
148
23
55
163
22
109
145
107
139
28
148
23
55
163
22
109
145
107
139
28
148
23
55
163
22
109
145
107
139
28
148
23
55
163
22
109
145
107
139
28
148
23
55
163
22
109
145
107
139
28
148
23
55
163
22
109
145
107
139
28
148
23
55
163
22
109
145
107
139
28
148
23
55
163
22
109
145
107
139
28
148
23
55
163
22
109
145
107
139
28
148
23
55
163
22
109
145
107
139
28
148
23
55
163
22
109
145
107
139
28
148
23
55
163
22
109
145
107
139
28
148
23
55
163
22
109
145
107
139
28
148
23
55
163
22
109
145
107
139
28
148
23
55
163
22
109
145
107
139
28
148
23
55
163
22
109
145
107
139
28
148
23
55
163
22
109
145
107
139
28
