59
49
57
148
10
135
53
145
107
56
59
49
57
148
10
135
53
145
107
56
59
49
57
148
10
135
53
145
107
56
59
49
57
148
10
135
53
145
107
56
59
49
57
148
10
135
53
145
107
56
59
49
57
148
10
135
53
145
107
56
59
49
57
148
10
135
53
145
107
56
59
49
57
148
10
135
53
145
107
56
59
49
57
148
10
135
53
145
107
56
59
49
57
148
10
135
53
145
107
56
59
49
57
148
10
135
53
145
107
56
59
49
57
148
10
135
53
145
107
56
59
49
57
148
10
135
53
145
107
56
59
49
57
148
10
135
53
145
107
56
59
49
57
148
10
135
53
145
107
56
59
49
57
148
10
135
53
145
107
56
59
49
57
148
10
135
53
145
107
56
59
49
57
148
10
135
53
145
107
56
59
49
57
148
10
135
53
145
107
56
59
49
57
148
10
135
53
145
107
56
59
49
57
148
10
135
53
145
107
56
59
49
57
148
10
135
53
145
107
56
59
49
57
148
10
135
53
145
107
56
59
49
57
148
10
135
53
145
107
56
59
49
57
148
10
135
53
145
107
56
59
49
57
148
10
135
53
145
107
56
59
49
57
148
10
135
53
145
107
56
59
49
57
148
10
135
53
145
107
56
59
49
57
148
10
135
53
145
107
56
59
49
57
148
10
135
53
145
107
56
59
49
57
148
10
135
53
145
107
56
59
49
57
148
10
135
53
145
107
56
59
49
57
148
10
135
53
145
107
56
59
49
57
148
10
135
53
145
107
56
59
49
57
148
10
135
53
145
107
56
59
49
57
148
10
135
53
145
107
56
59
49
57
148
10
135
53
145
107
56
59
49
57
148
10
135
53
145
107
56
59
49
57
148
10
135
53
145
107
56
59
49
57
148
10
135
53
145
107
56
59
49
57
148
10
135
53
145
107
56
59
49
57
148
10
135
53
145
107
56
59
49
57
148
10
135
53
145
107
56
59
49
57
148
10
135
53
145
107
56
59
49
57
148
10
135
53
145
107
56
59
49
57
148
10
135
53
145
107
56
59
49
57
148
10
135
53
145
107
56
59
49
57
148
10
135
53
145
107
56
59
49
57
148
10
135
53
145
107
56
59
49
57
148
10
135
53
145
107
56
