1
75
70
77
39
90
87
20
215
130
1
75
70
77
39
90
87
20
215
130
1
75
70
77
39
90
87
20
215
130
1
75
70
77
39
90
87
20
215
130
1
75
70
77
39
90
87
20
215
130
1
75
70
77
39
90
87
20
215
130
1
75
70
77
39
90
87
20
215
130
1
75
70
77
39
90
87
20
215
130
1
75
70
77
39
90
87
20
215
130
1
75
70
77
39
90
87
20
215
130
1
75
70
77
39
90
87
20
215
130
1
75
70
77
39
90
87
20
215
130
1
75
70
77
39
90
87
20
215
130
1
75
70
77
39
90
87
20
215
130
1
75
70
77
39
90
87
20
215
130
1
75
70
77
39
90
87
20
215
130
1
75
70
77
39
90
87
20
215
130
1
75
70
77
39
90
87
20
215
130
1
75
70
77
39
90
87
20
215
130
1
75
70
77
39
90
87
20
215
130
1
75
70
77
39
90
87
20
215
130
1
75
70
77
39
90
87
20
215
130
1
75
70
77
39
90
87
20
215
130
1
75
70
77
39
90
87
20
215
130
1
75
70
77
39
90
87
20
215
130
1
75
70
77
39
90
87
20
215
130
1
75
70
77
39
90
87
20
215
130
1
75
70
77
39
90
87
20
215
130
1
75
70
77
39
90
87
20
215
130
1
75
70
77
39
90
87
20
215
130
1
75
70
77
39
90
87
20
215
130
1
75
70
77
39
90
87
20
215
130
1
75
70
77
39
90
87
20
215
130
1
75
70
77
39
90
87
20
215
130
1
75
70
77
39
90
87
20
215
130
1
75
70
77
39
90
87
20
215
130
1
75
70
77
39
90
87
20
215
130
1
75
70
77
39
90
87
20
215
130
1
75
70
77
39
90
87
20
215
130
1
75
70
77
39
90
87
20
215
130
1
75
70
77
39
90
87
20
215
130
1
75
70
77
39
90
87
20
215
130
1
75
70
77
39
90
87
20
215
130
1
75
70
77
39
90
87
20
215
130
1
75
70
77
39
90
87
20
215
130
1
75
70
77
39
90
87
20
215
130
1
75
70
77
39
90
87
20
215
130
1
75
70
77
39
90
87
20
215
130
1
75
70
77
39
90
87
20
215
130
1
75
70
77
39
90
87
20
215
130
