215
27
91
9
37
58
1
143
234
73
215
27
91
9
37
58
1
143
234
73
215
27
91
9
37
58
1
143
234
73
215
27
91
9
37
58
1
143
234
73
215
27
91
9
37
58
1
143
234
73
215
27
91
9
37
58
1
143
234
73
215
27
91
9
37
58
1
143
234
73
215
27
91
9
37
58
1
143
234
73
215
27
91
9
37
58
1
143
234
73
215
27
91
9
37
58
1
143
234
73
215
27
91
9
37
58
1
143
234
73
215
27
91
9
37
58
1
143
234
73
215
27
91
9
37
58
1
143
234
73
215
27
91
9
37
58
1
143
234
73
215
27
91
9
37
58
1
143
234
73
215
27
91
9
37
58
1
143
234
73
215
27
91
9
37
58
1
143
234
73
215
27
91
9
37
58
1
143
234
73
215
27
91
9
37
58
1
143
234
73
215
27
91
9
37
58
1
143
234
73
215
27
91
9
37
58
1
143
234
73
215
27
91
9
37
58
1
143
234
73
215
27
91
9
37
58
1
143
234
73
215
27
91
9
37
58
1
143
234
73
215
27
91
9
37
58
1
143
234
73
215
27
91
9
37
58
1
143
234
73
215
27
91
9
37
58
1
143
234
73
215
27
91
9
37
58
1
143
234
73
215
27
91
9
37
58
1
143
234
73
215
27
91
9
37
58
1
143
234
73
215
27
91
9
37
58
1
143
234
73
215
27
91
9
37
58
1
143
234
73
215
27
91
9
37
58
1
143
234
73
215
27
91
9
37
58
1
143
234
73
215
27
91
9
37
58
1
143
234
73
215
27
91
9
37
58
1
143
234
73
215
27
91
9
37
58
1
143
234
73
215
27
91
9
37
58
1
143
234
73
215
27
91
9
37
58
1
143
234
73
215
27
91
9
37
58
1
143
234
73
215
27
91
9
37
58
1
143
234
73
215
27
91
9
37
58
1
143
234
73
215
27
91
9
37
58
1
143
234
73
215
27
91
9
37
58
1
143
234
73
215
27
91
9
37
58
1
143
234
73
215
27
91
9
37
58
1
143
234
73
215
27
91
9
37
58
1
143
234
73
215
27
91
9
37
58
1
143
234
73
215
27
91
9
37
58
1
143
234
73
215
27
91
9
37
58
1
143
234
73
