11
108
75
2
17
111
115
113
18
80
11
108
75
2
17
111
115
113
18
80
11
108
75
2
17
111
115
113
18
80
11
108
75
2
17
111
115
113
18
80
11
108
75
2
17
111
115
113
18
80
11
108
75
2
17
111
115
113
18
80
11
108
75
2
17
111
115
113
18
80
11
108
75
2
17
111
115
113
18
80
11
108
75
2
17
111
115
113
18
80
11
108
75
2
17
111
115
113
18
80
11
108
75
2
17
111
115
113
18
80
11
108
75
2
17
111
115
113
18
80
11
108
75
2
17
111
115
113
18
80
11
108
75
2
17
111
115
113
18
80
11
108
75
2
17
111
115
113
18
80
11
108
75
2
17
111
115
113
18
80
11
108
75
2
17
111
115
113
18
80
11
108
75
2
17
111
115
113
18
80
11
108
75
2
17
111
115
113
18
80
11
108
75
2
17
111
115
113
18
80
11
108
75
2
17
111
115
113
18
80
11
108
75
2
17
111
115
113
18
80
11
108
75
2
17
111
115
113
18
80
11
108
75
2
17
111
115
113
18
80
11
108
75
2
17
111
115
113
18
80
11
108
75
2
17
111
115
113
18
80
11
108
75
2
17
111
115
113
18
80
11
108
75
2
17
111
115
113
18
80
11
108
75
2
17
111
115
113
18
80
11
108
75
2
17
111
115
113
18
80
11
108
75
2
17
111
115
113
18
80
11
108
75
2
17
111
115
113
18
80
11
108
75
2
17
111
115
113
18
80
11
108
75
2
17
111
115
113
18
80
11
108
75
2
17
111
115
113
18
80
11
108
75
2
17
111
115
113
18
80
11
108
75
2
17
111
115
113
18
80
11
108
75
2
17
111
115
113
18
80
11
108
75
2
17
111
115
113
18
80
11
108
75
2
17
111
115
113
18
80
11
108
75
2
17
111
115
113
18
80
11
108
75
2
17
111
115
113
18
80
11
108
75
2
17
111
115
113
18
80
11
108
75
2
17
111
115
113
18
80
11
108
75
2
17
111
115
113
18
80
11
108
75
2
17
111
115
113
18
80
11
108
75
2
17
111
115
113
18
80
11
108
75
2
17
111
115
113
18
80
11
108
75
2
17
111
115
113
18
80
11
108
75
2
17
111
115
113
18
80
