15
35
23
9
11
15
35
23
9
11
15
35
23
9
11
15
35
23
9
11
15
35
23
9
11
15
35
23
9
11
15
35
23
9
11
15
35
23
9
11
15
35
23
9
11
15
35
23
9
11
15
35
23
9
11
15
35
23
9
11
15
35
23
9
11
15
35
23
9
11
15
35
23
9
11
15
35
23
9
11
15
35
23
9
11
15
35
23
9
11
15
35
23
9
11
15
35
23
9
11
15
35
23
9
11
15
35
23
9
11
15
35
23
9
11
15
35
23
9
11
15
35
23
9
11
15
35
23
9
11
15
35
23
9
11
15
35
23
9
11
15
35
23
9
11
15
35
23
9
11
15
35
23
9
11
15
35
23
9
11
15
35
23
9
11
15
35
23
9
11
15
35
23
9
11
15
35
23
9
11
15
35
23
9
11
15
35
23
9
11
15
35
23
9
11
15
35
23
9
11
15
35
23
9
11
15
35
23
9
11
15
35
23
9
11
15
35
23
9
11
15
35
23
9
11
15
35
23
9
11
15
35
23
9
11
15
35
23
9
11
15
35
23
9
11
15
35
23
9
11
