1
3
23
22
2
1
3
23
22
2
1
3
23
22
2
1
3
23
22
2
1
3
23
22
2
1
3
23
22
2
1
3
23
22
2
1
3
23
22
2
1
3
23
22
2
1
3
23
22
2
1
3
23
22
2
1
3
23
22
2
1
3
23
22
2
1
3
23
22
2
1
3
23
22
2
1
3
23
22
2
1
3
23
22
2
1
3
23
22
2
1
3
23
22
2
1
3
23
22
2
1
3
23
22
2
1
3
23
22
2
1
3
23
22
2
1
3
23
22
2
1
3
23
22
2
1
3
23
22
2
1
3
23
22
2
1
3
23
22
2
1
3
23
22
2
1
3
23
22
2
1
3
23
22
2
1
3
23
22
2
1
3
23
22
2
1
3
23
22
2
1
3
23
22
2
1
3
23
22
2
1
3
23
22
2
1
3
23
22
2
1
3
23
22
2
1
3
23
22
2
1
3
23
22
2
1
3
23
22
2
1
3
23
22
2
1
3
23
22
2
1
3
23
22
2
1
3
23
22
2
1
3
23
22
2
1
3
23
22
2
1
3
23
22
2
1
3
23
22
2
