79
46
82
16
111
116
128
50
57
148
79
46
82
16
111
116
128
50
57
148
79
46
82
16
111
116
128
50
57
148
79
46
82
16
111
116
128
50
57
148
79
46
82
16
111
116
128
50
57
148
79
46
82
16
111
116
128
50
57
148
79
46
82
16
111
116
128
50
57
148
79
46
82
16
111
116
128
50
57
148
79
46
82
16
111
116
128
50
57
148
79
46
82
16
111
116
128
50
57
148
79
46
82
16
111
116
128
50
57
148
79
46
82
16
111
116
128
50
57
148
79
46
82
16
111
116
128
50
57
148
79
46
82
16
111
116
128
50
57
148
79
46
82
16
111
116
128
50
57
148
79
46
82
16
111
116
128
50
57
148
79
46
82
16
111
116
128
50
57
148
79
46
82
16
111
116
128
50
57
148
79
46
82
16
111
116
128
50
57
148
79
46
82
16
111
116
128
50
57
148
79
46
82
16
111
116
128
50
57
148
79
46
82
16
111
116
128
50
57
148
79
46
82
16
111
116
128
50
57
148
79
46
82
16
111
116
128
50
57
148
79
46
82
16
111
116
128
50
57
148
79
46
82
16
111
116
128
50
57
148
79
46
82
16
111
116
128
50
57
148
79
46
82
16
111
116
128
50
57
148
79
46
82
16
111
116
128
50
57
148
79
46
82
16
111
116
128
50
57
148
79
46
82
16
111
116
128
50
57
148
79
46
82
16
111
116
128
50
57
148
79
46
82
16
111
116
128
50
57
148
79
46
82
16
111
116
128
50
57
148
79
46
82
16
111
116
128
50
57
148
79
46
82
16
111
116
128
50
57
148
79
46
82
16
111
116
128
50
57
148
79
46
82
16
111
116
128
50
57
148
79
46
82
16
111
116
128
50
57
148
79
46
82
16
111
116
128
50
57
148
79
46
82
16
111
116
128
50
57
148
79
46
82
16
111
116
128
50
57
148
79
46
82
16
111
116
128
50
57
148
79
46
82
16
111
116
128
50
57
148
79
46
82
16
111
116
128
50
57
148
79
46
82
16
111
116
128
50
57
148
79
46
82
16
111
116
128
50
57
148
79
46
82
16
111
116
128
50
57
148
79
46
82
16
111
116
128
50
57
148
79
46
82
16
111
116
128
50
57
148
