17
18
8
50
58
121
1
52
85
119
17
18
8
50
58
121
1
52
85
119
17
18
8
50
58
121
1
52
85
119
17
18
8
50
58
121
1
52
85
119
17
18
8
50
58
121
1
52
85
119
17
18
8
50
58
121
1
52
85
119
17
18
8
50
58
121
1
52
85
119
17
18
8
50
58
121
1
52
85
119
17
18
8
50
58
121
1
52
85
119
17
18
8
50
58
121
1
52
85
119
17
18
8
50
58
121
1
52
85
119
17
18
8
50
58
121
1
52
85
119
17
18
8
50
58
121
1
52
85
119
17
18
8
50
58
121
1
52
85
119
17
18
8
50
58
121
1
52
85
119
17
18
8
50
58
121
1
52
85
119
17
18
8
50
58
121
1
52
85
119
17
18
8
50
58
121
1
52
85
119
17
18
8
50
58
121
1
52
85
119
17
18
8
50
58
121
1
52
85
119
17
18
8
50
58
121
1
52
85
119
17
18
8
50
58
121
1
52
85
119
17
18
8
50
58
121
1
52
85
119
17
18
8
50
58
121
1
52
85
119
17
18
8
50
58
121
1
52
85
119
17
18
8
50
58
121
1
52
85
119
17
18
8
50
58
121
1
52
85
119
17
18
8
50
58
121
1
52
85
119
17
18
8
50
58
121
1
52
85
119
17
18
8
50
58
121
1
52
85
119
17
18
8
50
58
121
1
52
85
119
17
18
8
50
58
121
1
52
85
119
17
18
8
50
58
121
1
52
85
119
17
18
8
50
58
121
1
52
85
119
17
18
8
50
58
121
1
52
85
119
17
18
8
50
58
121
1
52
85
119
17
18
8
50
58
121
1
52
85
119
17
18
8
50
58
121
1
52
85
119
17
18
8
50
58
121
1
52
85
119
17
18
8
50
58
121
1
52
85
119
17
18
8
50
58
121
1
52
85
119
17
18
8
50
58
121
1
52
85
119
17
18
8
50
58
121
1
52
85
119
17
18
8
50
58
121
1
52
85
119
17
18
8
50
58
121
1
52
85
119
17
18
8
50
58
121
1
52
85
119
17
18
8
50
58
121
1
52
85
119
17
18
8
50
58
121
1
52
85
119
17
18
8
50
58
121
1
52
85
119
17
18
8
50
58
121
1
52
85
119
