3
43
1
11
83
80
4
9
2
84
3
43
1
11
83
80
4
9
2
84
3
43
1
11
83
80
4
9
2
84
3
43
1
11
83
80
4
9
2
84
3
43
1
11
83
80
4
9
2
84
3
43
1
11
83
80
4
9
2
84
3
43
1
11
83
80
4
9
2
84
3
43
1
11
83
80
4
9
2
84
3
43
1
11
83
80
4
9
2
84
3
43
1
11
83
80
4
9
2
84
3
43
1
11
83
80
4
9
2
84
3
43
1
11
83
80
4
9
2
84
3
43
1
11
83
80
4
9
2
84
3
43
1
11
83
80
4
9
2
84
3
43
1
11
83
80
4
9
2
84
3
43
1
11
83
80
4
9
2
84
3
43
1
11
83
80
4
9
2
84
3
43
1
11
83
80
4
9
2
84
3
43
1
11
83
80
4
9
2
84
3
43
1
11
83
80
4
9
2
84
3
43
1
11
83
80
4
9
2
84
3
43
1
11
83
80
4
9
2
84
3
43
1
11
83
80
4
9
2
84
3
43
1
11
83
80
4
9
2
84
3
43
1
11
83
80
4
9
2
84
3
43
1
11
83
80
4
9
2
84
3
43
1
11
83
80
4
9
2
84
3
43
1
11
83
80
4
9
2
84
3
43
1
11
83
80
4
9
2
84
3
43
1
11
83
80
4
9
2
84
3
43
1
11
83
80
4
9
2
84
3
43
1
11
83
80
4
9
2
84
3
43
1
11
83
80
4
9
2
84
3
43
1
11
83
80
4
9
2
84
3
43
1
11
83
80
4
9
2
84
3
43
1
11
83
80
4
9
2
84
3
43
1
11
83
80
4
9
2
84
3
43
1
11
83
80
4
9
2
84
3
43
1
11
83
80
4
9
2
84
3
43
1
11
83
80
4
9
2
84
3
43
1
11
83
80
4
9
2
84
3
43
1
11
83
80
4
9
2
84
3
43
1
11
83
80
4
9
2
84
3
43
1
11
83
80
4
9
2
84
3
43
1
11
83
80
4
9
2
84
3
43
1
11
83
80
4
9
2
84
3
43
1
11
83
80
4
9
2
84
3
43
1
11
83
80
4
9
2
84
3
43
1
11
83
80
4
9
2
84
3
43
1
11
83
80
4
9
2
84
