33
21
43
107
80
33
21
43
107
80
33
21
43
107
80
33
21
43
107
80
33
21
43
107
80
33
21
43
107
80
33
21
43
107
80
33
21
43
107
80
33
21
43
107
80
33
21
43
107
80
33
21
43
107
80
33
21
43
107
80
33
21
43
107
80
33
21
43
107
80
33
21
43
107
80
33
21
43
107
80
33
21
43
107
80
33
21
43
107
80
33
21
43
107
80
33
21
43
107
80
33
21
43
107
80
33
21
43
107
80
33
21
43
107
80
33
21
43
107
80
33
21
43
107
80
33
21
43
107
80
33
21
43
107
80
33
21
43
107
80
33
21
43
107
80
33
21
43
107
80
33
21
43
107
80
33
21
43
107
80
33
21
43
107
80
33
21
43
107
80
33
21
43
107
80
33
21
43
107
80
33
21
43
107
80
33
21
43
107
80
33
21
43
107
80
33
21
43
107
80
33
21
43
107
80
33
21
43
107
80
33
21
43
107
80
33
21
43
107
80
33
21
43
107
80
33
21
43
107
80
33
21
43
107
80
33
21
43
107
80
33
21
43
107
80
33
21
43
107
80
