30
5
19
53
49
30
5
19
53
49
30
5
19
53
49
30
5
19
53
49
30
5
19
53
49
30
5
19
53
49
30
5
19
53
49
30
5
19
53
49
30
5
19
53
49
30
5
19
53
49
30
5
19
53
49
30
5
19
53
49
30
5
19
53
49
30
5
19
53
49
30
5
19
53
49
30
5
19
53
49
30
5
19
53
49
30
5
19
53
49
30
5
19
53
49
30
5
19
53
49
30
5
19
53
49
30
5
19
53
49
30
5
19
53
49
30
5
19
53
49
30
5
19
53
49
30
5
19
53
49
30
5
19
53
49
30
5
19
53
49
30
5
19
53
49
30
5
19
53
49
30
5
19
53
49
30
5
19
53
49
30
5
19
53
49
30
5
19
53
49
30
5
19
53
49
30
5
19
53
49
30
5
19
53
49
30
5
19
53
49
30
5
19
53
49
30
5
19
53
49
30
5
19
53
49
30
5
19
53
49
30
5
19
53
49
30
5
19
53
49
30
5
19
53
49
30
5
19
53
49
30
5
19
53
49
30
5
19
53
49
30
5
19
53
49
30
5
19
53
49
