175
292
188
520
1139
734
93
444
353
423
175
292
188
520
1139
734
93
851
353
423
175
292
188
520
1139
734
478
93
444
423
175
292
188
520
734
478
93
851
444
423
175
292
188
520
1139
734
478
93
353
423
175
292
188
520
1139
734
93
444
353
423
175
292
188
520
1139
734
93
851
353
423
175
292
188
520
1139
734
478
93
444
423
175
292
188
520
734
478
93
851
444
423
175
292
188
520
1139
734
478
93
353
423
175
292
188
520
1139
734
93
444
353
423
175
292
188
520
1139
734
93
851
353
423
175
292
188
520
1139
734
478
93
444
423
175
292
188
520
734
478
93
851
444
423
175
292
188
520
1139
734
478
93
353
423
175
292
188
520
1139
734
93
444
353
423
175
292
188
520
1139
734
93
851
353
423
175
292
188
520
1139
734
478
93
444
423
175
292
188
520
734
478
93
851
444
423
175
292
188
520
1139
734
478
93
353
423
175
292
188
520
1139
734
93
444
353
423
175
292
188
520
1139
734
93
851
353
423
175
292
188
520
1139
734
478
93
444
423
175
292
188
520
734
478
93
851
444
423
175
292
188
520
1139
734
478
93
353
423
175
292
188
520
1139
734
93
444
353
423
175
292
188
520
1139
734
93
851
353
423
175
292
188
520
1139
734
478
93
444
423
175
292
188
520
734
478
93
851
444
423
175
292
188
520
1139
734
478
93
353
423
175
292
188
520
1139
734
93
444
353
423
175
292
188
520
1139
734
93
851
353
423
175
292
188
520
1139
734
478
93
444
423
175
292
188
520
734
478
93
851
444
423
175
292
188
520
1139
734
478
93
353
423
175
292
188
520
1139
734
93
444
353
423
175
292
188
520
1139
734
93
851
353
423
175
292
188
520
1139
734
478
93
444
423
175
292
188
520
734
478
93
851
444
423
175
292
188
520
1139
734
478
93
353
423
175
292
188
520
1139
734
93
444
353
423
175
292
188
520
1139
734
93
851
353
423
175
292
188
520
1139
734
478
93
444
423
175
292
188
520
734
478
93
851
444
423
175
292
188
520
1139
734
478
93
353
423
175
292
188
520
1139
734
93
444
353
423
175
292
188
520
1139
734
93
851
353
423
175
292
188
520
1139
734
478
93
444
423
175
292
188
520
734
478
93
851
444
423
175
292
188
520
1139
734
478
93
353
423
