131
137
80
38
354
261
187
128
82
150
131
137
80
38
354
261
187
128
82
150
131
137
80
38
354
261
187
128
82
150
131
137
80
38
354
261
187
128
82
150
131
137
80
38
354
261
187
128
82
150
131
137
80
38
354
261
187
128
82
150
131
137
80
38
354
261
187
128
82
150
131
137
80
38
354
261
187
128
82
150
131
137
80
38
354
261
187
128
82
150
131
137
80
38
354
261
187
128
82
150
131
137
80
38
354
261
187
128
82
150
131
137
80
38
354
261
187
128
82
150
131
137
80
38
354
261
187
128
82
150
131
137
80
38
354
261
187
128
82
150
131
137
80
38
354
261
187
128
82
150
131
137
80
38
354
261
187
128
82
150
131
137
80
38
354
261
187
128
82
150
131
137
80
38
354
261
187
128
82
150
131
137
80
38
354
261
187
128
82
150
131
137
80
38
354
261
187
128
82
150
131
137
80
38
354
261
187
128
82
150
131
137
80
38
354
261
187
128
82
150
131
137
80
38
354
261
187
128
82
150
131
137
80
38
354
261
187
128
82
150
131
137
80
38
354
261
187
128
82
150
131
137
80
38
354
261
187
128
82
150
131
137
80
38
354
261
187
128
82
150
131
137
80
38
354
261
187
128
82
150
131
137
80
38
354
261
187
128
82
150
131
137
80
38
354
261
187
128
82
150
131
137
80
38
354
261
187
128
82
150
131
137
80
38
354
261
187
128
82
150
131
137
80
38
354
261
187
128
82
150
131
137
80
38
354
261
187
128
82
150
131
137
80
38
354
261
187
128
82
150
131
137
80
38
354
261
187
128
82
150
131
137
80
38
354
261
187
128
82
150
131
137
80
38
354
261
187
128
82
150
131
137
80
38
354
261
187
128
82
150
131
137
80
38
354
261
187
128
82
150
131
137
80
38
354
261
187
128
82
150
131
137
80
38
354
261
187
128
82
150
131
137
80
38
354
261
187
128
82
150
131
137
80
38
354
261
187
128
82
150
131
137
80
38
354
261
187
128
82
150
131
137
80
38
354
261
187
128
82
150
131
137
80
38
354
261
187
128
82
150
131
137
80
38
354
261
187
128
82
150
131
137
80
38
354
261
187
128
82
150
131
137
80
38
354
261
187
128
82
150
