6
156
187
2
189
231
207
58
158
67
6
156
187
2
34
189
231
207
58
67
6
156
187
34
189
313
231
207
58
158
6
156
187
2
34
189
231
58
48
158
6
156
187
2
34
189
231
207
58
158
6
156
187
2
189
231
207
58
158
67
6
156
187
2
34
189
231
207
58
67
6
156
187
34
189
313
231
207
58
158
6
156
187
2
34
189
231
58
48
158
6
156
187
2
34
189
231
207
58
158
6
156
187
2
189
231
207
58
158
67
6
156
187
2
34
189
231
207
58
67
6
156
187
34
189
313
231
207
58
158
6
156
187
2
34
189
231
58
48
158
6
156
187
2
34
189
231
207
58
158
6
156
187
2
189
231
207
58
158
67
6
156
187
2
34
189
231
207
58
67
6
156
187
34
189
313
231
207
58
158
6
156
187
2
34
189
231
58
48
158
6
156
187
2
34
189
231
207
58
158
6
156
187
2
189
231
207
58
158
67
6
156
187
2
34
189
231
207
58
67
6
156
187
34
189
313
231
207
58
158
6
156
187
2
34
189
231
58
48
158
6
156
187
2
34
189
231
207
58
158
6
156
187
2
189
231
207
58
158
67
6
156
187
2
34
189
231
207
58
67
6
156
187
34
189
313
231
207
58
158
6
156
187
2
34
189
231
58
48
158
6
156
187
2
34
189
231
207
58
158
6
156
187
2
189
231
207
58
158
67
6
156
187
2
34
189
231
207
58
67
6
156
187
34
189
313
231
207
58
158
6
156
187
2
34
189
231
58
48
158
6
156
187
2
34
189
231
207
58
158
6
156
187
2
189
231
207
58
158
67
6
156
187
2
34
189
231
207
58
67
6
156
187
34
189
313
231
207
58
158
6
156
187
2
34
189
231
58
48
158
6
156
187
2
34
189
231
207
58
158
6
156
187
2
189
231
207
58
158
67
6
156
187
2
34
189
231
207
58
67
6
156
187
34
189
313
231
207
58
158
6
156
187
2
34
189
231
58
48
158
6
156
187
2
34
189
231
207
58
158
6
156
187
2
189
231
207
58
158
67
6
156
187
2
34
189
231
207
58
67
6
156
187
34
189
313
231
207
58
158
6
156
187
2
34
189
231
58
48
158
6
156
187
2
34
189
231
207
58
158
