37
39
142
192
67
135
247
98
248
244
37
39
142
192
67
135
247
98
248
244
37
39
142
192
67
135
247
98
248
244
37
39
142
192
67
135
247
98
248
244
37
39
142
192
67
135
247
98
248
244
37
39
142
192
67
135
247
98
248
244
37
39
142
192
67
135
247
98
248
244
37
39
142
192
67
135
247
98
248
244
37
39
142
192
67
135
247
98
248
244
37
39
142
192
67
135
247
98
248
244
37
39
142
192
67
135
247
98
248
244
37
39
142
192
67
135
247
98
248
244
37
39
142
192
67
135
247
98
248
244
37
39
142
192
67
135
247
98
248
244
37
39
142
192
67
135
247
98
248
244
37
39
142
192
67
135
247
98
248
244
37
39
142
192
67
135
247
98
248
244
37
39
142
192
67
135
247
98
248
244
37
39
142
192
67
135
247
98
248
244
37
39
142
192
67
135
247
98
248
244
37
39
142
192
67
135
247
98
248
244
37
39
142
192
67
135
247
98
248
244
37
39
142
192
67
135
247
98
248
244
37
39
142
192
67
135
247
98
248
244
37
39
142
192
67
135
247
98
248
244
37
39
142
192
67
135
247
98
248
244
37
39
142
192
67
135
247
98
248
244
37
39
142
192
67
135
247
98
248
244
37
39
142
192
67
135
247
98
248
244
37
39
142
192
67
135
247
98
248
244
37
39
142
192
67
135
247
98
248
244
37
39
142
192
67
135
247
98
248
244
37
39
142
192
67
135
247
98
248
244
37
39
142
192
67
135
247
98
248
244
37
39
142
192
67
135
247
98
248
244
37
39
142
192
67
135
247
98
248
244
37
39
142
192
67
135
247
98
248
244
37
39
142
192
67
135
247
98
248
244
37
39
142
192
67
135
247
98
248
244
37
39
142
192
67
135
247
98
248
244
37
39
142
192
67
135
247
98
248
244
37
39
142
192
67
135
247
98
248
244
37
39
142
192
67
135
247
98
248
244
37
39
142
192
67
135
247
98
248
244
37
39
142
192
67
135
247
98
248
244
37
39
142
192
67
135
247
98
248
244
37
39
142
192
67
135
247
98
248
244
37
39
142
192
67
135
247
98
248
244
37
39
142
192
67
135
247
98
248
244
37
39
142
192
67
135
247
98
248
244
