131
137
80
38
354
261
330
187
128
150
131
137
80
38
354
261
330
187
128
150
131
137
80
38
354
261
330
187
128
150
131
137
80
38
354
261
330
187
128
150
131
137
80
38
354
261
330
187
128
150
131
137
80
38
354
261
330
187
128
150
131
137
80
38
354
261
330
187
128
150
131
137
80
38
354
261
330
187
128
150
131
137
80
38
354
261
330
187
128
150
131
137
80
38
354
261
330
187
128
150
131
137
80
38
354
261
330
187
128
150
131
137
80
38
354
261
330
187
128
150
131
137
80
38
354
261
330
187
128
150
131
137
80
38
354
261
330
187
128
150
131
137
80
38
354
261
330
187
128
150
131
137
80
38
354
261
330
187
128
150
131
137
80
38
354
261
330
187
128
150
131
137
80
38
354
261
330
187
128
150
131
137
80
38
354
261
330
187
128
150
131
137
80
38
354
261
330
187
128
150
131
137
80
38
354
261
330
187
128
150
131
137
80
38
354
261
330
187
128
150
131
137
80
38
354
261
330
187
128
150
131
137
80
38
354
261
330
187
128
150
131
137
80
38
354
261
330
187
128
150
131
137
80
38
354
261
330
187
128
150
131
137
80
38
354
261
330
187
128
150
131
137
80
38
354
261
330
187
128
150
131
137
80
38
354
261
330
187
128
150
131
137
80
38
354
261
330
187
128
150
131
137
80
38
354
261
330
187
128
150
131
137
80
38
354
261
330
187
128
150
131
137
80
38
354
261
330
187
128
150
131
137
80
38
354
261
330
187
128
150
131
137
80
38
354
261
330
187
128
150
131
137
80
38
354
261
330
187
128
150
131
137
80
38
354
261
330
187
128
150
131
137
80
38
354
261
330
187
128
150
131
137
80
38
354
261
330
187
128
150
131
137
80
38
354
261
330
187
128
150
131
137
80
38
354
261
330
187
128
150
131
137
80
38
354
261
330
187
128
150
131
137
80
38
354
261
330
187
128
150
131
137
80
38
354
261
330
187
128
150
131
137
80
38
354
261
330
187
128
150
131
137
80
38
354
261
330
187
128
150
131
137
80
38
354
261
330
187
128
150
131
137
80
38
354
261
330
187
128
150
131
137
80
38
354
261
330
187
128
150
131
137
80
38
354
261
330
187
128
150
