8
19
55
14
116
53
301
54
115
382
8
19
55
14
116
53
301
54
115
382
8
19
55
14
116
53
301
54
115
382
8
19
55
14
116
53
301
54
115
382
8
19
55
14
116
53
301
54
115
382
8
19
55
14
116
53
301
54
115
382
8
19
55
14
116
53
301
54
115
382
8
19
55
14
116
53
301
54
115
382
8
19
55
14
116
53
301
54
115
382
8
19
55
14
116
53
301
54
115
382
8
19
55
14
116
53
301
54
115
382
8
19
55
14
116
53
301
54
115
382
8
19
55
14
116
53
301
54
115
382
8
19
55
14
116
53
301
54
115
382
8
19
55
14
116
53
301
54
115
382
8
19
55
14
116
53
301
54
115
382
8
19
55
14
116
53
301
54
115
382
8
19
55
14
116
53
301
54
115
382
8
19
55
14
116
53
301
54
115
382
8
19
55
14
116
53
301
54
115
382
8
19
55
14
116
53
301
54
115
382
8
19
55
14
116
53
301
54
115
382
8
19
55
14
116
53
301
54
115
382
8
19
55
14
116
53
301
54
115
382
8
19
55
14
116
53
301
54
115
382
8
19
55
14
116
53
301
54
115
382
8
19
55
14
116
53
301
54
115
382
8
19
55
14
116
53
301
54
115
382
8
19
55
14
116
53
301
54
115
382
8
19
55
14
116
53
301
54
115
382
8
19
55
14
116
53
301
54
115
382
8
19
55
14
116
53
301
54
115
382
8
19
55
14
116
53
301
54
115
382
8
19
55
14
116
53
301
54
115
382
8
19
55
14
116
53
301
54
115
382
8
19
55
14
116
53
301
54
115
382
8
19
55
14
116
53
301
54
115
382
8
19
55
14
116
53
301
54
115
382
8
19
55
14
116
53
301
54
115
382
8
19
55
14
116
53
301
54
115
382
8
19
55
14
116
53
301
54
115
382
8
19
55
14
116
53
301
54
115
382
8
19
55
14
116
53
301
54
115
382
8
19
55
14
116
53
301
54
115
382
8
19
55
14
116
53
301
54
115
382
8
19
55
14
116
53
301
54
115
382
8
19
55
14
116
53
301
54
115
382
8
19
55
14
116
53
301
54
115
382
8
19
55
14
116
53
301
54
115
382
8
19
55
14
116
53
301
54
115
382
