379
76
158
155
116
197
284
122
566
73
161
127
283
92
375
119
1
380
383
79
379
76
158
155
116
197
284
122
566
73
161
127
283
92
375
119
1
380
383
108
379
76
158
155
116
197
284
122
566
73
161
127
283
92
375
119
1
380
383
842
379
76
158
155
116
197
284
122
566
73
161
127
283
92
375
119
1
380
383
264
379
76
158
155
116
197
284
122
566
73
161
127
283
92
375
119
1
380
383
357
379
76
158
155
116
197
284
122
566
73
161
127
283
92
375
119
1
380
383
79
379
76
158
155
116
197
284
122
566
73
161
127
283
92
375
119
1
380
383
108
379
76
158
155
116
197
284
122
566
73
161
127
283
92
375
119
1
380
383
842
379
76
158
155
116
197
284
122
566
73
161
127
283
92
375
119
1
380
383
264
379
76
158
155
116
197
284
122
566
73
161
127
283
92
375
119
1
380
383
357
379
76
158
155
116
197
284
122
566
73
161
127
283
92
375
119
1
380
383
79
379
76
158
155
116
197
284
122
566
73
161
127
283
92
375
119
1
380
383
108
379
76
158
155
116
197
284
122
566
73
161
127
283
92
375
119
1
380
383
842
379
76
158
155
116
197
284
122
566
73
161
127
283
92
375
119
1
380
383
264
379
76
158
155
116
197
284
122
566
73
161
127
283
92
375
119
1
380
383
357
379
76
158
155
116
197
284
122
566
73
161
127
283
92
375
119
1
380
383
79
379
76
158
155
116
197
284
122
566
73
161
127
283
92
375
119
1
380
383
108
379
76
158
155
116
197
284
122
566
73
161
127
283
92
375
119
1
380
383
842
379
76
158
155
116
197
284
122
566
73
161
127
283
92
375
119
1
380
383
264
379
76
158
155
116
197
284
122
566
73
161
127
283
92
375
119
1
380
383
357
379
76
158
155
116
197
284
122
566
73
161
127
283
92
375
119
1
380
383
79
379
76
158
155
116
197
284
122
566
73
161
127
283
92
375
119
1
380
383
108
379
76
158
155
116
197
284
122
566
73
161
127
283
92
375
119
1
380
383
842
379
76
158
155
116
197
284
122
566
73
161
127
283
92
375
119
1
380
383
264
379
76
158
155
116
197
284
122
566
73
161
127
283
92
375
119
1
380
383
357
379
76
158
155
116
197
284
122
566
73
161
127
283
92
375
119
1
380
383
79
379
76
158
155
116
197
284
122
566
73
161
127
283
92
375
119
1
380
383
108
379
76
158
155
116
197
284
122
566
73
161
127
283
92
375
119
1
380
383
842
379
76
158
155
116
197
284
122
566
73
161
127
283
92
375
119
1
380
383
264
379
76
158
155
116
197
284
122
566
73
161
127
283
92
375
119
1
380
383
357
379
76
158
155
116
197
284
122
566
73
161
127
283
92
375
119
1
380
383
79
379
76
158
155
116
197
284
122
566
73
161
127
283
92
375
119
1
380
383
108
379
76
158
155
116
197
284
122
566
73
161
127
283
92
375
119
1
380
383
842
379
76
158
155
116
197
284
122
566
73
161
127
283
92
375
119
1
380
383
264
379
76
158
155
116
197
284
122
566
73
161
127
283
92
375
119
1
380
383
357
379
76
158
155
116
197
284
122
566
73
161
127
283
92
375
119
1
380
383
79
379
76
158
155
116
197
284
122
566
73
161
127
283
92
375
119
1
380
383
108
379
76
158
155
116
197
284
122
566
73
161
127
283
92
375
119
1
380
383
842
379
76
158
155
116
197
284
122
566
73
161
127
283
92
375
119
1
380
383
264
379
76
158
155
116
197
284
122
566
73
161
127
283
92
375
119
1
380
383
357
379
76
158
155
116
197
284
122
566
73
161
127
283
92
375
119
1
380
383
79
379
76
158
155
116
197
284
122
566
73
161
127
283
92
375
119
1
380
383
108
379
76
158
155
116
197
284
122
566
73
161
127
283
92
375
119
1
380
383
842
379
76
158
155
116
197
284
122
566
73
161
127
283
92
375
119
1
380
383
264
379
76
158
155
116
197
284
122
566
73
161
127
283
92
375
119
1
380
383
357
379
76
158
155
116
197
284
122
566
73
161
127
283
92
375
119
1
380
383
79
379
76
158
155
116
197
284
122
566
73
161
127
283
92
375
119
1
380
383
108
379
76
158
155
116
197
284
122
566
73
161
127
283
92
375
119
1
380
383
842
379
76
158
155
116
197
284
122
566
73
161
127
283
92
375
119
1
380
383
264
379
76
158
155
116
197
284
122
566
73
161
127
283
92
375
119
1
380
383
357
