478
20
54
9
33
295
19
538
223
39
527
44
491
111
332
338
26
296
463
233
478
20
54
9
33
295
19
538
223
39
527
44
491
111
332
338
26
296
463
233
478
20
54
9
33
295
19
538
223
39
527
44
491
111
332
338
26
296
463
233
478
20
54
9
33
295
19
538
223
39
527
44
491
111
332
338
26
296
463
233
478
20
54
9
33
295
19
538
223
39
527
44
491
111
332
338
26
296
463
233
478
20
54
9
33
295
19
538
223
39
527
44
491
111
332
338
26
296
463
233
478
20
54
9
33
295
19
538
223
39
527
44
491
111
332
338
26
296
463
233
478
20
54
9
33
295
19
538
223
39
527
44
491
111
332
338
26
296
463
233
478
20
54
9
33
295
19
538
223
39
527
44
491
111
332
338
26
296
463
233
478
20
54
9
33
295
19
538
223
39
527
44
491
111
332
338
26
296
463
233
478
20
54
9
33
295
19
538
223
39
527
44
491
111
332
338
26
296
463
233
478
20
54
9
33
295
19
538
223
39
527
44
491
111
332
338
26
296
463
233
478
20
54
9
33
295
19
538
223
39
527
44
491
111
332
338
26
296
463
233
478
20
54
9
33
295
19
538
223
39
527
44
491
111
332
338
26
296
463
233
478
20
54
9
33
295
19
538
223
39
527
44
491
111
332
338
26
296
463
233
478
20
54
9
33
295
19
538
223
39
527
44
491
111
332
338
26
296
463
233
478
20
54
9
33
295
19
538
223
39
527
44
491
111
332
338
26
296
463
233
478
20
54
9
33
295
19
538
223
39
527
44
491
111
332
338
26
296
463
233
478
20
54
9
33
295
19
538
223
39
527
44
491
111
332
338
26
296
463
233
478
20
54
9
33
295
19
538
223
39
527
44
491
111
332
338
26
296
463
233
478
20
54
9
33
295
19
538
223
39
527
44
491
111
332
338
26
296
463
233
478
20
54
9
33
295
19
538
223
39
527
44
491
111
332
338
26
296
463
233
478
20
54
9
33
295
19
538
223
39
527
44
491
111
332
338
26
296
463
233
478
20
54
9
33
295
19
538
223
39
527
44
491
111
332
338
26
296
463
233
478
20
54
9
33
295
19
538
223
39
527
44
491
111
332
338
26
296
463
233
478
20
54
9
33
295
19
538
223
39
527
44
491
111
332
338
26
296
463
233
478
20
54
9
33
295
19
538
223
39
527
44
491
111
332
338
26
296
463
233
478
20
54
9
33
295
19
538
223
39
527
44
491
111
332
338
26
296
463
233
478
20
54
9
33
295
19
538
223
39
527
44
491
111
332
338
26
296
463
233
478
20
54
9
33
295
19
538
223
39
527
44
491
111
332
338
26
296
463
233
478
20
54
9
33
295
19
538
223
39
527
44
491
111
332
338
26
296
463
233
478
20
54
9
33
295
19
538
223
39
527
44
491
111
332
338
26
296
463
233
478
20
54
9
33
295
19
538
223
39
527
44
491
111
332
338
26
296
463
233
478
20
54
9
33
295
19
538
223
39
527
44
491
111
332
338
26
296
463
233
478
20
54
9
33
295
19
538
223
39
527
44
491
111
332
338
26
296
463
233
478
20
54
9
33
295
19
538
223
39
527
44
491
111
332
338
26
296
463
233
478
20
54
9
33
295
19
538
223
39
527
44
491
111
332
338
26
296
463
233
478
20
54
9
33
295
19
538
223
39
527
44
491
111
332
338
26
296
463
233
478
20
54
9
33
295
19
538
223
39
527
44
491
111
332
338
26
296
463
233
478
20
54
9
33
295
19
538
223
39
527
44
491
111
332
338
26
296
463
233
478
20
54
9
33
295
19
538
223
39
527
44
491
111
332
338
26
296
463
233
478
20
54
9
33
295
19
538
223
39
527
44
491
111
332
338
26
296
463
233
478
20
54
9
33
295
19
538
223
39
527
44
491
111
332
338
26
296
463
233
478
20
54
9
33
295
19
538
223
39
527
44
491
111
332
338
26
296
463
233
478
20
54
9
33
295
19
538
223
39
527
44
491
111
332
338
26
296
463
233
478
20
54
9
33
295
19
538
223
39
527
44
491
111
332
338
26
296
463
233
478
20
54
9
33
295
19
538
223
39
527
44
491
111
332
338
26
296
463
233
478
20
54
9
33
295
19
538
223
39
527
44
491
111
332
338
26
296
463
233
478
20
54
9
33
295
19
538
223
39
527
44
491
111
332
338
26
296
463
233
478
20
54
9
33
295
19
538
223
39
527
44
491
111
332
338
26
296
463
233
