410
576
570
79
569
660
584
111
70
615
2
672
264
744
131
16
265
482
851
73
410
576
570
79
569
660
584
111
70
615
2
672
264
744
131
16
265
482
851
73
410
576
570
79
569
660
584
111
70
615
2
672
264
744
131
16
265
482
851
73
410
576
570
79
569
660
584
111
70
615
2
672
264
744
131
16
265
482
851
73
410
576
570
79
569
660
584
111
70
615
2
672
264
744
131
16
265
482
851
73
410
576
570
79
569
660
584
111
70
615
2
672
264
744
131
16
265
482
851
73
410
576
570
79
569
660
584
111
70
615
2
672
264
744
131
16
265
482
851
73
410
576
570
79
569
660
584
111
70
615
2
672
264
744
131
16
265
482
851
73
410
576
570
79
569
660
584
111
70
615
2
672
264
744
131
16
265
482
851
73
410
576
570
79
569
660
584
111
70
615
2
672
264
744
131
16
265
482
851
73
410
576
570
79
569
660
584
111
70
615
2
672
264
744
131
16
265
482
851
73
410
576
570
79
569
660
584
111
70
615
2
672
264
744
131
16
265
482
851
73
410
576
570
79
569
660
584
111
70
615
2
672
264
744
131
16
265
482
851
73
410
576
570
79
569
660
584
111
70
615
2
672
264
744
131
16
265
482
851
73
410
576
570
79
569
660
584
111
70
615
2
672
264
744
131
16
265
482
851
73
410
576
570
79
569
660
584
111
70
615
2
672
264
744
131
16
265
482
851
73
410
576
570
79
569
660
584
111
70
615
2
672
264
744
131
16
265
482
851
73
410
576
570
79
569
660
584
111
70
615
2
672
264
744
131
16
265
482
851
73
410
576
570
79
569
660
584
111
70
615
2
672
264
744
131
16
265
482
851
73
410
576
570
79
569
660
584
111
70
615
2
672
264
744
131
16
265
482
851
73
410
576
570
79
569
660
584
111
70
615
2
672
264
744
131
16
265
482
851
73
410
576
570
79
569
660
584
111
70
615
2
672
264
744
131
16
265
482
851
73
410
576
570
79
569
660
584
111
70
615
2
672
264
744
131
16
265
482
851
73
410
576
570
79
569
660
584
111
70
615
2
672
264
744
131
16
265
482
851
73
410
576
570
79
569
660
584
111
70
615
2
672
264
744
131
16
265
482
851
73
410
576
570
79
569
660
584
111
70
615
2
672
264
744
131
16
265
482
851
73
410
576
570
79
569
660
584
111
70
615
2
672
264
744
131
16
265
482
851
73
410
576
570
79
569
660
584
111
70
615
2
672
264
744
131
16
265
482
851
73
410
576
570
79
569
660
584
111
70
615
2
672
264
744
131
16
265
482
851
73
410
576
570
79
569
660
584
111
70
615
2
672
264
744
131
16
265
482
851
73
410
576
570
79
569
660
584
111
70
615
2
672
264
744
131
16
265
482
851
73
410
576
570
79
569
660
584
111
70
615
2
672
264
744
131
16
265
482
851
73
410
576
570
79
569
660
584
111
70
615
2
672
264
744
131
16
265
482
851
73
410
576
570
79
569
660
584
111
70
615
2
672
264
744
131
16
265
482
851
73
410
576
570
79
569
660
584
111
70
615
2
672
264
744
131
16
265
482
851
73
410
576
570
79
569
660
584
111
70
615
2
672
264
744
131
16
265
482
851
73
410
576
570
79
569
660
584
111
70
615
2
672
264
744
131
16
265
482
851
73
410
576
570
79
569
660
584
111
70
615
2
672
264
744
131
16
265
482
851
73
410
576
570
79
569
660
584
111
70
615
2
672
264
744
131
16
265
482
851
73
410
576
570
79
569
660
584
111
70
615
2
672
264
744
131
16
265
482
851
73
410
576
570
79
569
660
584
111
70
615
2
672
264
744
131
16
265
482
851
73
410
576
570
79
569
660
584
111
70
615
2
672
264
744
131
16
265
482
851
73
410
576
570
79
569
660
584
111
70
615
2
672
264
744
131
16
265
482
851
73
410
576
570
79
569
660
584
111
70
615
2
672
264
744
131
16
265
482
851
73
410
576
570
79
569
660
584
111
70
615
2
672
264
744
131
16
265
482
851
73
410
576
570
79
569
660
584
111
70
615
2
672
264
744
131
16
265
482
851
73
410
576
570
79
569
660
584
111
70
615
2
672
264
744
131
16
265
482
851
73
410
576
570
79
569
660
584
111
70
615
2
672
264
744
131
16
265
482
851
73
410
576
570
79
569
660
584
111
70
615
2
672
264
744
131
16
265
482
851
73
410
576
570
79
569
660
584
111
70
615
2
672
264
744
131
16
265
482
851
73
