604
1030
249
694
171
24
476
421
402
96
684
930
152
294
706
734
979
132
410
419
604
1030
249
694
171
24
476
421
402
96
684
930
152
294
706
734
979
132
789
410
604
1030
249
694
171
24
476
421
402
96
684
930
152
294
706
734
979
132
789
419
604
1030
249
694
171
24
476
421
402
96
684
930
152
294
706
734
979
132
789
1082
604
1030
249
694
171
24
476
421
402
96
684
930
152
294
706
734
979
132
789
232
604
1030
249
694
171
24
476
421
402
96
684
930
152
294
706
734
979
132
410
419
604
1030
249
694
171
24
476
421
402
96
684
930
152
294
706
734
979
132
789
410
604
1030
249
694
171
24
476
421
402
96
684
930
152
294
706
734
979
132
789
419
604
1030
249
694
171
24
476
421
402
96
684
930
152
294
706
734
979
132
789
1082
604
1030
249
694
171
24
476
421
402
96
684
930
152
294
706
734
979
132
789
232
604
1030
249
694
171
24
476
421
402
96
684
930
152
294
706
734
979
132
410
419
604
1030
249
694
171
24
476
421
402
96
684
930
152
294
706
734
979
132
789
410
604
1030
249
694
171
24
476
421
402
96
684
930
152
294
706
734
979
132
789
419
604
1030
249
694
171
24
476
421
402
96
684
930
152
294
706
734
979
132
789
1082
604
1030
249
694
171
24
476
421
402
96
684
930
152
294
706
734
979
132
789
232
604
1030
249
694
171
24
476
421
402
96
684
930
152
294
706
734
979
132
410
419
604
1030
249
694
171
24
476
421
402
96
684
930
152
294
706
734
979
132
789
410
604
1030
249
694
171
24
476
421
402
96
684
930
152
294
706
734
979
132
789
419
604
1030
249
694
171
24
476
421
402
96
684
930
152
294
706
734
979
132
789
1082
604
1030
249
694
171
24
476
421
402
96
684
930
152
294
706
734
979
132
789
232
604
1030
249
694
171
24
476
421
402
96
684
930
152
294
706
734
979
132
410
419
604
1030
249
694
171
24
476
421
402
96
684
930
152
294
706
734
979
132
789
410
604
1030
249
694
171
24
476
421
402
96
684
930
152
294
706
734
979
132
789
419
604
1030
249
694
171
24
476
421
402
96
684
930
152
294
706
734
979
132
789
1082
604
1030
249
694
171
24
476
421
402
96
684
930
152
294
706
734
979
132
789
232
604
1030
249
694
171
24
476
421
402
96
684
930
152
294
706
734
979
132
410
419
604
1030
249
694
171
24
476
421
402
96
684
930
152
294
706
734
979
132
789
410
604
1030
249
694
171
24
476
421
402
96
684
930
152
294
706
734
979
132
789
419
604
1030
249
694
171
24
476
421
402
96
684
930
152
294
706
734
979
132
789
1082
604
1030
249
694
171
24
476
421
402
96
684
930
152
294
706
734
979
132
789
232
604
1030
249
694
171
24
476
421
402
96
684
930
152
294
706
734
979
132
410
419
604
1030
249
694
171
24
476
421
402
96
684
930
152
294
706
734
979
132
789
410
604
1030
249
694
171
24
476
421
402
96
684
930
152
294
706
734
979
132
789
419
604
1030
249
694
171
24
476
421
402
96
684
930
152
294
706
734
979
132
789
1082
604
1030
249
694
171
24
476
421
402
96
684
930
152
294
706
734
979
132
789
232
604
1030
249
694
171
24
476
421
402
96
684
930
152
294
706
734
979
132
410
419
604
1030
249
694
171
24
476
421
402
96
684
930
152
294
706
734
979
132
789
410
604
1030
249
694
171
24
476
421
402
96
684
930
152
294
706
734
979
132
789
419
604
1030
249
694
171
24
476
421
402
96
684
930
152
294
706
734
979
132
789
1082
604
1030
249
694
171
24
476
421
402
96
684
930
152
294
706
734
979
132
789
232
604
1030
249
694
171
24
476
421
402
96
684
930
152
294
706
734
979
132
410
419
604
1030
249
694
171
24
476
421
402
96
684
930
152
294
706
734
979
132
789
410
604
1030
249
694
171
24
476
421
402
96
684
930
152
294
706
734
979
132
789
419
604
1030
249
694
171
24
476
421
402
96
684
930
152
294
706
734
979
132
789
1082
604
1030
249
694
171
24
476
421
402
96
684
930
152
294
706
734
979
132
789
232
604
1030
249
694
171
24
476
421
402
96
684
930
152
294
706
734
979
132
410
419
604
1030
249
694
171
24
476
421
402
96
684
930
152
294
706
734
979
132
789
410
604
1030
249
694
171
24
476
421
402
96
684
930
152
294
706
734
979
132
789
419
604
1030
249
694
171
24
476
421
402
96
684
930
152
294
706
734
979
132
789
1082
604
1030
249
694
171
24
476
421
402
96
684
930
152
294
706
734
979
132
789
232
