715
576
688
220
184
2046
1869
1515
81
809
1310
608
1254
605
1889
319
679
1319
577
399
705
75
318
1523
2102
1368
1091
2621
203
725
2061
810
1130
314
105
614
1940
1237
1369
28
715
576
688
220
184
2046
1869
1515
81
809
1310
608
1254
605
1889
319
679
1319
577
399
705
75
318
1523
2102
1368
1091
2621
203
725
2061
810
1130
314
105
614
1940
1237
1369
28
715
576
688
220
184
2046
1869
1515
81
809
1310
608
1254
605
1889
319
679
1319
577
399
705
75
318
1523
2102
1368
1091
2621
203
725
2061
810
1130
314
105
614
1940
1237
1369
28
715
576
688
220
184
2046
1869
1515
81
809
1310
608
1254
605
1889
319
679
1319
577
399
705
75
318
1523
2102
1368
1091
2621
203
725
2061
810
1130
314
105
614
1940
1237
1369
28
715
576
688
220
184
2046
1869
1515
81
809
1310
608
1254
605
1889
319
679
1319
577
399
705
75
318
1523
2102
1368
1091
2621
203
725
2061
810
1130
314
105
614
1940
1237
1369
28
715
576
688
220
184
2046
1869
1515
81
809
1310
608
1254
605
1889
319
679
1319
577
399
705
75
318
1523
2102
1368
1091
2621
203
725
2061
810
1130
314
105
614
1940
1237
1369
28
715
576
688
220
184
2046
1869
1515
81
809
1310
608
1254
605
1889
319
679
1319
577
399
705
75
318
1523
2102
1368
1091
2621
203
725
2061
810
1130
314
105
614
1940
1237
1369
28
715
576
688
220
184
2046
1869
1515
81
809
1310
608
1254
605
1889
319
679
1319
577
399
705
75
318
1523
2102
1368
1091
2621
203
725
2061
810
1130
314
105
614
1940
1237
1369
28
715
576
688
220
184
2046
1869
1515
81
809
1310
608
1254
605
1889
319
679
1319
577
399
705
75
318
1523
2102
1368
1091
2621
203
725
2061
810
1130
314
105
614
1940
1237
1369
28
715
576
688
220
184
2046
1869
1515
81
809
1310
608
1254
605
1889
319
679
1319
577
399
705
75
318
1523
2102
1368
1091
2621
203
725
2061
810
1130
314
105
614
1940
1237
1369
28
715
576
688
220
184
2046
1869
1515
81
809
1310
608
1254
605
1889
319
679
1319
577
399
705
75
318
1523
2102
1368
1091
2621
203
725
2061
810
1130
314
105
614
1940
1237
1369
28
715
576
688
220
184
2046
1869
1515
81
809
1310
608
1254
605
1889
319
679
1319
577
399
705
75
318
1523
2102
1368
1091
2621
203
725
2061
810
1130
314
105
614
1940
1237
1369
28
715
576
688
220
184
2046
1869
1515
81
809
1310
608
1254
605
1889
319
679
1319
577
399
705
75
318
1523
2102
1368
1091
2621
203
725
2061
810
1130
314
105
614
1940
1237
1369
28
715
576
688
220
184
2046
1869
1515
81
809
1310
608
1254
605
1889
319
679
1319
577
399
705
75
318
1523
2102
1368
1091
2621
203
725
2061
810
1130
314
105
614
1940
1237
1369
28
715
576
688
220
184
2046
1869
1515
81
809
1310
608
1254
605
1889
319
679
1319
577
399
705
75
318
1523
2102
1368
1091
2621
203
725
2061
810
1130
314
105
614
1940
1237
1369
28
715
576
688
220
184
2046
1869
1515
81
809
1310
608
1254
605
1889
319
679
1319
577
399
705
75
318
1523
2102
1368
1091
2621
203
725
2061
810
1130
314
105
614
1940
1237
1369
28
715
576
688
220
184
2046
1869
1515
81
809
1310
608
1254
605
1889
319
679
1319
577
399
705
75
318
1523
2102
1368
1091
2621
203
725
2061
810
1130
314
105
614
1940
1237
1369
28
715
576
688
220
184
2046
1869
1515
81
809
1310
608
1254
605
1889
319
679
1319
577
399
705
75
318
1523
2102
1368
1091
2621
203
725
2061
810
1130
314
105
614
1940
1237
1369
28
715
576
688
220
184
2046
1869
1515
81
809
1310
608
1254
605
1889
319
679
1319
577
399
705
75
318
1523
2102
1368
1091
2621
203
725
2061
810
1130
314
105
614
1940
1237
1369
28
715
576
688
220
184
2046
1869
1515
81
809
1310
608
1254
605
1889
319
679
1319
577
399
705
75
318
1523
2102
1368
1091
2621
203
725
2061
810
1130
314
105
614
1940
1237
1369
28
715
576
688
220
184
2046
1869
1515
81
809
1310
608
1254
605
1889
319
679
1319
577
399
705
75
318
1523
2102
1368
1091
2621
203
725
2061
810
1130
314
105
614
1940
1237
1369
28
715
576
688
220
184
2046
1869
1515
81
809
1310
608
1254
605
1889
319
679
1319
577
399
705
75
318
1523
2102
1368
1091
2621
203
725
2061
810
1130
314
105
614
1940
1237
1369
28
715
576
688
220
184
2046
1869
1515
81
809
1310
608
1254
605
1889
319
679
1319
577
399
705
75
318
1523
2102
1368
1091
2621
203
725
2061
810
1130
314
105
614
1940
1237
1369
28
715
576
688
220
184
2046
1869
1515
81
809
1310
608
1254
605
1889
319
679
1319
577
399
705
75
318
1523
2102
1368
1091
2621
203
725
2061
810
1130
314
105
614
1940
1237
1369
28
715
576
688
220
184
2046
1869
1515
81
809
1310
608
1254
605
1889
319
679
1319
577
399
705
75
318
1523
2102
1368
1091
2621
203
725
2061
810
1130
314
105
614
1940
1237
1369
28
715
576
688
220
184
2046
1869
1515
81
809
1310
608
1254
605
1889
319
679
1319
577
399
705
75
318
1523
2102
1368
1091
2621
203
725
2061
810
1130
314
105
614
1940
1237
1369
28
715
576
688
220
184
2046
1869
1515
81
809
1310
608
1254
605
1889
319
679
1319
577
399
705
75
318
1523
2102
1368
1091
2621
203
725
2061
810
1130
314
105
614
1940
1237
1369
28
715
576
688
220
184
2046
1869
1515
81
809
1310
608
1254
605
1889
319
679
1319
577
399
705
75
318
1523
2102
1368
1091
2621
203
725
2061
810
1130
314
105
614
1940
1237
1369
28
715
576
688
220
184
2046
1869
1515
81
809
1310
608
1254
605
1889
319
679
1319
577
399
705
75
318
1523
2102
1368
1091
2621
203
725
2061
810
1130
314
105
614
1940
1237
1369
28
715
576
688
220
184
2046
1869
1515
81
809
1310
608
1254
605
1889
319
679
1319
577
399
705
75
318
1523
2102
1368
1091
2621
203
725
2061
810
1130
314
105
614
1940
1237
1369
28
715
576
688
220
184
2046
1869
1515
81
809
1310
608
1254
605
1889
319
679
1319
577
399
705
75
318
1523
2102
1368
1091
2621
203
725
2061
810
1130
314
105
614
1940
1237
1369
28
715
576
688
220
184
2046
1869
1515
81
809
1310
608
1254
605
1889
319
679
1319
577
399
705
75
318
1523
2102
1368
1091
2621
203
725
2061
810
1130
314
105
614
1940
1237
1369
28
715
576
688
220
184
2046
1869
1515
81
809
1310
608
1254
605
1889
319
679
1319
577
399
705
75
318
1523
2102
1368
1091
2621
203
725
2061
810
1130
314
105
614
1940
1237
1369
28
715
576
688
220
184
2046
1869
1515
81
809
1310
608
1254
605
1889
319
679
1319
577
399
705
75
318
1523
2102
1368
1091
2621
203
725
2061
810
1130
314
105
614
1940
1237
1369
28
715
576
688
220
184
2046
1869
1515
81
809
1310
608
1254
605
1889
319
679
1319
577
399
705
75
318
1523
2102
1368
1091
2621
203
725
2061
810
1130
314
105
614
1940
1237
1369
28
715
576
688
220
184
2046
1869
1515
81
809
1310
608
1254
605
1889
319
679
1319
577
399
705
75
318
1523
2102
1368
1091
2621
203
725
2061
810
1130
314
105
614
1940
1237
1369
28
715
576
688
220
184
2046
1869
1515
81
809
1310
608
1254
605
1889
319
679
1319
577
399
705
75
318
1523
2102
1368
1091
2621
203
725
2061
810
1130
314
105
614
1940
1237
1369
28
715
576
688
220
184
2046
1869
1515
81
809
1310
608
1254
605
1889
319
679
1319
577
399
705
75
318
1523
2102
1368
1091
2621
203
725
2061
810
1130
314
105
614
1940
1237
1369
28
715
576
688
220
184
2046
1869
1515
81
809
1310
608
1254
605
1889
319
679
1319
577
399
705
75
318
1523
2102
1368
1091
2621
203
725
2061
810
1130
314
105
614
1940
1237
1369
28
715
576
688
220
184
2046
1869
1515
81
809
1310
608
1254
605
1889
319
679
1319
577
399
705
75
318
1523
2102
1368
1091
2621
203
725
2061
810
1130
314
105
614
1940
1237
1369
28
715
576
688
220
184
2046
1869
1515
81
809
1310
608
1254
605
1889
319
679
1319
577
399
705
75
318
1523
2102
1368
1091
2621
203
725
2061
810
1130
314
105
614
1940
1237
1369
28
715
576
688
220
184
2046
1869
1515
81
809
1310
608
1254
605
1889
319
679
1319
577
399
705
75
318
1523
2102
1368
1091
2621
203
725
2061
810
1130
314
105
614
1940
1237
1369
28
715
576
688
220
184
2046
1869
1515
81
809
1310
608
1254
605
1889
319
679
1319
577
399
705
75
318
1523
2102
1368
1091
2621
203
725
2061
810
1130
314
105
614
1940
1237
1369
28
715
576
688
220
184
2046
1869
1515
81
809
1310
608
1254
605
1889
319
679
1319
577
399
705
75
318
1523
2102
1368
1091
2621
203
725
2061
810
1130
314
105
614
1940
1237
1369
28
715
576
688
220
184
2046
1869
1515
81
809
1310
608
1254
605
1889
319
679
1319
577
399
705
75
318
1523
2102
1368
1091
2621
203
725
2061
810
1130
314
105
614
1940
1237
1369
28
715
576
688
220
184
2046
1869
1515
81
809
1310
608
1254
605
1889
319
679
1319
577
399
705
75
318
1523
2102
1368
1091
2621
203
725
2061
810
1130
314
105
614
1940
1237
1369
28
715
576
688
220
184
2046
1869
1515
81
809
1310
608
1254
605
1889
319
679
1319
577
399
705
75
318
1523
2102
1368
1091
2621
203
725
2061
810
1130
314
105
614
1940
1237
1369
28
715
576
688
220
184
2046
1869
1515
81
809
1310
608
1254
605
1889
319
679
1319
577
399
705
75
318
1523
2102
1368
1091
2621
203
725
2061
810
1130
314
105
614
1940
1237
1369
28
715
576
688
220
184
2046
1869
1515
81
809
1310
608
1254
605
1889
319
679
1319
577
399
705
75
318
1523
2102
1368
1091
2621
203
725
2061
810
1130
314
105
614
1940
1237
1369
28
715
576
688
220
184
2046
1869
1515
81
809
1310
608
1254
605
1889
319
679
1319
577
399
705
75
318
1523
2102
1368
1091
2621
203
725
2061
810
1130
314
105
614
1940
1237
1369
28
