1
5
30
31
32
34
35
37
38
40
42
46
55
56
58
60
61
65
66
67
68
69
70
71
72
73
74
75
79
81
82
83
87
88
89
90
91
92
96
97
98
102
107
108
123
146
148
149
151
152
155
159
160
162
177
335
348
375
377
436
463
464
466
467
468
470
471
480
483
487
511
523
573
648
708
721
776
777
803
805
810
880
882
895
928
961
962
965
966
969
1075
1078
1082
1092
1171
1201
1291
1297
1329
0
2
3
4
8
14
16
17
18
49
78
80
86
93
94
95
99
100
101
103
104
105
106
110
112
113
114
115
116
117
118
126
131
132
133
135
139
140
141
142
143
144
145
147
150
153
154
156
158
164
165
166
167
168
169
172
175
180
181
183
184
185
186
187
188
189
190
191
192
193
194
195
196
197
198
199
200
201
202
203
204
205
206
207
208
209
210
211
212
213
214
215
216
217
218
219
220
221
222
224
225
226
227
228
230
231
243
244
251
257
261
265
273
274
276
277
278
279
282
283
285
286
288
289
290
298
303
305
307
308
309
312
313
315
316
317
318
319
320
321
