11
20
21
23
24
25
26
33
57
120
235
236
239
241
246
247
249
296
334
338
354
355
465
478
489
497
499
521
537
676
717
944
945
946
947
949
950
951
952
954
955
956
957
958
959
960
963
964
971
972
975
976
977
978
979
980
981
982
984
985
986
987
988
989
990
993
994
995
996
997
998
999
1000
1001
1002
1003
1005
1006
1007
1008
1009
1010
1012
1013
1014
1015
1017
1018
1020
1021
1022
1023
1024
1025
1026
1027
1028
1029
1030
1031
1032
1033
1034
1035
1036
1037
1038
1040
1041
1042
1043
1044
1045
1046
1047
1048
1049
1050
1051
1052
1053
1054
1055
1056
1057
1058
1059
1060
1061
1063
1064
1065
1066
1067
1068
1069
1070
1071
1072
1073
1074
1079
1080
1083
1084
1085
1086
1087
1088
1089
1091
1093
1094
1095
1096
1097
1098
1099
1100
1101
1105
1107
1108
1109
1110
1111
1112
1113
1114
1115
1116
