22
29
36
109
119
121
122
124
163
173
178
229
237
238
240
242
250
254
255
256
260
264
353
367
462
479
482
484
485
492
494
495
496
498
500
501
503
504
506
507
508
509
510
512
513
514
515
517
518
520
524
526
528
529
530
534
535
544
546
548
551
563
574
575
591
593
600
601
608
611
612
613
616
663
666
675
677
678
690
699
701
702
706
711
716
718
751
772
773
774
787
839
896
898
900
933
948
967
968
970
974
983
991
992
1016
1019
1039
1062
1102
1103
1104
1106
1148
1175
1194
1281
1282
1285
1366
1445
1272
1273
1274
1275
1276
1277
1278
1279
1280
1283
1284
1286
1287
1288
1289
1290
1292
1293
1294
1295
1296
1298
1299
1300
1301
1302
1303
1304
1305
1306
1307
1308
1309
1310
1311
1312
1313
1314
1315
1317
1318
1319
1320
1321
1322
1323
1324
1325
1326
1327
1328
1330
1331
1332
1333
1334
1335
1336
1337
1338
1339
1340
1341
1342
1344
1345
1346
1347
1348
1349
1350
1351
1352
1353
1354
1355
1356
1357
1358
1359
1360
1361
1362
1363
1364
1365
1367
1368
1369
1370
1371
1372
1373
1374
1375
1376
1377
1378
1379
1380
1381
1382
1383
1384
1385
1386
1387
1388
1389
1390
1391
1392
1393
1394
1395
1396
1397
1398
1399
1400
1401
1402
1403
1404
1405
1406
1407
1408
1409
1410
1411
1412
1413
1414
1415
1416
1417
1418
1421
1423
