6
7
10
15
128
129
130
134
136
137
138
157
232
233
234
248
252
258
259
262
263
266
267
268
269
270
271
272
275
280
281
284
287
291
292
293
299
301
302
304
306
310
311
314
603
652
654
823
906
907
908
926
927
934
935
936
937
938
940
953
1135
1140
1141
1142
1178
1179
1205
1260
1264
1316
1419
1420
1422
1431
1432
1548
1686
322
323
324
325
326
327
328
329
333
368
381
382
395
407
408
413
425
428
429
432
437
438
441
443
444
445
446
447
448
449
451
452
453
454
455
456
457
458
459
460
461
469
472
473
474
475
476
477
481
519
525
531
536
540
541
547
549
550
552
553
554
559
560
562
564
567
568
572
576
579
582
583
584
585
587
588
589
590
592
594
595
597
598
599
602
604
605
606
607
609
610
614
615
617
618
619
620
621
622
623
624
625
626
627
628
629
630
631
632
633
634
635
636
637
638
639
640
641
642
643
644
645
646
647
649
650
651
653
655
656
662
664
665
667
668
669
670
671
672
673
