9
19
39
43
44
47
52
54
330
332
674
679
680
681
682
683
684
685
686
687
688
689
693
700
707
712
713
719
722
723
726
734
747
760
771
775
782
790
791
792
794
795
796
797
798
801
804
807
808
809
811
813
814
816
817
818
819
820
821
822
824
825
826
829
830
831
832
833
835
837
840
841
842
843
844
845
846
847
848
849
850
851
852
853
854
855
856
858
859
860
861
862
863
864
865
866
867
868
869
870
871
872
873
874
875
876
877
879
881
883
884
885
886
887
888
889
890
891
892
893
894
897
899
901
902
903
904
905
909
910
911
913
914
915
916
917
918
919
920
921
922
923
924
930
931
932
939
941
942
943
