62
63
64
76
77
111
125
127
170
171
176
179
182
253
294
297
300
351
374
378
379
385
394
491
493
502
505
516
522
532
533
657
658
661
691
692
694
695
696
698
703
704
705
709
710
714
715
720
724
725
727
728
729
731
732
733
735
736
738
739
740
741
742
743
744
745
746
748
749
750
752
753
754
755
756
757
758
759
763
765
766
767
768
769
770
778
779
780
783
784
785
786
788
789
793
799
800
802
812
815
827
828
834
836
838
857
878
925
973
1004
1011
1077
1090
1251
1343
1569
1570
1571
1572
1573
1574
1575
1576
1577
1578
1579
1580
1581
1582
1583
1584
1585
1586
1587
1588
1589
1590
1591
1592
1593
1594
1595
1596
1597
1598
1599
1600
1601
1602
1603
1604
1605
1606
1607
1608
1609
1610
1611
1612
1613
1614
1615
1616
1617
1618
1619
1620
1621
1622
1623
1624
1625
1626
1627
1628
1629
1630
1631
1632
1633
1634
1635
1636
1637
1638
1639
1640
1641
1642
1643
1644
1645
1646
1647
1648
1649
1650
1651
1652
1653
1654
1655
1656
1657
1658
1659
1660
1661
1662
1663
1664
1665
1666
1667
1668
1669
1670
1671
1672
1673
1674
1675
1676
1677
1678
1679
1680
1681
1682
1683
1684
1685
1687
1688
1689
1690
1691
1692
1693
1694
1695
1696
1697
1698
1699
1700
1701
1702
1703
1704
1705
1706
1707
1708
1709
