12
13
27
28
41
45
50
51
53
84
85
161
245
331
336
337
339
340
341
342
343
344
345
346
347
349
350
352
356
357
358
359
360
361
362
363
364
365
366
369
370
371
372
373
376
380
383
384
386
387
388
389
390
391
392
393
396
397
398
399
400
401
402
403
404
405
406
409
410
411
412
414
415
416
417
418
419
420
421
422
423
424
426
427
430
431
433
434
435
439
440
442
450
486
490
539
542
543
545
555
556
557
558
561
565
566
569
570
571
577
578
580
581
586
596
912
929
1076
1081
1448
1117
1118
1119
1120
1121
1122
1123
1124
1125
1126
1127
1128
1129
1130
1131
1132
1133
1134
1136
1137
1138
1139
1143
1144
1145
1146
1147
1149
1150
1151
1152
1153
1154
1155
1156
1157
1158
1159
1160
1161
1162
1163
1164
1165
1166
1167
1168
1169
1170
1172
1173
1174
1176
1177
1180
1181
1182
1183
1184
1185
1186
1187
1188
1189
1190
1191
1192
1193
1195
1196
1197
1198
1199
1200
1202
1203
1204
1206
1207
1208
1209
1210
1211
1212
1213
1214
1215
1216
1217
1218
1219
1220
1221
1222
1223
1224
1225
1226
1227
1228
1229
1230
1231
1232
1233
1234
1235
1236
1237
1238
1239
1240
1241
1242
1243
1244
1245
1246
1247
1248
1249
1250
1252
1253
1254
1255
1256
1257
1258
1259
1261
1262
1263
1265
1266
1267
1268
1269
1270
1271
