84
223
183
32
63
90
868
1432
51
21
84
223
183
32
63
90
868
1432
51
21
84
223
183
32
63
90
868
1432
51
21
84
223
183
32
63
90
868
1432
51
21
84
223
183
32
63
90
868
1432
51
21
84
223
183
32
63
90
868
1432
51
21
84
223
183
32
63
90
868
1432
51
21
84
223
183
32
63
90
868
1432
51
21
84
223
183
32
63
90
868
1432
51
21
84
223
183
32
63
90
868
1432
51
21
84
223
183
32
63
90
868
1432
51
21
84
223
183
32
63
90
868
1432
51
21
84
223
183
32
63
90
868
1432
51
21
84
223
183
32
63
90
868
1432
51
21
84
223
183
32
63
90
868
1432
51
21
84
223
183
32
63
90
868
1432
51
21
84
223
183
32
63
90
868
1432
51
21
84
223
183
32
63
90
868
1432
51
21
84
223
183
32
63
90
868
1432
51
21
84
223
183
32
63
90
868
1432
51
21
84
223
183
32
63
90
868
1432
51
21
84
223
183
32
63
90
868
1432
51
21
84
223
183
32
63
90
868
1432
51
21
84
223
183
32
63
90
868
1432
51
21
84
223
183
32
63
90
868
1432
51
21
84
223
183
32
63
90
868
1432
51
21
84
223
183
32
63
90
868
1432
51
21
84
223
183
32
63
90
868
1432
51
21
84
223
183
32
63
90
868
1432
51
21
84
223
183
32
63
90
868
1432
51
21
84
223
183
32
63
90
868
1432
51
21
84
223
183
32
63
90
868
1432
51
21
84
223
183
32
63
90
868
1432
51
21
84
223
183
32
63
90
868
1432
51
21
84
223
183
32
63
90
868
1432
51
21
84
223
183
32
63
90
868
1432
51
21
84
223
183
32
63
90
868
1432
51
21
84
223
183
32
63
90
868
1432
51
21
84
223
183
32
63
90
868
1432
51
21
84
223
183
32
63
90
868
1432
51
21
84
223
183
32
63
90
868
1432
51
21
84
223
183
32
63
90
868
1432
51
21
84
223
183
32
63
90
868
1432
51
21
84
223
183
32
63
90
868
1432
51
21
84
223
183
32
63
90
868
1432
51
21
84
223
183
32
63
90
868
1432
51
21
84
223
183
32
63
90
868
1432
51
21
84
223
183
32
63
90
868
1432
51
21
84
223
183
32
63
90
868
1432
51
21
84
223
183
32
63
90
868
1432
51
21
