2629
3384
3479
3491
1819
5641
5162
5452
5446
5639
6341
3843
6826
1886
122
1534
2020
3076
1012
1548
6253
1425
1524
693
1159
2650
2997
3273
36
578
837
784
6142
284
809
39
2746
2796
4022
2296
1911
832
1927
1404
453
3851
2158
3609
4562
5724
199
3871
244
4933
8813
432
1752
3581
242
133
3492
3815
904
395
2861
828
3008
1181
906
2961
154
779
6416
2466
283
286
5624
67
368
65
2348
4015
1525
2871
1929
1998
67
1054
439
573
2558
1244
4546
6331
9362
502
5355
955
3479
9854
3291
3858
3744
1976
6262
3360
1997
6992
1531
1093
3963
6271
1019
368
568
4383
2202
1109
946
3803
4903
250
262
1726
1259
419
206
1361
2027
3180
313
6364
304
3664
5384
114
5162
1804
2353
5572
2422
4878
7907
4041
117
1569
205
369
7975
568
4855
9880
2702
9336
9335
122
24
3478
882
26
3573
6501
4644
1757
153
8990
4909
1310
436
2023
5669
1815
9423
1687
6409
5661
5300
9062
7826
153
855
765
3165
891
747
1525
2993
2995
3049
66
895
614
3755
888
831
616
990
1347
3912
609
3696
1755
1580
797
1708
6398
2015
6932
2395
9388
1019
129
121
1839
198
177
1553
1361
1609
244
2558
2877
1583
421
2778
232
152
4594
544
6699
4517
4532
5974
4521
4414
4429
4436
4411
4509
4417
2693
3673
2473
5840
47
4273
190
1534
43
120
1243
1246
3440
4791
1252
1247
1235
4124
1253
4954
1989
607
6639
836
2037
26
3301
808
721
2140
65
238
1236
3684
573
419
1237
2792
723
286
2544
694
3395
3542
712
3430
1966
26
955
1781
5320
1552
6060
3113
2020
3256
1
747
2813
1594
2455
1279
451
1261
1767
5557
1263
252
4110
169
1718
1330
1381
3524
1380
3519
8608
1333
145
1347
1285
3796
6546
1812
1278
1293
131
133
1277
1291
1526
999
190
5493
992
1394
1153
36
1540
2902
4004
5225
3685
3786
154
5991
672
1719
7559
7472
5673
5675
1815
5670
3698
5667
5674
432
5661
236
1886
1525
1785
2699
974
447
1874
1373
2654
1998
2404
2146
93
2751
2005
2874
1935
432
792
4897
3849
4573
4572
2004
4571
846
457
2240
2147
2236
8499
1355
9980
1929
873
1177
4791
8920
68
5658
9897
9295
6013
3443
608
9092
397
853
966
609
814
324
5366
1749
295
5016
7507
316
1816
2633
187
8286
3361
2963
387
3914
837
6537
1685
3106
71
6005
1589
1627
1205
1624
4067
9931
4654
2176
3968
3086
1571
2549
3535
459
1791
36
198
2020
3766
959
2189
1461
4948
905
3047
3338
2148
914
2426
682
1094
1708
4103
3135
2682
1096
96
369
1259
1060
5575
6364
373
198
5058
4160
1632
6853
290
1785
4654
2305
3786
768
846
3595
2155
6224
2024
6935
6887
1394
742
5435
8230
818
906
2112
