1
2
50
51
52
54
53
55
56
66
2
50
51
52
54
57
55
56
58
18
1
51
52
50
60
61
53
54
55
18
2
50
51
52
57
59
53
54
56
18
2
50
51
52
59
60
53
54
55
18
1
2
50
52
54
57
53
55
56
66
1
2
52
51
57
59
55
56
58
18
1
2
52
50
51
57
53
54
55
18
1
2
50
51
52
54
55
56
57
66
1
2
50
51
52
57
54
55
58
18
2
50
51
57
61
62
52
53
54
18
1
50
52
54
57
61
2
51
55
18
1
50
51
52
57
59
2
54
55
66
1
2
50
51
52
54
56
59
60
18
1
2
50
51
52
54
53
55
56
18
1
2
50
51
52
54
53
55
56
18
1
2
52
50
51
54
55
56
57
18
1
2
50
51
52
54
53
55
56
66
2
50
51
52
54
57
53
55
56
18
1
2
50
51
52
57
53
55
56
18
2
50
55
54
57
59
51
52
56
18
1
2
50
51
52
54
53
55
56
18
2
51
53
50
52
54
55
56
57
18
1
50
51
54
59
60
52
53
56
66
1
2
50
51
52
57
53
56
58
18
1
50
51
54
57
59
2
52
53
18
1
2
50
51
52
54
53
55
56
18
2
50
51
52
54
57
53
56
58
18
2
51
52
50
57
59
53
55
56
18
1
2
51
50
54
57
52
53
56
18
1
2
50
51
52
54
53
55
57
18
50
51
52
54
59
60
53
55
57
18
1
2
50
51
52
54
53
55
58
18
1
51
52
50
54
59
53
55
56
18
2
50
51
52
54
59
53
55
57
66
1
2
50
51
54
57
52
53
55
18
1
50
51
52
54
59
2
53
55
18
1
2
50
51
52
57
54
55
58
18
1
2
51
50
52
54
53
55
56
18
1
50
51
52
54
57
2
53
55
18
1
2
50
51
54
57
52
53
55
18
2
50
51
52
57
59
53
54
55
66
1
2
50
51
52
54
53
55
58
66
1
2
51
52
54
57
53
55
56
66
1
2
51
50
52
54
53
55
56
18
1
2
51
50
52
54
53
55
56
18
1
2
50
52
54
57
51
53
56
18
50
51
52
54
59
61
2
53
55
66
1
2
50
52
54
60
51
56
58
18
2
50
51
52
54
57
53
56
58
66
