0
1
3
6
7
8
9
14
30
31
0
1
3
4
7
8
9
18
20
30
0
1
3
4
6
7
9
12
20
30
0
1
3
4
6
7
9
12
20
30
0
3
4
6
9
12
14
18
20
30
3
5
4
6
7
8
9
12
20
32
0
1
3
4
6
7
12
18
20
30
0
1
4
6
7
8
12
14
9
20
0
1
3
4
6
9
12
14
30
31
0
1
3
7
4
6
12
18
9
20
0
1
3
4
6
7
9
18
20
30
0
3
4
7
6
8
1
9
20
30
0
1
3
4
6
7
9
12
20
30
0
1
3
4
6
7
9
12
20
32
0
1
3
4
6
9
12
18
20
30
0
1
4
6
7
8
9
14
30
33
1
3
4
6
7
8
9
14
30
31
0
1
3
4
6
8
12
14
9
20
0
1
3
6
4
7
9
12
20
31
0
1
3
4
6
7
9
12
20
30
0
1
4
6
7
9
12
14
20
31
0
1
3
6
7
8
4
9
20
30
0
1
3
4
6
7
9
12
20
30
0
3
4
6
7
8
1
9
20
30
0
1
3
4
6
8
9
14
20
31
3
6
4
7
8
9
1
12
20
30
0
3
4
6
7
8
1
12
9
30
0
1
3
6
4
7
9
12
20
31
0
1
3
4
7
8
14
30
6
9
0
1
3
6
4
7
9
14
20
30
0
1
3
4
6
8
9
12
20
30
0
1
3
4
6
7
9
12
20
32
0
1
3
4
6
7
9
12
20
30
0
1
3
4
6
7
9
14
20
30
0
1
3
4
7
8
9
12
20
30
0
3
4
7
6
8
1
9
20
30
0
1
9
14
4
6
12
18
20
30
5
6
3
4
8
9
1
12
20
30
1
3
4
6
7
8
9
12
30
31
3
6
4
9
7
8
1
12
20
30
0
1
3
4
6
7
9
18
30
31
0
1
3
4
6
8
9
12
30
32
0
3
4
6
7
9
1
12
20
30
0
3
6
7
8
9
1
4
20
31
1
3
4
6
7
8
14
18
20
31
0
3
4
6
7
8
1
9
20
30
1
3
4
6
8
9
12
14
20
30
0
1
3
4
6
8
9
12
30
32
0
3
4
6
7
8
12
14
20
31
0
1
3
4
6
7
9
12
30
31
