306
393
436
401
460
335
381
397
412
231
492
57
225
477
485
116
227
313
396
442
459
322
358
317
259
427
204
362
405
497
487
411
427
251
205
325
247
68
266
418
332
107
46
115
175
187
456
458
233
402
133
274
237
206
290
308
25
427
75
364
211
135
301
229
140
268
159
130
357
353
327
446
461
160
287
124
377
367
268
82
421
156
491
202
277
67
489
399
359
20
260
178
322
33
115
444
331
49
188
366
198
119
99
74
369
361
497
170
287
367
57
158
387
299
202
306
266
98
235
444
6
369
123
272
366
188
287
372
192
24
177
236
160
184
92
498
76
377
480
407
388
221
422
432
448
483
226
369
428
69
304
108
368
284
26
209
489
186
217
295
52
83
321
455
33
209
422
151
345
137
220
332
495
61
31
356
69
465
373
308
404
476
193
283
231
62
367
239
357
11
365
240
333
194
200
427
13
181
77
423
440
275
235
390
217
276
284
455
42
208
20
107
393
187
4
131
280
32
428
29
316
71
148
496
466
229
483
411
137
252
216
196
457
185
307
111
299
488
329
54
81
172
159
226
269
300
499
216
6
188
416
121
64
436
202
22
238
176
275
422
444
26
74
171
461
284
32
59
21
20
79
91
325
313
196
246
226
123
11
73
207
166
161
210
44
13
108
496
460
474
204
156
308
379
141
305
290
187
427
93
142
372
301
392
235
7
222
470
124
29
190
330
21
189
387
231
485
321
192
163
161
327
176
337
364
297
357
20
267
374
387
55
59
435
384
275
344
459
421
251
66
281
207
72
466
202
247
220
107
327
321
79
153
157
263
434
421
295
398
270
386
103
229
291
464
41
11
359
196
400
113
370
320
17
356
147
172
107
213
489
177
488
17
416
64
47
146
388
80
426
118
469
218
76
285
260
17
107
247
9
213
125
367
47
395
171
306
223
186
419
64
117
469
129
66
422
102
101
461
454
201
242
281
26
147
419
283
282
15
293
395
480
469
289
265
226
27
19
178
113
42
438
101
300
447
45
289
338
41
121
50
258
440
91
15
103
277
232
420
371
471
14
406
253
358
366
5
339
499
28
180
485
265
96
201
14
325
331
399
496
145
244
70
109
351
462
75
194
483
169
131
286
260
369
347
235
460
33
242
374
