1
2
3
9
10
13
12
15
5
6
9
15
1
13
2
10
0
12
5
6
1
2
9
10
13
15
14
16
5
6
1
2
3
9
10
13
14
15
5
6
1
2
3
9
10
15
12
13
5
6
1
9
3
13
2
10
12
15
6
17
1
9
2
3
10
13
0
12
5
6
2
9
1
13
10
15
0
12
5
6
2
9
1
10
15
17
0
12
5
6
9
10
1
2
13
15
0
12
5
6
1
2
3
9
10
15
0
12
5
6
1
2
3
9
13
15
0
10
5
6
2
9
3
19
10
15
0
12
1
5
1
2
3
9
10
13
0
12
5
17
1
2
9
10
13
15
0
14
5
17
1
2
9
10
13
17
0
12
5
6
1
2
9
10
13
15
0
12
5
17
1
2
9
13
10
15
0
12
5
6
1
2
9
10
13
15
0
14
5
6
1
2
3
9
10
15
0
12
5
6
1
13
3
9
2
10
0
12
6
17
1
9
13
19
2
15
0
10
5
6
2
9
1
3
17
25
0
10
5
6
1
2
3
9
13
17
0
10
5
6
1
2
3
9
10
13
0
12
5
6
1
2
3
9
10
13
12
14
6
20
1
2
3
9
10
13
0
12
5
6
2
9
1
10
13
15
12
14
5
6
1
2
3
10
9
13
0
12
6
17
1
2
3
9
13
15
0
10
6
17
1
2
3
9
10
13
0
12
5
6
1
2
3
9
10
13
12
15
5
6
2
9
3
10
1
13
0
12
5
20
2
9
1
3
10
13
12
14
5
6
1
2
3
9
15
20
0
10
5
6
1
2
3
9
10
13
0
12
5
6
1
9
2
3
10
13
0
12
5
6
1
9
3
10
2
13
12
14
5
6
1
2
9
10
13
15
0
12
5
6
1
9
3
10
2
15
0
12
5
6
1
9
2
3
10
13
0
12
5
6
9
10
1
2
13
15
0
12
5
6
1
2
3
9
13
15
0
10
5
6
1
2
9
10
13
15
0
12
5
6
1
2
3
9
10
13
0
12
5
6
1
9
2
3
15
17
0
10
6
13
1
2
3
9
10
13
0
12
6
20
1
9
2
10
13
15
12
14
5
6
1
2
3
9
10
13
0
12
5
6
1
2
9
10
13
15
0
12
6
17
