227
470
287
89
450
33
218
153
498
474
227
464
99
360
161
395
53
45
416
214
26
226
101
332
40
286
343
189
359
46
467
454
403
329
327
289
474
98
115
387
232
118
317
491
409
33
390
52
478
99
280
423
154
341
243
141
257
277
201
286
256
331
60
251
473
42
258
56
388
451
215
154
367
177
27
410
55
303
116
158
392
273
172
435
397
86
131
470
30
101
307
45
386
433
292
298
5
133
467
25
234
431
433
110
52
106
305
400
215
60
58
365
48
168
206
195
16
181
287
441
431
386
318
304
443
472
164
160
202
442
488
470
104
291
96
178
24
360
92
250
66
331
268
423
284
30
4
496
419
175
425
479
393
114
122
473
193
13
222
234
55
301
311
380
338
434
145
147
240
388
209
23
264
314
127
372
38
103
339
74
408
240
59
237
182
478
431
305
54
329
88
265
323
234
337
251
99
469
314
399
228
79
256
23
134
445
363
318
408
477
273
328
324
124
255
185
350
228
259
305
245
472
27
457
144
170
160
11
318
28
160
304
434
168
317
402
184
85
476
197
117
499
257
486
208
4
49
495
242
169
138
15
41
345
200
227
74
325
333
172
214
165
247
180
238
488
325
121
42
118
116
72
308
127
327
316
234
480
91
110
189
161
270
323
222
310
268
461
130
309
316
244
447
134
300
442
290
64
234
83
255
45
71
61
486
107
365
341
348
48
268
311
230
111
393
190
474
219
292
9
382
33
182
430
394
190
82
324
97
438
483
440
444
339
209
138
173
320
202
321
444
94
248
71
409
492
402
436
131
35
77
34
409
138
180
97
413
52
362
151
102
191
290
148
473
255
453
404
189
68
449
54
445
49
136
259
357
225
192
375
54
33
159
0
306
478
247
53
154
17
471
153
31
278
389
454
497
178
341
439
100
52
66
326
334
14
139
325
374
395
253
422
104
451
438
1
278
466
103
436
380
321
448
112
413
245
176
41
463
282
298
44
339
143
35
337
112
255
133
213
399
462
343
302
316
238
98
82
472
391
94
307
131
441
52
374
93
233
260
446
128
336
261
182
51
485
125
454
17
304
126
6
341
89
131
443
151
444
217
130
409
275
122
434
167
209
164
303
59
432
262
442
13
407
204
136
301
414
117
87
