454
310
85
353
161
496
50
442
425
229
357
66
194
227
120
360
285
421
161
267
403
425
167
226
334
418
318
298
479
53
349
224
498
36
244
209
493
481
352
313
481
254
329
248
425
323
462
309
99
170
26
407
180
257
1
150
110
457
441
126
443
210
10
407
316
411
121
78
228
494
333
165
202
484
120
217
76
410
487
136
181
245
426
166
489
139
314
64
81
409
295
346
40
498
211
195
113
283
239
229
246
95
237
428
76
314
91
213
387
359
460
285
48
283
101
450
411
93
105
76
391
434
93
445
379
120
109
5
244
480
59
64
168
205
457
273
55
380
188
384
149
119
213
111
202
226
405
329
479
125
307
478
466
239
343
486
142
471
192
68
455
394
321
187
236
362
443
442
386
336
393
248
421
241
87
411
64
395
401
271
262
120
272
63
492
441
472
423
65
111
377
462
491
261
68
267
319
96
188
498
149
11
190
403
134
228
268
406
424
229
358
64
245
347
40
228
361
302
362
282
450
86
280
287
367
475
312
164
205
277
91
400
220
481
149
372
497
479
2
86
497
21
214
27
266
196
66
216
499
324
158
225
108
324
211
7
484
109
153
69
493
131
457
426
221
296
326
367
403
127
280
146
210
140
215
285
227
401
470
53
465
216
82
243
128
147
171
233
49
387
296
116
107
282
462
333
374
258
76
196
133
124
200
375
96
346
406
83
456
299
353
458
493
432
191
396
404
219
350
220
323
219
136
388
305
344
442
429
107
20
386
173
113
201
122
158
180
126
35
205
213
30
121
222
175
233
468
24
93
476
275
197
328
97
321
181
395
472
83
418
427
355
437
334
212
11
346
219
231
147
188
456
488
41
40
121
93
83
323
400
302
44
404
25
366
48
193
301
376
103
242
188
270
138
492
131
350
12
216
172
284
470
198
185
26
254
154
50
134
242
247
6
53
41
1
190
361
58
133
43
444
168
196
453
62
363
471
80
186
106
347
97
44
495
448
475
279
384
488
3
133
404
104
23
195
321
457
182
5
226
175
172
181
356
111
76
308
395
329
73
213
451
138
322
187
169
174
60
150
20
171
113
292
386
27
436
441
323
308
207
41
398
84
324
232
421
483
460
264
497
470
401
215
9
451
171
489
259
374
349
