0
1
3
4
2
6
5
8
7
9
0
1
3
4
2
5
7
8
6
9
1
2
0
4
3
5
6
8
10
13
0
1
4
5
2
3
7
8
6
9
0
1
3
4
2
5
6
7
8
9
0
1
3
4
5
7
6
8
2
9
0
2
1
3
5
6
4
7
9
10
1
2
0
3
5
6
4
8
7
9
0
1
3
4
2
5
7
8
6
9
0
3
1
5
2
4
6
8
7
9
2
5
0
1
4
6
3
7
8
9
0
1
3
4
2
5
6
7
9
10
0
1
3
5
2
4
6
7
8
10
1
2
0
3
4
5
7
9
6
10
0
1
3
4
2
6
5
8
7
9
0
2
4
5
3
6
1
7
10
12
2
3
1
4
0
5
7
8
6
9
1
2
0
4
3
5
7
9
6
8
0
1
3
4
5
6
2
7
8
10
0
2
1
3
4
6
5
7
8
13
0
2
1
3
4
5
6
7
8
9
0
1
3
4
5
6
2
7
8
9
0
1
3
4
2
7
5
6
8
9
0
2
1
3
5
7
6
8
4
12
0
1
3
4
2
5
6
7
8
9
0
1
3
5
4
9
2
6
8
10
2
3
1
4
0
5
6
7
8
9
0
1
3
5
2
4
6
7
9
10
0
1
3
4
2
7
5
9
8
10
2
3
0
1
4
6
5
7
8
9
1
2
0
3
4
5
7
8
9
12
0
1
3
4
2
5
6
8
7
9
2
3
0
1
5
6
4
7
8
9
0
1
3
4
2
5
6
7
8
9
1
3
0
4
2
5
6
7
8
9
0
1
3
4
2
6
5
7
8
9
0
1
3
4
2
6
5
7
8
9
0
1
3
4
2
5
6
7
8
10
0
1
3
4
2
5
9
10
6
7
1
2
0
4
3
5
6
7
8
12
0
1
3
5
4
6
2
8
7
9
0
1
3
6
4
5
2
8
7
9
1
2
0
3
4
7
8
9
5
6
0
1
3
4
2
5
6
7
8
12
0
1
3
4
2
5
6
7
8
9
1
2
0
3
4
5
7
8
6
9
0
1
4
5
2
6
3
7
8
9
0
1
4
5
3
6
7
8
2
9
1
2
0
4
3
5
6
7
8
9
2
3
0
1
4
5
6
7
8
9
