373
161
476
233
308
335
2
10
351
110
298
178
162
197
429
22
293
450
296
406
466
6
413
343
119
350
41
125
470
410
289
334
384
434
161
109
341
154
267
100
54
453
439
199
166
39
441
9
347
368
254
84
455
403
30
207
15
233
230
305
308
40
18
333
386
370
213
60
82
254
233
33
162
419
139
420
406
106
392
413
383
272
238
221
292
134
179
97
210
346
319
385
304
26
406
189
159
27
260
112
383
188
223
143
271
65
137
235
52
243
487
213
30
442
358
65
215
221
266
421
248
246
178
372
465
91
68
249
345
240
455
296
185
305
46
278
195
340
436
93
182
302
360
259
197
495
262
453
392
154
316
409
35
286
380
110
348
448
433
90
379
175
80
90
335
59
125
169
149
196
425
379
283
163
408
123
312
198
365
443
385
256
315
167
377
128
11
360
94
291
181
246
174
16
326
276
149
480
146
152
429
6
282
259
495
233
293
214
164
329
230
256
86
326
17
2
153
229
149
220
99
203
481
373
186
397
349
122
297
162
197
157
191
102
107
24
319
239
336
376
83
99
71
61
247
82
260
96
115
209
487
6
109
350
115
289
360
413
302
91
456
191
155
324
444
366
349
104
188
198
325
231
217
18
195
175
37
302
29
498
349
435
253
156
389
124
461
275
328
486
92
413
386
428
277
288
25
155
284
310
132
32
90
440
81
460
86
169
467
28
194
493
466
267
144
222
486
203
177
180
263
396
130
249
447
482
186
62
464
494
21
301
410
23
441
481
51
203
181
182
224
253
154
454
465
52
199
387
473
104
302
306
2
116
470
193
418
72
220
351
299
199
63
332
169
271
245
363
497
396
348
271
413
430
135
171
290
326
192
35
42
71
373
445
160
22
268
499
107
247
127
482
187
497
498
65
62
354
273
188
277
127
479
413
495
245
392
192
322
481
490
253
143
191
121
110
7
428
459
41
480
337
39
75
433
453
322
308
421
485
182
243
235
168
53
462
260
331
327
60
6
464
152
295
160
378
65
110
201
235
222
64
367
56
361
45
211
362
173
321
81
320
259
232
154
222
297
225
16
362
161
382
189
333
430
243
342
240
191
119
382
141
107
307
109
179
278
42
443
434
373
16
288
25
137
467
392
144
256
400
