64
269
313
373
128
162
53
477
23
214
416
73
224
462
387
170
234
240
87
146
276
217
451
177
105
353
69
9
223
396
363
439
5
88
70
87
223
124
277
112
223
168
93
136
258
351
25
199
169
14
102
434
323
190
92
380
0
333
62
373
418
147
264
377
126
170
31
4
486
172
287
499
124
229
258
241
320
18
54
110
49
55
414
13
364
405
102
419
145
223
131
404
197
283
281
120
241
299
316
453
179
195
222
469
496
437
247
453
163
129
493
32
238
123
418
235
458
432
357
329
182
142
112
27
390
408
267
144
389
119
402
0
485
277
136
352
131
348
150
430
152
20
125
396
374
265
267
43
92
184
46
416
34
145
368
182
461
250
159
154
408
169
320
339
483
456
81
366
263
247
245
438
129
75
373
3
88
115
246
401
313
67
294
400
126
396
105
470
471
116
382
456
410
53
62
239
272
44
444
128
497
390
261
434
270
435
44
460
55
243
96
183
297
358
127
17
284
120
87
190
312
237
323
489
25
476
429
396
420
27
290
456
45
221
226
336
13
295
326
165
454
293
4
351
317
338
23
144
12
365
86
395
104
234
169
408
439
43
88
434
12
467
200
352
260
195
46
403
427
159
115
392
38
67
84
224
213
287
475
314
153
171
421
214
202
136
92
51
387
256
479
185
457
156
293
323
164
59
76
403
358
11
373
192
328
191
194
43
73
307
12
220
145
325
85
372
133
459
386
416
238
368
89
245
318
450
46
352
373
298
463
279
71
278
353
380
320
9
240
448
119
137
437
413
240
398
461
349
60
384
471
483
169
68
119
380
17
301
12
182
85
101
80
381
76
345
190
20
107
106
399
420
5
228
397
468
404
375
81
345
57
154
364
273
362
176
294
93
39
475
378
356
454
59
123
459
431
442
216
471
168
431
293
412
398
439
411
77
347
393
468
401
181
41
380
318
363
173
349
335
215
232
60
49
207
399
91
313
201
205
62
260
149
268
72
340
442
413
344
28
115
17
208
353
196
227
222
139
150
31
353
1
136
422
143
400
338
124
133
109
137
301
302
308
421
376
485
161
342
395
258
280
63
213
88
295
48
132
399
5
369
428
132
52
283
103
153
206
263
257
139
406
309
398
69
267
7
277
427
100
