6
12
7
14
24
25
8
9
1
52
6
12
7
49
51
26
8
9
1
24
6
12
7
14
24
25
8
9
1
47
6
24
7
14
25
26
8
9
1
52
6
12
49
7
51
25
8
9
1
52
6
12
49
24
51
26
29
9
1
47
6
12
49
14
24
25
8
9
1
47
6
24
49
7
25
51
8
9
1
52
6
24
7
14
25
51
8
29
1
52
6
12
7
14
24
51
8
9
52
47
6
12
7
14
24
25
8
9
1
52
24
12
6
7
25
26
8
9
1
47
6
12
7
49
24
25
8
9
1
52
6
12
7
49
24
25
8
9
1
47
6
12
49
14
24
25
29
9
1
47
6
12
49
7
24
25
8
29
1
52
6
12
7
14
24
25
8
9
1
47
6
12
7
14
24
25
8
9
1
52
24
12
6
7
51
26
29
9
1
47
6
12
49
14
24
25
29
9
1
52
6
24
7
14
25
26
8
9
1
47
6
12
7
14
24
51
8
9
1
47
6
12
49
7
24
51
8
9
52
50
6
24
7
14
51
26
8
29
1
52
6
24
49
7
25
26
8
29
1
52
24
12
6
7
51
26
29
23
1
52
24
12
49
7
51
25
8
9
1
6
6
12
7
14
24
25
8
9
1
47
6
12
7
14
24
25
8
9
1
47
6
12
49
7
24
25
8
9
1
47
6
24
7
14
25
51
8
9
1
47
6
12
7
14
51
26
8
29
1
52
6
24
7
14
25
26
8
29
1
52
6
24
7
14
25
26
8
29
1
47
6
12
7
14
24
25
8
9
52
47
6
12
49
7
24
25
8
9
52
47
6
12
7
14
51
25
8
9
1
24
6
12
7
14
24
51
8
29
52
47
24
12
6
49
51
25
29
9
1
52
6
12
7
14
24
25
8
9
1
47
24
23
6
7
25
26
8
9
1
47
6
12
49
48
24
51
8
9
52
47
6
12
7
49
24
25
8
9
1
52
24
23
6
7
51
26
8
9
1
52
24
12
6
7
51
26
8
9
1
52
24
12
49
7
51
28
8
9
1
6
6
12
7
14
24
25
8
9
1
47
6
12
49
24
25
26
29
27
1
47
6
12
7
14
51
25
8
9
52
24
24
12
6
7
25
26
8
9
1
52
