2
5
3
6
4
7
10
13
1
8
2
4
5
10
6
7
3
9
8
40
2
4
3
5
6
7
10
11
1
8
2
4
3
5
6
7
9
10
1
8
2
4
3
5
6
8
9
10
1
7
2
4
3
5
6
7
9
10
1
8
2
4
3
5
6
7
9
10
1
38
2
4
3
5
6
7
9
10
8
38
2
4
3
5
6
8
9
10
1
7
4
5
3
6
7
8
2
9
1
38
5
6
2
3
4
8
7
9
1
40
2
4
5
6
3
7
9
10
1
8
4
6
2
3
5
7
10
11
1
8
2
4
3
5
6
8
7
9
1
38
2
4
5
6
3
7
9
12
1
8
4
5
2
6
3
7
9
11
8
38
2
4
3
5
6
7
10
11
1
8
2
4
3
5
7
8
6
9
1
38
2
4
3
5
7
10
6
9
8
38
4
5
2
3
6
7
9
13
38
40
2
4
3
5
7
9
6
10
8
38
2
4
3
5
6
7
12
13
1
8
2
4
3
5
6
8
9
10
38
40
2
4
3
5
6
7
9
10
1
8
2
4
3
5
6
8
7
9
1
38
2
4
3
7
5
8
6
9
1
38
2
4
3
5
7
9
6
10
38
40
2
4
7
8
3
6
5
9
42
46
2
4
5
6
3
7
9
10
1
38
2
5
4
6
7
8
3
9
1
38
2
4
3
5
7
9
6
12
1
8
2
4
3
5
6
7
9
11
8
38
2
4
6
8
3
5
10
12
1
38
2
4
3
5
6
7
9
10
1
38
5
6
2
3
7
8
4
9
1
40
2
4
3
5
6
7
9
10
1
8
2
4
6
7
3
5
9
10
1
8
2
4
5
6
3
7
9
10
8
38
2
4
3
6
5
7
9
10
8
38
2
4
5
7
6
8
10
11
1
3
4
5
3
6
7
8
2
9
1
38
2
4
3
6
5
7
9
10
1
8
2
4
3
5
6
7
9
10
1
40
4
5
2
3
6
7
9
11
1
8
2
4
3
6
5
7
9
10
1
8
4
5
2
3
6
7
10
11
1
9
2
4
3
5
6
7
9
11
1
8
2
4
3
5
6
7
9
11
1
8
7
8
2
4
5
9
3
6
1
38
2
4
3
5
8
9
6
7
1
38
