8
19
2
3
1
4
6
11
21
23
2
6
3
8
1
4
11
19
21
23
2
6
3
8
4
22
11
19
21
27
2
8
3
4
22
23
11
24
6
21
6
19
2
8
4
22
11
24
21
23
2
6
3
4
1
22
11
19
21
23
2
6
3
4
22
23
11
19
21
24
2
8
4
6
1
22
11
19
21
23
2
6
3
4
22
23
11
28
24
25
2
19
3
4
22
23
6
11
24
25
2
6
3
8
1
22
11
19
4
21
6
8
2
3
1
4
23
24
25
28
6
8
2
3
1
4
11
22
21
23
6
8
3
4
22
23
2
11
21
24
2
6
3
4
1
22
11
19
21
23
2
8
3
4
23
24
6
11
21
25
6
19
2
3
1
4
11
22
21
23
2
6
4
8
1
22
11
23
21
24
2
6
3
4
1
23
11
19
21
24
2
19
3
4
1
22
6
23
21
24
2
6
3
4
1
22
11
19
21
23
2
6
3
4
1
22
11
19
21
23
2
6
3
4
22
23
19
24
21
25
2
8
3
6
1
4
11
19
21
23
2
6
3
4
1
22
11
19
21
23
6
8
2
4
1
22
11
19
21
23
2
6
8
22
1
4
19
23
21
24
2
6
3
4
1
22
11
19
21
23
2
6
4
8
1
23
11
19
21
25
2
6
4
8
1
22
11
19
23
24
2
6
4
8
22
24
11
19
21
23
2
6
3
4
1
22
11
19
21
23
2
6
3
4
1
22
11
19
23
25
2
6
8
21
23
26
11
19
4
24
6
8
2
3
1
4
11
19
21
23
2
8
3
4
1
23
11
19
21
24
6
8
2
3
1
4
11
19
21
23
2
6
3
4
1
24
11
19
23
25
2
8
3
4
1
22
6
11
25
27
2
6
3
4
1
23
11
19
21
25
2
6
3
8
1
4
11
19
21
23
6
8
4
21
1
24
2
11
23
25
2
6
3
4
1
22
11
19
24
25
2
6
3
4
1
22
11
19
21
23
2
6
3
8
1
4
11
19
21
23
6
8
2
3
4
23
11
19
21
24
2
6
3
4
22
24
11
19
21
23
2
6
4
8
1
22
11
19
21
23
8
19
4
6
1
23
2
11
21
24
6
8
2
3
1
4
19
22
23
24
