299
266
388
108
450
193
401
468
235
246
183
349
96
386
177
328
231
389
276
499
142
348
459
131
468
194
481
105
1
148
149
25
354
106
107
191
223
46
84
393
221
332
477
434
159
393
151
288
26
179
43
93
326
450
78
109
49
108
308
42
99
192
323
180
7
49
489
53
87
310
377
127
42
145
44
235
202
12
496
267
153
459
8
447
361
47
239
396
434
296
451
347
318
290
104
265
203
106
246
61
91
398
288
401
228
257
497
172
376
158
123
314
155
221
32
8
368
297
460
216
457
102
428
472
267
490
155
152
309
262
364
39
372
250
407
324
429
212
234
113
48
384
73
336
152
113
399
150
496
398
423
51
70
484
307
89
374
481
171
194
45
185
208
120
497
277
454
91
28
250
247
241
28
460
31
15
478
353
464
401
461
264
417
346
182
215
197
84
221
419
32
346
426
479
285
45
454
309
6
314
256
324
257
37
38
354
385
420
397
469
12
459
85
197
219
210
94
322
73
174
108
32
1
283
49
381
463
84
369
275
216
397
240
122
150
466
7
411
225
72
356
325
39
395
221
210
368
335
278
16
94
262
317
216
244
25
415
267
494
195
58
165
51
236
279
87
377
15
77
137
343
290
331
467
246
314
131
235
477
259
295
48
458
275
5
59
493
200
192
373
342
432
262
65
323
347
384
476
299
408
110
85
392
360
311
13
474
232
346
395
333
482
174
13
431
73
48
192
381
372
205
392
419
182
30
354
260
167
342
455
140
369
476
275
316
33
435
9
342
454
492
255
150
194
235
30
258
376
111
380
132
436
400
198
335
12
348
199
405
130
64
19
96
212
456
194
387
237
269
186
228
493
107
247
461
44
448
169
268
91
393
349
375
408
114
13
179
68
28
102
165
433
183
412
122
78
464
25
230
92
106
3
78
185
424
46
246
372
116
439
314
352
87
50
209
101
445
34
291
373
341
181
349
406
413
18
269
353
356
345
358
121
109
374
30
145
125
348
382
290
60
284
1
476
235
47
120
371
332
169
114
14
293
316
431
259
287
433
465
296
118
211
472
42
296
162
318
119
353
346
214
90
135
88
95
16
349
452
42
33
401
448
90
86
351
373
204
167
135
184
175
360
456
474
410
358
171
219
44
470
