10
21
50
8
45
56
64
53
19
15
64
3
61
65
98
81
93
33
11
51
77
28
31
27
37
59
62
58
67
50
56
1
58
39
4
35
44
72
1
28
97
64
92
38
1
9
5
18
85
59
69
25
59
47
0
87
81
59
12
69
38
81
53
41
73
16
47
59
50
91
96
48
58
4
30
70
66
44
35
0
31
61
45
6
41
37
53
94
0
86
11
56
20
6
72
32
75
26
14
85
1
28
47
46
94
35
52
29
53
30
50
43
48
30
14
81
3
44
13
40
45
68
16
10
43
36
81
53
83
60
88
28
62
42
66
94
3
76
48
51
80
66
50
55
83
86
2
64
32
26
49
97
56
64
93
29
46
6
71
82
67
97
1
12
54
97
68
58
93
18
35
28
58
7
21
86
56
19
26
54
66
57
60
50
89
4
99
32
61
82
15
10
40
52
6
71
24
62
31
92
30
45
70
9
90
77
73
69
61
48
46
13
45
50
80
62
46
36
34
88
30
40
88
76
61
13
32
65
95
69
13
70
31
12
36
88
64
6
77
56
96
74
80
22
2
9
18
64
31
77
