3
7
4
5
1
3
6
4
5
1
3
6
10
11
1
3
6
5
9
11
3
6
4
5
1
3
6
4
5
9
3
6
4
5
9
3
6
5
10
1
6
9
4
5
1
6
9
4
5
1
7
11
4
5
9
3
7
4
5
1
3
6
4
5
1
3
6
4
5
1
9
10
4
5
1
6
7
4
5
1
7
9
4
11
1
3
6
5
9
1
3
6
4
5
1
3
6
4
5
1
3
7
4
5
1
3
6
4
5
1
3
9
4
5
1
3
6
4
5
1
3
6
4
5
1
3
6
4
10
1
3
6
5
9
1
3
6
4
5
1
3
6
4
9
5
3
6
4
5
1
6
7
4
5
11
3
6
4
5
1
3
6
4
9
1
3
9
4
5
1
3
7
4
5
1
3
9
4
10
1
3
6
5
9
1
3
6
4
5
10
3
7
4
5
9
3
7
5
10
1
3
6
4
5
1
3
6
5
9
1
3
6
4
5
1
3
6
5
10
1
3
6
4
5
1
3
6
4
5
9
3
9
4
5
11
3
6
4
5
9
3
6
4
9
1
3
6
4
5
1
