2
3
30
18
0
2
3
5
18
0
2
3
5
18
4
2
3
5
18
0
2
18
5
30
9
2
3
5
18
0
2
3
5
18
4
2
3
30
18
0
2
3
30
18
5
2
3
5
18
0
2
3
5
18
0
2
3
30
18
0
2
18
5
19
0
2
3
5
18
0
2
3
5
18
0
18
3
5
19
2
2
3
30
18
0
2
3
30
19
0
2
3
5
30
0
2
3
5
18
0
2
18
30
22
0
2
3
30
18
0
2
3
5
18
0
2
3
5
18
0
2
18
30
19
0
2
3
5
18
0
2
3
5
18
0
2
3
5
18
0
2
3
5
18
0
18
3
5
19
0
2
3
5
18
0
2
18
5
30
0
18
3
5
30
0
2
3
30
18
0
2
18
5
30
0
2
3
5
18
0
2
3
5
18
0
18
16
5
30
0
2
18
5
19
0
18
3
5
19
0
2
3
5
18
0
2
18
5
19
0
18
7
30
19
0
2
18
5
30
4
2
18
5
19
0
2
3
5
18
0
18
3
5
19
0
2
3
5
18
0
2
3
5
18
0
2
3
5
18
4
