6
18
54
10
5
19
20
17
84
9
6
18
54
10
5
7
20
17
84
9
6
18
54
10
5
7
20
17
9
84
18
10
6
54
5
7
20
17
84
9
6
18
54
10
5
7
20
19
84
9
6
18
54
19
5
20
17
21
9
84
6
18
10
54
20
21
17
19
84
9
6
18
54
10
5
7
20
19
84
21
6
18
54
10
5
7
20
17
84
9
6
18
54
10
5
7
20
17
84
9
6
18
54
10
5
20
19
21
84
9
6
18
54
10
5
7
20
17
84
21
6
18
54
19
5
7
20
21
84
9
6
18
54
10
5
7
20
17
84
9
18
10
6
54
5
7
20
17
84
9
6
18
54
10
5
7
20
17
84
9
6
18
54
19
7
20
17
21
84
9
6
18
54
10
5
7
20
17
84
9
6
18
54
10
5
7
20
17
84
9
6
18
54
19
5
7
20
17
84
9
6
18
54
10
5
7
20
17
84
9
18
10
6
54
5
7
20
17
84
22
6
18
54
10
5
7
20
17
84
9
6
18
54
19
20
21
17
22
84
9
6
18
54
19
20
24
17
21
84
9
6
18
54
10
5
7
20
17
84
9
6
18
54
10
5
7
17
20
84
9
6
18
54
10
5
19
20
17
84
21
6
18
54
10
7
20
17
21
84
9
6
18
54
10
5
7
20
17
84
9
6
18
54
10
5
7
20
19
84
21
6
18
54
10
7
19
20
17
84
9
6
18
54
19
5
7
20
22
9
84
6
18
10
54
7
19
20
17
9
84
6
18
54
19
5
7
20
17
84
9
18
10
6
54
5
7
20
21
84
9
6
18
54
10
5
7
20
17
84
9
6
18
54
10
5
7
20
19
84
9
18
10
6
54
5
19
17
20
84
9
6
18
10
54
5
7
20
17
84
9
18
10
6
54
5
7
20
17
84
9
18
10
54
19
5
6
20
17
84
9
6
18
54
10
5
7
20
19
84
21
6
18
54
10
5
7
20
19
84
23
6
18
54
10
7
19
20
17
84
9
6
18
54
10
5
21
20
17
84
9
6
18
54
10
5
7
20
17
84
21
6
18
10
54
5
7
17
20
84
9
6
18
54
19
5
7
20
22
84
21
18
10
6
54
5
7
20
17
84
21
