390
178
302
298
453
64
141
387
168
128
98
275
460
63
399
468
149
407
253
52
191
277
330
302
288
395
351
237
169
256
217
312
215
29
263
168
3
444
218
407
36
190
358
478
207
414
28
214
402
348
31
431
387
430
466
385
374
487
453
482
214
35
260
383
100
471
9
170
427
348
91
392
200
326
323
238
63
207
453
382
296
15
87
353
31
362
254
152
232
464
21
261
440
366
426
230
0
89
355
262
41
77
123
98
404
72
148
231
159
463
402
21
80
236
359
154
283
206
267
319
297
462
26
417
295
407
183
191
345
306
128
486
307
394
25
362
476
164
457
419
342
264
166
134
387
156
453
110
81
326
369
126
166
389
62
335
171
128
405
124
378
270
43
412
291
424
335
300
294
197
404
322
152
403
122
434
3
405
154
412
43
342
432
394
51
451
213
422
276
99
444
277
422
71
32
497
142
199
276
74
454
256
419
247
143
13
441
359
341
432
234
395
280
154
81
198
346
251
186
471
299
33
305
45
219
289
474
9
169
263
490
198
66
102
206
5
359
394
191
279
93
59
234
84
204
31
99
250
241
66
224
364
16
58
336
261
104
319
92
495
486
142
294
247
349
419
61
115
9
172
10
55
330
80
395
459
381
216
441
159
430
220
242
343
413
373
195
433
104
200
449
276
40
140
498
45
457
326
15
195
138
488
440
451
19
207
249
378
492
255
450
363
224
323
121
273
334
340
488
228
82
231
31
219
286
215
353
325
137
239
440
417
106
302
208
462
427
491
35
184
281
67
203
394
268
236
86
105
139
444
289
328
363
113
6
450
338
347
67
47
60
42
164
232
169
366
71
64
348
475
172
376
455
22
88
36
190
366
131
103
101
219
98
365
323
324
85
207
312
351
251
181
361
211
379
200
436
394
457
158
26
416
306
451
72
366
498
437
36
245
136
125
416
408
442
5
379
157
470
164
208
36
109
190
83
16
143
273
287
466
293
153
389
250
231
378
171
442
475
280
53
370
169
68
331
21
27
47
205
383
32
432
499
474
413
115
391
383
444
356
129
206
193
105
174
250
490
487
462
173
45
355
198
283
199
468
201
170
334
472
45
29
187
135
409
350
478
231
281
472
386
87
443
434
143
467
127
447
465
53
