2
7
1
3
5
28
17
18
16
29
2
28
1
17
5
30
18
19
6
16
2
7
1
3
5
28
15
17
6
29
2
22
1
17
5
28
15
18
30
46
2
7
1
3
5
28
15
17
6
16
2
7
3
17
1
5
15
19
6
16
7
22
2
3
1
5
15
17
6
16
22
28
2
3
1
5
15
20
6
16
7
22
2
3
1
5
17
19
6
16
7
22
1
2
5
28
15
17
6
30
2
7
1
17
28
43
15
18
5
6
2
7
1
3
28
30
15
18
5
6
2
22
1
3
5
28
15
17
6
29
2
7
3
17
1
28
15
18
5
6
2
7
1
3
5
28
15
18
6
16
2
7
1
17
28
30
15
18
29
46
2
7
1
3
5
28
15
17
16
29
2
7
1
3
5
28
15
17
16
29
2
7
1
3
5
28
17
18
6
16
2
7
1
3
5
30
15
18
6
16
2
7
1
3
5
30
18
19
6
16
2
7
37
45
1
5
17
19
6
16
2
7
1
3
5
28
15
17
6
16
2
7
1
3
5
30
15
20
28
29
2
22
1
3
5
28
18
19
16
29
2
7
1
3
5
28
15
17
6
16
2
7
1
3
5
28
15
17
6
16
2
7
1
3
5
28
15
17
6
16
2
7
3
17
1
28
15
18
5
6
2
7
1
17
5
28
15
19
29
52
2
7
1
3
5
28
18
19
6
29
2
7
1
3
5
28
15
17
6
16
7
22
1
2
5
28
15
18
46
52
2
7
1
3
5
28
15
18
29
46
2
22
1
3
5
28
17
18
6
16
7
22
1
2
5
28
15
17
6
16
2
28
1
17
5
30
15
18
16
29
2
7
1
3
5
28
15
17
16
29
2
7
1
3
5
28
15
17
6
16
2
7
1
3
5
30
15
17
6
28
2
7
1
3
5
28
15
17
6
16
2
7
3
17
5
30
15
18
6
16
2
7
1
3
5
28
15
17
29
52
2
7
3
17
1
28
15
18
5
6
2
7
17
37
5
28
15
19
6
29
2
7
1
17
5
28
15
19
6
16
7
22
1
3
5
46
15
17
6
16
2
7
1
3
5
30
15
17
29
46
2
22
1
17
43
46
15
18
5
6
2
7
3
17
1
28
15
19
5
6
