4
9
1
2
5
13
12
17
0
10
1
4
2
12
9
11
5
24
0
14
1
4
2
12
5
9
11
13
10
14
1
4
2
12
5
9
11
17
0
10
1
9
2
4
5
11
12
16
0
10
1
4
2
12
5
9
11
13
10
14
1
4
2
12
5
9
16
30
10
14
4
9
12
14
1
5
11
13
0
2
1
4
2
14
5
9
11
13
0
10
1
4
2
14
5
9
11
12
0
10
1
4
2
12
5
9
11
13
0
10
1
9
2
4
5
11
12
13
0
10
1
4
2
12
5
9
13
16
10
15
1
12
4
14
5
9
13
16
0
2
1
4
12
15
5
9
11
16
0
2
1
4
2
12
5
9
11
16
0
10
1
12
2
4
5
11
13
16
9
14
1
4
2
12
5
9
11
13
10
15
4
9
1
2
5
11
12
13
0
10
4
9
1
2
5
11
16
17
10
12
4
9
1
2
5
11
12
13
0
10
1
4
2
15
5
11
13
17
0
9
1
4
2
12
13
16
5
11
0
9
1
4
2
12
5
9
11
13
0
10
4
9
1
2
5
13
11
24
0
10
1
4
2
14
5
9
11
12
0
10
1
4
14
15
5
9
11
13
0
2
1
9
4
15
11
13
5
12
2
10
1
9
4
12
11
14
5
13
0
2
1
4
2
12
5
9
11
16
10
14
1
4
2
12
9
11
5
13
0
10
4
9
2
12
1
5
11
13
0
10
1
4
2
15
5
9
11
16
10
12
1
4
2
14
5
11
12
16
0
10
1
4
12
14
5
9
11
13
0
2
1
4
2
14
5
9
11
13
0
10
1
4
15
18
5
11
12
13
0
2
1
4
2
12
5
11
13
16
0
9
1
4
12
14
9
11
5
13
2
15
1
12
2
4
5
9
11
13
0
10
1
4
2
12
9
11
5
16
0
14
1
4
2
12
5
9
11
13
0
14
1
4
2
12
5
11
13
16
0
9
1
4
2
12
5
9
11
13
0
10
1
4
14
16
5
9
11
12
0
10
4
9
1
2
5
13
11
12
0
10
1
4
2
12
5
11
13
16
0
9
1
4
2
16
5
11
17
24
0
9
1
4
12
15
5
9
13
16
0
2
1
4
2
12
5
9
13
16
0
10
