307
202
356
27
201
265
379
268
277
91
381
366
173
218
490
199
122
413
85
65
319
215
165
35
246
41
218
195
265
428
262
342
37
418
470
336
155
422
345
248
83
441
437
470
258
297
146
37
366
281
156
110
164
474
160
65
144
100
436
303
54
55
85
270
70
240
183
386
196
20
140
349
393
226
223
145
131
98
495
249
21
53
422
234
428
97
115
314
205
251
131
273
151
378
421
399
340
355
427
428
488
148
114
12
481
312
282
19
115
306
18
448
392
82
203
232
85
372
327
231
282
160
351
94
352
140
381
95
127
58
311
454
95
34
346
133
98
498
453
390
73
85
188
330
473
171
276
52
294
375
169
353
147
121
52
58
205
290
241
446
253
123
54
213
492
23
96
207
225
319
152
383
257
99
134
492
170
91
340
173
89
301
168
137
206
118
166
161
334
399
141
242
474
199
266
416
194
423
158
339
484
406
151
307
292
143
371
204
102
174
135
233
422
253
66
378
377
358
410
49
415
23
67
208
62
10
187
382
137
147
368
195
134
320
157
273
272
362
436
85
149
181
272
381
42
168
233
5
229
312
227
414
286
155
15
381
404
290
249
397
208
18
277
113
441
253
430
469
79
176
331
277
491
313
118
369
317
361
147
366
128
26
110
142
89
293
453
102
419
451
323
0
333
438
416
408
241
301
244
81
74
362
29
291
459
153
106
279
177
490
265
275
10
315
212
462
383
308
343
184
457
140
260
37
381
481
425
391
213
229
9
408
483
216
434
425
199
379
286
85
136
372
211
248
400
81
243
173
345
378
278
94
58
155
152
434
108
117
330
227
292
334
438
337
178
401
57
142
322
448
397
295
322
103
278
356
40
320
230
326
203
14
95
158
190
320
131
391
415
343
206
193
247
371
322
260
411
442
353
66
289
404
394
439
426
399
149
109
330
104
8
382
190
215
138
101
91
495
400
389
341
191
425
65
73
108
140
25
337
259
475
315
474
58
5
105
447
100
189
276
339
39
207
211
122
498
279
196
135
129
229
273
67
299
490
50
277
7
292
160
165
187
126
262
451
378
49
362
75
129
160
479
288
142
329
207
26
17
29
63
173
238
451
67
355
499
202
104
470
35
450
345
162
375
203
418
102
347
141
234
