2
4
1
8
17
1
2
8
16
17
0
1
8
10
20
1
4
2
8
17
0
2
1
8
19
0
1
2
8
19
0
1
2
8
17
0
1
2
9
17
0
1
2
9
20
0
1
2
8
19
1
4
2
9
17
0
4
2
9
17
0
1
2
8
17
0
1
8
9
20
1
2
8
9
17
1
2
8
9
17
0
1
2
8
17
0
1
2
9
17
0
2
1
8
17
0
2
1
8
19
1
2
9
10
17
2
4
1
8
17
1
2
8
9
19
0
1
2
9
17
0
2
1
8
17
0
1
2
8
17
1
2
9
10
17
0
2
1
8
17
1
4
9
10
17
1
4
2
9
17
0
1
8
16
17
0
1
2
8
20
0
1
8
9
17
0
1
2
8
17
2
4
1
8
17
0
2
8
9
20
0
2
1
8
17
0
1
2
8
17
0
1
2
9
17
1
4
2
8
19
0
1
2
8
19
0
1
2
10
17
0
5
1
2
17
0
1
2
8
17
0
1
9
10
17
2
4
1
10
17
0
1
8
9
20
0
1
2
8
19
0
1
2
8
17
1
2
8
9
17
