4
5
1
3
2
4
5
1
2
6
4
5
1
2
6
5
9
1
2
6
5
8
1
6
2
4
5
1
3
2
4
5
3
7
1
5
7
2
3
1
5
9
1
2
6
7
8
1
2
6
4
5
1
2
6
4
5
1
2
7
4
5
1
2
6
4
5
1
2
6
7
8
1
2
6
4
5
1
3
6
4
5
2
3
1
4
5
2
3
1
4
5
2
3
1
4
5
2
3
1
5
7
1
2
6
4
5
1
2
6
4
5
2
3
1
4
5
1
2
7
4
7
1
2
6
4
7
1
3
2
5
7
2
3
8
4
5
1
2
6
4
5
1
6
2
4
5
1
6
2
4
9
1
2
6
4
5
1
2
6
4
7
1
2
6
4
5
1
2
6
4
5
1
2
7
5
8
1
2
9
4
5
1
2
6
5
7
1
2
6
4
5
1
2
6
5
7
1
2
6
4
5
1
2
8
5
8
1
2
6
4
5
1
2
7
4
5
1
2
6
4
5
1
3
2
4
5
1
2
6
4
5
2
6
8
7
8
1
2
6
5
7
2
3
1
4
5
1
3
2
