1
2
14
16
25
1
2
16
18
4
1
2
14
16
4
1
2
16
20
4
2
4
14
16
1
1
2
14
18
26
1
2
14
20
4
1
2
14
16
4
1
2
14
16
4
1
3
14
16
2
1
2
14
16
4
1
2
16
18
4
1
2
14
16
4
2
4
14
16
1
1
2
14
16
4
1
2
14
16
4
1
2
14
18
4
1
2
14
16
4
1
2
14
16
4
1
2
14
16
4
1
2
14
16
4
1
2
18
20
4
1
2
14
16
4
1
2
14
16
4
2
4
16
18
1
2
3
14
16
1
1
2
14
18
25
1
2
14
16
4
1
2
16
18
4
1
2
16
22
4
1
2
14
18
4
1
2
14
16
4
1
2
14
18
4
1
4
14
16
2
1
2
16
18
4
1
2
14
18
4
2
3
14
18
4
1
2
14
20
25
2
3
16
18
1
1
2
14
16
4
1
2
14
16
4
1
2
14
16
4
1
2
14
16
25
1
2
14
16
4
1
2
14
20
4
1
3
14
16
2
1
3
14
16
2
1
3
14
16
2
1
2
14
16
4
1
2
16
20
4
