173
126
111
140
24
10
143
15
118
31
153
22
154
129
161
195
172
70
128
5
15
9
190
66
198
143
120
160
63
98
199
159
116
40
75
110
106
77
21
151
96
109
32
66
50
67
54
182
99
131
5
95
109
54
157
9
87
71
46
0
161
194
144
196
81
155
34
123
101
136
14
42
179
175
66
137
179
133
92
42
16
188
142
149
68
37
11
161
38
182
6
104
140
35
77
18
114
126
87
65
166
90
167
109
47
163
129
118
136
81
169
187
137
99
28
189
110
97
66
85
138
181
146
81
108
57
187
130
87
151
50
90
2
62
159
122
112
197
62
36
52
153
177
197
6
94
175
119
188
155
108
167
81
89
22
53
94
108
60
65
12
48
159
150
14
5
124
105
59
9
56
164
192
147
86
86
77
69
80
61
161
95
16
53
108
85
191
31
199
116
12
65
140
64
23
7
118
178
43
19
14
137
193
197
177
70
190
9
104
11
66
35
1
6
16
161
6
30
53
160
53
132
164
154
69
144
35
137
191
32
109
176
62
166
117
196
169
180
135
116
112
92
116
75
140
108
195
174
36
28
