623
470
436
207
101
933
270
84
649
244
738
961
11
758
417
103
479
906
868
672
7
243
367
384
644
789
759
82
893
421
118
997
230
448
42
596
772
714
931
396
214
729
937
504
298
124
131
490
591
918
724
308
837
727
866
992
686
215
130
743
930
532
802
120
182
671
251
140
785
72
138
959
422
605
804
130
262
934
823
722
435
302
928
679
781
452
553
440
1
519
100
8
299
799
502
0
632
370
314
449
737
945
971
155
258
346
876
830
638
190
43
355
591
274
848
999
767
180
703
348
154
410
928
362
728
280
24
594
570
881
173
973
412
855
335
924
596
700
157
13
780
63
944
792
543
30
220
387
722
659
456
810
154
273
554
539
541
885
244
403
343
666
995
756
203
98
992
818
330
338
727
873
788
527
740
424
280
700
904
763
477
853
548
306
514
298
30
905
867
76
753
66
201
712
96
211
186
546
883
50
464
32
286
444
970
7
786
882
850
974
166
860
417
401
50
191
647
353
446
9
206
406
95
983
108
46
66
587
841
487
585
13
931
579
883
120
570
47
796
183
448
261
554
807
605
401
212
531
681
690
891
130
921
222
605
459
234
901
796
341
394
303
11
730
99
124
573
534
875
993
183
525
255
862
419
83
940
776
884
918
698
555
505
548
313
165
949
184
22
89
773
806
737
140
255
622
781
361
292
533
765
633
626
365
240
372
4
3
557
499
817
727
672
55
1
978
775
282
159
788
561
650
516
451
510
626
224
13
410
58
519
275
684
317
271
610
983
905
830
756
872
473
672
337
739
850
517
414
45
179
303
110
453
650
675
817
206
960
188
287
27
433
36
26
135
496
629
83
189
440
958
261
223
404
365
725
277
322
205
809
478
445
103
263
331
32
266
200
324
530
422
344
209
629
211
865
39
805
790
555
181
65
832
229
915
827
67
333
384
205
668
618
867
789
977
118
608
684
280
37
799
667
263
803
102
469
442
320
640
937
117
662
620
882
568
25
390
433
475
509
595
875
925
83
63
364
662
832
453
967
171
990
710
826
971
17
359
712
394
678
946
335
506
574
725
475
584
580
570
390
488
832
366
746
663
288
556
491
303
240
461
254
875
93
415
954
847
352
843
179
781
476
679
891
178
59
636
95
990
411
