16
14
4
83
12
47
7
84
27
17
7
16
4
83
12
47
84
18
27
17
7
16
4
83
12
47
84
18
27
14
7
16
4
83
12
47
84
17
27
19
7
16
83
6
12
47
84
17
27
14
16
14
4
83
12
47
7
84
27
17
7
16
4
83
12
47
84
17
27
14
14
16
4
83
12
47
7
84
27
17
7
16
4
83
12
47
84
17
14
27
7
16
4
83
12
47
84
17
27
18
16
14
4
83
12
47
7
84
27
17
7
16
5
83
12
47
84
18
27
14
7
16
4
5
83
12
47
84
18
27
7
16
4
83
12
47
84
17
27
14
7
16
4
83
12
47
84
17
27
14
7
16
4
83
47
13
84
12
27
14
7
16
4
83
12
47
84
17
27
18
16
14
4
83
12
47
7
84
27
17
7
16
4
83
12
47
84
17
14
27
16
14
4
83
13
47
7
84
27
18
7
16
4
83
12
47
84
17
27
14
7
16
4
83
12
47
84
17
14
27
7
16
83
5
12
47
84
17
27
14
7
16
4
83
13
47
84
12
27
14
7
16
4
83
12
47
84
17
27
14
7
16
4
83
47
46
84
17
27
19
7
16
4
83
47
19
84
12
27
14
7
16
4
83
12
47
84
17
27
14
7
16
4
83
47
13
84
12
27
14
7
16
4
83
12
47
84
17
27
18
7
16
4
83
13
47
84
12
27
18
7
16
4
83
12
47
84
17
27
18
7
16
4
83
12
47
84
17
27
14
7
14
16
4
83
13
47
84
12
27
7
16
4
83
12
47
84
17
14
27
7
16
4
83
12
47
84
17
27
14
7
16
4
83
12
47
84
17
27
18
7
16
4
83
12
47
84
17
27
19
7
16
4
83
12
47
84
17
27
14
16
14
4
83
13
47
7
84
27
17
7
16
4
83
12
47
84
17
27
14
7
16
83
5
13
47
84
12
14
27
7
14
16
4
83
12
47
84
17
27
7
16
4
83
12
47
84
18
27
17
7
16
4
83
12
47
84
17
27
14
7
16
83
5
47
13
84
17
27
18
7
16
83
5
12
47
84
17
27
14
7
16
4
83
12
47
84
17
27
14
16
14
4
83
47
19
7
84
27
17
7
16
4
83
12
47
84
17
27
14
