44
925
317
616
399
633
233
436
368
991
698
836
697
324
135
115
38
772
96
245
727
851
31
970
475
822
864
820
479
659
640
433
225
902
674
589
785
67
720
957
334
604
113
220
340
315
572
683
945
380
899
314
101
387
894
414
78
428
390
284
405
210
976
306
858
917
644
283
110
635
941
438
683
28
731
272
15
884
222
142
954
185
473
592
275
736
944
985
300
855
801
109
653
971
384
447
387
464
928
303
704
426
39
251
576
88
690
330
448
863
950
415
60
800
931
464
321
894
760
220
277
324
991
894
697
383
0
102
654
784
944
757
522
138
443
121
772
374
357
849
651
69
125
659
767
175
90
770
484
522
393
414
953
416
961
429
359
386
384
507
452
880
658
768
740
990
956
584
928
207
916
188
746
173
91
586
616
615
712
11
433
212
968
720
77
728
981
991
762
151
998
639
474
273
195
255
537
833
987
647
849
260
883
214
855
878
38
235
52
631
869
12
482
899
141
309
613
710
965
839
989
847
800
412
454
222
648
812
342
367
899
33
156
290
12
219
264
643
821
992
274
990
617
671
609
526
84
475
134
825
878
590
125
854
25
518
620
298
524
270
95
694
73
267
605
141
847
421
310
211
380
716
977
7
240
416
31
154
306
148
478
499
305
827
608
981
777
363
268
976
121
170
449
854
677
402
70
271
603
71
169
625
678
681
649
369
212
262
556
845
501
7
119
784
471
913
981
900
384
310
744
557
82
245
456
678
763
573
438
402
415
619
717
445
755
22
928
951
693
488
267
704
472
133
360
88
972
441
544
353
144
711
132
200
708
519
6
941
56
237
904
231
33
400
248
663
418
595
818
825
306
522
441
133
845
417
580
908
809
239
800
576
63
113
498
646
914
804
782
507
401
914
482
798
992
81
511
882
601
257
960
600
7
218
517
924
111
711
884
55
384
823
461
634
625
920
233
688
982
860
446
193
550
387
16
276
734
767
186
814
189
613
973
414
971
8
456
455
471
999
293
890
546
531
22
888
497
955
64
640
595
630
803
331
526
203
374
479
988
995
351
824
876
8
583
481
841
223
117
888
405
700
240
497
117
678
74
393
229
456
408
712
403
150
877
602
338
293
435
19
722
59
299
476
26
902
946
791
461
545
