510
714
359
1435
886
927
1429
1430
281
8
399
757
622
97
1021
936
61
317
311
797
256
304
1539
305
269
453
827
515
739
250
1162
571
602
590
585
142
264
581
540
73
1647
201
308
1124
139
361
417
228
87
475
376
161
23
234
434
455
34
432
445
444
36
453
156
54
73
82
866
25
697
616
237
57
144
1211
374
157
1002
888
358
1124
866
868
47
438
82
161
853
712
453
354
231
936
103
1111
913
386
92
301
61
219
918
266
7
703
321
16
351
97
23
1297
1021
981
1758
977
735
1069
187
1334
655
1385
171
1239
312
207
178
390
677
239
180
53
986
51
123
1625
1000
977
152
1460
198
61
206
239
216
312
237
121
62
76
21
407
110
96
169
51
727
539
99
353
753
1495
1037
987
942
1324
1200
943
1724
1201
619
310
210
511
134
936
1039
848
246
161
555
1204
359
1631
240
189
195
617
417
510
55
1641
54
17
41
16
322
33
320
319
53
35
188
368
1130
1114
359
192
405
296
557
4
331
81
588
585
57
1298
515
568
948
6
101
622
945
227
59
757
941
104
447
116
169
927
1006
198
219
1039
57
1318
134
271
1461
8
192
3
834
1330
249
911
41
182
1210
169
274
317
1316
436
59
1155
47
661
220
399
34
253
817
317
273
436
116
197
1087
511
426
152
251
87
312
223
937
379
309
281
419
369
497
279
595
229
84
838
748
622
1025
800
831
767
1179
769
30
151
1743
1745
231
1204
4
1244
1564
723
1056
884
60
444
211
64
623
658
492
674
290
255
684
1650
1856
1664
1048
1178
1005
1691
1060
960
1655
269
1654
862
867
319
679
755
82
854
743
211
246
157
525
836
398
504
647
643
148
54
104
64
292
409
139
786
787
650
623
276
1169
1179
757
944
1026
1797
1005
1176
1708
878
438
876
682
851
594
891
614
1354
332
128
91
575
27
252
341
624
3
571
1566
1672
90
941
1150
1172
1167
811
781
1807
1998
855
1403
189
1686
1763
1071
1265
238
1186
495
69
122
374
211
781
499
316
436
92
571
91
1507
631
314
415
400
343
340
1493
206
1553
1986
1989
1987
1990
1482
497
694
348
255
47
220
125
747
331
195
438
783
854
224
191
122
658
192
188
337
299
92
790
175
306
31
180
993
115
285
855
35
212
260
540
227
875
107
829
255
226
484
35
85
29
643
8
197
33
317
52
257
470
944
1568
982
1024
1382
555
1652
1000
1004
998
