5
6
2
3
4
8
9
15
10
12
4
5
2
3
7
8
6
9
12
31
4
6
2
7
5
8
9
15
10
12
2
4
3
5
7
9
6
15
10
50
4
6
2
5
7
8
9
20
10
12
2
5
3
4
7
8
6
9
10
31
2
4
3
5
8
9
6
15
31
50
4
5
2
3
8
9
6
15
10
31
2
4
3
5
7
8
6
9
10
12
4
5
2
6
7
8
9
15
12
31
2
4
3
5
7
8
6
20
10
12
4
5
3
6
2
7
9
15
10
12
2
4
3
5
7
8
6
15
10
12
2
4
3
5
7
8
6
9
12
50
2
4
3
5
7
8
6
9
10
12
2
4
3
5
7
8
6
20
10
12
2
4
3
6
5
8
9
15
12
31
5
7
2
3
4
8
6
9
10
12
2
4
5
6
7
8
9
15
10
12
2
4
3
8
7
12
6
9
10
50
4
5
2
3
7
9
6
15
12
31
2
5
3
4
7
8
6
15
10
12
5
6
2
3
4
7
9
20
10
12
2
12
3
5
7
9
4
15
10
50
2
5
3
4
7
8
6
9
31
66
2
4
3
5
7
9
6
15
12
50
4
5
7
8
12
26
6
9
10
50
2
4
3
5
8
12
6
9
10
31
2
4
3
5
7
8
6
9
12
31
2
5
3
4
7
8
9
15
10
12
2
5
3
6
4
7
9
15
10
12
2
5
3
4
7
8
6
9
10
31
2
4
3
5
7
8
6
9
66
68
2
4
3
5
8
9
6
15
10
12
2
4
3
5
7
8
9
15
10
12
2
5
4
6
7
8
9
15
10
12
2
6
3
4
7
8
5
9
12
31
2
4
5
7
8
9
6
15
10
12
2
4
3
5
7
8
6
9
10
31
2
4
3
7
5
9
20
21
12
31
2
4
3
5
7
8
6
9
10
12
4
5
3
6
2
7
9
15
10
12
2
4
3
5
7
9
6
15
10
12
2
5
3
4
7
9
20
37
10
31
2
5
3
4
7
8
6
9
10
12
2
4
3
6
8
12
5
9
10
50
2
4
3
5
7
8
6
9
31
50
2
4
3
6
5
8
9
15
12
31
2
4
5
7
8
9
6
15
10
12
2
4
3
5
7
8
6
9
10
12
