119
880
285
135
856
466
884
89
56
317
217
1401
110
1189
101
180
1656
109
961
1284
215
161
162
76
1364
346
131
94
208
1501
516
887
517
935
947
69
523
102
521
280
970
956
128
689
395
113
723
92
71
115
62
107
9
317
67
425
496
437
419
415
1136
1677
115
1914
1645
725
737
647
1646
1841
729
609
389
481
29
483
1191
133
199
1391
113
1389
433
978
184
27
93
160
53
228
149
1824
280
518
521
939
707
935
507
856
468
110
1485
588
930
1487
428
410
478
1405
348
1763
433
68
43
1331
358
226
261
1615
913
278
586
111
435
110
551
1425
496
243
825
935
140
652
169
957
200
62
135
87
336
1085
45
865
879
767
152
1174
156
851
1681
687
492
357
143
323
68
1626
978
194
407
802
828
461
507
168
205
6
72
494
5
1382
287
879
896
165
355
125
1454
219
45
542
1170
165
993
1021
214
218
244
565
45
1845
1264
1890
623
1135
1260
1916
382
1896
106
624
381
53
18
836
918
38
304
121
868
1917
877
1244
251
1046
310
1109
982
1264
1941
1943
544
231
1278
469
262
696
315
541
842
441
378
1203
462
481
298
444
180
43
232
208
520
134
1101
269
294
125
253
68
1512
238
193
1140
928
1091
253
985
610
78
1209
355
145
194
175
204
221
467
140
432
68
291
184
165
72
191
209
246
1387
306
1728
985
1741
622
729
1458
979
1470
1471
727
387
751
848
847
850
854
510
945
491
468
535
713
566
69
942
135
1710
876
824
504
693
1307
1600
594
1610
1293
246
656
423
695
53
754
806
13
650
651
83
15
460
14
968
1096
560
1494
314
1097
1533
1534
1640
419
182
621
1552
995
88
366
223
624
194
1545
144
212
995
72
458
594
266
1346
161
206
446
848
1402
479
1444
847
1452
798
1829
607
647
1360
385
654
115
1054
726
742
664
627
395
313
1056
93
1036
788
464
1440
702
403
68
296
930
250
35
623
140
248
355
318
164
703
974
1370
1531
664
611
1789
675
115
607
90
284
293
7
234
43
62
280
560
1603
1983
1549
1598
1984
1078
1985
182
134
544
460
63
691
690
459
703
403
448
395
141
375
32
979
28
666
29
199
1436
675
1365
38
570
460
182
81
868
413
65
1357
877
174
78
795
310
1247
927
911
460
772
38
364
621
1136
154
194
172
623
43
182
1113
1852
1115
904
1605
347
283
1757
188
121
1301
444
84
1123
220
118
1143
634
880
767
457
