3
8
1
2
4
5
6
7
18
23
1
3
2
4
5
6
7
8
18
23
1
8
2
3
4
6
7
17
18
23
1
8
2
3
4
5
6
7
18
24
1
3
2
4
5
6
7
8
18
23
1
3
4
6
10
17
7
8
18
23
1
3
2
4
5
6
8
9
18
23
1
3
2
4
5
6
7
9
8
18
1
3
2
4
5
6
7
9
8
18
1
3
2
4
5
6
7
8
18
23
1
3
2
4
10
11
7
8
6
18
1
4
3
5
6
10
7
8
23
24
1
3
2
4
6
10
7
8
18
24
1
16
3
4
5
10
6
7
8
18
1
3
2
4
5
10
6
7
23
24
1
3
2
4
5
6
7
8
23
24
1
3
2
4
5
10
6
7
8
18
1
3
2
4
5
6
7
8
18
23
1
3
4
5
6
10
7
9
8
18
1
4
2
3
6
10
7
9
8
18
1
3
2
4
5
10
7
8
18
23
3
8
1
2
6
10
7
9
18
23
1
3
4
5
6
10
7
8
18
23
1
3
2
4
5
6
7
8
23
24
3
4
1
2
5
6
8
9
24
26
1
3
2
4
5
6
7
17
18
24
1
3
4
5
11
17
6
8
18
24
1
3
2
4
5
6
7
8
18
23
1
3
2
4
5
6
7
8
18
23
1
3
2
4
5
10
6
7
8
23
1
3
2
4
5
6
7
9
8
18
1
3
2
4
6
11
7
8
23
24
1
3
5
6
4
10
7
9
8
18
1
3
4
5
6
11
7
8
18
23
1
3
2
4
5
6
7
8
18
23
1
3
2
6
4
5
7
8
18
23
1
4
2
3
5
6
7
8
18
23
1
3
2
4
5
6
7
9
18
23
1
3
4
5
6
10
7
8
23
24
3
4
1
5
6
10
7
8
18
24
1
4
2
3
5
6
7
8
23
26
3
4
1
2
6
10
8
17
18
23
1
3
2
4
6
10
7
8
23
24
1
8
2
3
4
5
7
9
6
24
1
4
2
5
3
6
7
9
8
18
3
4
1
2
5
6
7
8
18
23
3
4
1
5
6
11
8
9
18
23
1
3
2
4
5
6
7
8
18
23
1
3
4
5
6
10
7
8
23
24
1
3
4
5
6
17
7
8
18
23
