68
69
66
906
67
503
406
656
565
212
660
332
225
627
381
211
268
217
307
656
750
829
394
503
207
881
825
158
170
998
207
48
431
67
161
618
156
163
386
317
739
358
190
600
556
282
504
510
251
923
75
580
579
610
134
392
23
135
498
244
553
269
170
120
349
213
501
122
271
295
269
280
406
307
161
168
457
310
121
220
390
587
522
57
396
699
61
583
552
62
535
395
192
588
245
232
809
541
27
369
2
503
823
557
461
171
834
140
74
560
283
48
424
99
87
279
155
542
285
182
795
867
21
869
548
521
134
494
454
364
499
304
144
41
190
838
564
394
184
383
462
495
399
195
130
320
254
454
378
348
413
137
842
241
840
238
323
46
3
58
878
296
170
769
425
741
295
427
340
304
28
943
219
267
436
661
616
342
752
453
764
342
268
294
297
112
254
121
77
220
137
460
171
458
22
232
410
567
492
254
963
961
474
195
684
293
962
379
769
430
389
408
624
34
21
320
220
665
118
307
310
77
153
140
254
399
504
348
378
501
13
2
32
11
787
12
35
101
39
974
726
61
552
797
37
313
3
21
800
67
875
67
137
185
245
482
588
15
159
58
341
293
38
33
32
45
40
13
6
67
538
520
179
867
21
573
128
491
23
955
435
19
48
156
369
641
196
600
876
43
1
492
22
74
871
736
179
519
77
128
877
293
340
423
122
294
120
670
424
194
147
279
758
20
93
90
2
759
278
26
206
225
195
126
190
231
273
590
232
177
728
61
48
313
727
62
21
2
15
233
891
838
228
625
408
280
251
48
663
778
3
32
972
15
306
13
161
728
43
817
494
129
158
67
756
78
170
135
390
189
160
351
236
403
597
124
454
239
240
875
496
369
240
753
22
34
562
350
126
15
954
869
868
74
21
795
955
865
128
135
375
199
259
231
67
232
219
381
212
206
39
390
240
124
137
637
455
67
403
239
360
362
358
849
359
21
365
357
847
363
189
431
314
427
653
441
652
167
563
156
202
239
492
508
605
254
522
610
462
502
327
633
332
235
693
268
111
213
239
148
294
379
177
991
632
230
216
473
126
225
204
567
437
61
134
397
582
573
522
233
121
122
126
269
58
125
77
348
147
268
719
307
122
463
207
192
196
239
126
25
