1688
1501
466
17
1662
1692
15
1660
7
460
21
3
8
469
1274
1277
455
283
9
1354
536
678
121
93
540
120
538
28
268
61
86
641
326
440
117
1409
322
1345
1185
519
114
71
1232
767
101
1118
159
77
955
1231
1451
716
106
179
119
566
108
713
124
105
818
85
798
847
770
309
769
358
356
1122
202
1121
147
587
88
287
118
728
119
432
191
1036
140
222
118
1156
1037
1559
1149
1159
1266
1137
1052
225
1735
229
1153
217
1131
1265
284
616
762
800
847
819
357
842
1474
1392
271
804
132
793
792
77
905
478
474
634
707
109
191
198
930
1142
73
1359
70
79
83
199
68
205
202
708
69
85
594
226
407
222
127
274
793
498
728
442
132
1578
1372
107
28
118
788
779
283
506
764
811
1497
419
404
417
383
4
2
1272
97
1246
110
77
1310
1352
6
1498
300
572
1575
454
87
77
160
105
108
158
107
54
931
1021
1539
1537
69
104
1308
1896
773
599
585
787
8
418
13
380
1353
1287
1146
1502
751
1499
444
16
1507
610
442
839
1274
1572
428
388
1299
228
219
1148
208
227
1298
1297
1136
127
1296
1154
209
258
1156
1041
1144
1265
730
891
101
124
848
79
832
203
154
261
125
128
272
179
265
850
758
732
71
96
69
232
1508
592
772
716
198
103
1094
659
1313
380
787
877
585
774
765
621
163
110
630
1372
165
152
28
164
29
662
514
1196
31
155
492
158
558
498
1566
1565
1545
538
519
1511
630
769
765
605
273
1300
728
855
764
712
671
271
157
402
401
763
276
1368
759
822
989
1218
79
356
155
81
399
88
102
105
1125
138
1319
127
130
962
1586
287
212
69
609
116
573
599
1022
111
581
122
1365
115
1467
566
1308
1636
1587
1608
509
264
590
824
1713
991
1129
1337
1821
315
175
1024
727
1552
1209
722
1550
136
1547
42
1112
1408
69
1368
764
1315
625
907
1314
496
98
628
1377
379
774
1166
246
1376
565
285
668
535
1415
308
640
282
662
681
624
391
380
183
595
408
523
673
375
492
716
162
693
386
159
990
435
1630
1934
1140
1085
439
431
1083
438
1733
1930
436
1734
1342
432
433
434
1801
1087
437
207
77
82
732
171
797
177
1770
1811
138
79
72
567
707
287
921
1217
210
73
192
456
380
118
132
276
1978
417
381
458
384
394
392
158
403
383
10
408
442
491
14
506
155
1844
516
28
624
492
497
652
598
569
1490
1790
531
270
111
379
627
141
1360
368
1182
603
787
738
1180
249
1183
1184
122
585
1179
1186
809
1181
1185
989
1178
564
320
71
197
149
1512
1075
1089
263
399
229
212
68
760
1130
80
472
1125
92
89
135
234
1608
296
557
432
1208
566
67
153
570
116
581
238
33
957
163
617
499
43
1372
111
1499
717
380
105
7
1500
428
394
9
410
698
12
387
383
17
6
415
412
414
1691
99
401
284
365
367
548
271
408
671
372
373
659
1962
1426
1288
802
1492
621
987
742
1526
133
1153
1036
229
1304
1392
1265
250
334
256
1143
208
1149
230
1536
581
224
202
253
411
276
442
183
487
380
132
477
491
118
481
450
1978
10
393
417
403
1589
375
446
78
792
946
1584
110
1482
888
274
816
728
83
161
604
69
73
1519
1311
307
287
939
604
302
261
608
152
1003
764
328
362
161
973
587
276
359
317
284
380
274
600
774
1788
31
158
506
994
531
70
121
93
502
410
407
96
507
532
152
855
530
161
157
802
328
1840
1
91
1009
1007
1003
273
753
1001
72
1005
751
158
692
1004
1488
284
1011
871
322
877
81
71
101
819
630
1336
99
1303
1223
131
116
377
1394
54
122
1637
1212
1199
509
28
1195
413
1424
1792
515
296
605
116
550
776
496
1767
497
410
660
1197
4
81
97
75
268
84
1107
953
1408
1343
1338
377
1045
1337
1051
28
1216
494
498
1394
1677
1188
659
834
276
580
1684
170
405
1216
110
290
281
506
1415
317
568
831
338
159
583
483
132
768
1322
839
614
163
988
273
802
888
126
1318
1283
616
1167
1323
401
284
504
1197
506
116
1511
516
158
1843
28
707
155
1728
504
1807
1180
705
780
164
533
1251
1514
505
512
286
351
157
264
275
73
69
156
277
832
177
1429
679
1300
196
1252
292
91
1599
472
1421
178
88
81
570
296
619
72
1075
262
1048
210
703
1073
100
760
101
595
1106
1
582
1465
138
732
472
214
1097
1096
109
73
970
79
198
280
272
322
161
1088
1022
566
599
115
1467
609
116
581
573
1636
111
122
1365
1308
315
1796
1534
1179
1465
268
434
431
1733
437
433
1630
438
435
1734
1930
878
432
1935
1937
1390
786
1515
1073
436
1085
1808
28
1635
177
1805
1424
103
1807
1806
1767
663
383
1589
715
1166
444
1546
517
1199
1127
685
664
689
324
641
587
107
579
496
527
694
629
621
556
524
611
246
604
112
511
946
364
623
792
1325
156
420
365
684
620
93
602
642
823
655
613
885
1362
204
595
