152
609
901
1589
461
1746
128
974
181
963
1549
1352
1523
663
1519
838
1329
1249
1379
968
953
1788
1369
56
306
1574
354
337
1852
1631
1063
482
409
1997
629
1774
148
298
48
545
209
566
307
318
1973
268
651
42
593
1044
1866
1226
1753
520
1385
1567
1243
713
7
881
1084
911
1411
706
930
1246
1098
1284
750
256
1193
1818
1657
1739
416
1382
322
1853
1658
1820
1067
193
86
744
955
676
1947
1034
975
1703
1136
1356
1305
1874
114
1665
1376
971
805
595
1985
1910
785
629
490
687
586
1291
1709
970
1034
613
1170
213
1517
188
8
607
1408
1662
1484
177
227
535
1640
725
492
1097
1030
1878
1778
293
943
617
1965
1416
1953
1636
1349
584
1924
927
1698
1864
1695
1781
1120
392
246
1917
557
464
522
630
1404
298
594
1683
833
938
593
1867
30
1111
1769
121
812
1005
1484
673
1753
869
915
580
452
48
1306
1283
1186
1199
1594
463
1576
1177
685
1796
916
1777
1158
1258
1049
561
356
1091
922
1000
506
106
1097
1186
553
1852
480
1116
1667
1870
4
990
1664
698
1052
918
852
885
1410
809
240
703
20
571
168
856
849
887
105
1412
1536
740
1234
1030
1569
1552
1974
1223
192
1847
86
1323
860
924
543
328
1012
685
639
1971
766
424
759
198
476
1865
568
1250
893
939
677
790
1590
1381
841
1398
143
1283
675
1426
947
1111
1224
1314
754
1915
1022
286
1829
1563
1325
810
387
1251
1255
875
350
228
819
878
854
378
1855
255
1178
1096
1518
554
69
716
174
94
564
468
1668
1951
523
550
1543
223
395
1656
355
338
1612
1523
109
1903
130
787
852
1503
1165
656
317
1498
1999
443
1164
1493
479
296
250
1903
851
1398
382
655
384
1435
1878
656
627
597
179
682
1767
1117
516
1775
454
569
458
1930
445
269
1698
1760
650
1549
1521
1496
1231
373
1922
1012
1906
1582
1981
157
319
66
1506
232
421
632
208
1957
501
256
709
1675
694
1838
397
1636
1547
455
1939
1680
296
1032
1604
1955
985
1161
977
1861
1342
41
429
831
715
1297
1432
1222
1226
223
157
1276
778
1202
1091
1901
1033
1719
1051
1912
1045
671
696
876
1032
548
824
748
224
1963
1556
237
1223
1365
48
1537
1133
1859
1791
1545
1357
461
1188
19
1807
1652
1722
393
34
1704
1222
1179
395
353
425
856
1574
1631
1800
407
432
1024
1872
813
1484
1369
52
1663
312
845
1633
1178
1828
564
1147
1349
796
1550
1384
828
1594
393
711
1509
130
411
1543
1195
835
1504
84
1827
1184
288
988
1250
189
1065
854
99
1531
933
843
980
1327
1248
734
887
587
979
12
815
711
513
1256
1362
1236
664
883
254
544
45
1787
1751
1515
992
87
1970
1978
1920
79
1328
1502
848
1519
1971
1092
1689
1615
746
1660
1821
1528
1389
1787
374
969
1065
1235
146
1627
1680
1967
539
518
1546
617
1388
1684
1536
1900
743
976
1165
34
1486
833
1775
986
622
1188
604
1720
1208
843
363
1712
217
1797
285
391
1635
975
1042
527
1640
49
878
1515
776
885
945
985
370
1664
1827
1684
933
1026
740
879
1025
1415
1791
91
523
1603
618
1644
204
156
1157
1522
640
264
25
4
1096
872
1050
1071
1860
397
521
1767
1213
1372
728
896
1508
1401
1366
945
1317
320
1218
1760
1012
1958
785
164
1134
1341
801
1093
1525
230
125
858
43
1544
1151
1118
530
694
1884
1012
254
789
317
1604
634
41
1919
63
1863
1406
1846
130
1548
1624
727
1395
1145
1427
1347
1287
1881
716
608
1051
132
1800
1623
191
433
565
1653
1679
477
492
465
1575
762
779
1504
1087
1895
935
804
1794
1897
989
1718
698
1624
224
1975
590
1331
1803
1039
1332
1355
1206
802
1679
1731
1488
1560
20
35
14
1873
1473
8
385
1585
1934
513
1464
831
611
471
1028
189
519
804
1031
1501
1760
1320
1153
1158
1170
687
1918
1747
1701
883
1386
541
609
260
292
908
214
1601
503
1020
927
114
415
184
840
125
531
50
875
1991
190
833
1308
565
815
1250
621
1030
1378
1067
84
1189
1011
36
997
1513
471
1309
93
1942
1326
1632
39
1025
1334
118
462
145
1734
1527
1007
1421
1052
133
98
1919
1312
1575
1373
278
1810
1328
1740
1005
1427
114
1379
1173
551
651
1927
1132
365
1164
1217
1239
1065
285
1028
356
855
728
1425
1709
1697
1147
86
825
1754
28
450
1849
1764
1679
687
323
1688
94
869
562
750
975
1646
837
1678
637
146
1894
783
1745
1447
78
894
287
340
757
1680
1164
115
232
1097
806
1054
1207
1219
360
419
581
1237
1049
296
300
1372
615
1586
424
88
1378
412
628
1377
702
312
1760
502
1976
191
1537
374
10
326
83
709
1370
1219
1534
193
1983
1713
1667
1116
211
1677
4
263
1764
991
799
887
725
298
1371
1288
1414
672
1383
500
1916
1538
1937
1115
1195
1342
1169
1042
282
789
1705
905
1252
1726
1595
115
939
1270
1745
1400
88
1509
186
1161
1251
1944
1130
1156
1662
1746
1808
1145
1627
505
485
155
262
1495
499
125
368
956
1581
387
1685
129
1612
963
392
1734
1558
1875
243
690
1547
1716
1796
1960
739
1557
662
317
997
60
108
821
1408
479
474
1176
610
1527
1526
1281
1148
1239
395
1159
764
