4462
4622
3304
1869
495
4612
2329
4025
4281
3386
1178
1124
979
795
3682
1723
3291
2359
18
4292
855
3625
3255
2652
3206
2978
79
497
3126
394
1433
2705
1118
2323
4760
1736
4673
1881
4003
4782
3913
3534
3485
2703
2143
1163
4887
3895
2117
3067
911
3465
135
3735
1050
281
3535
1420
990
2093
2291
1824
2405
1505
538
424
663
1660
56
655
1460
842
4853
4189
4415
4800
2292
4947
397
1598
1022
2366
2465
4038
4414
4778
4506
3317
3140
3661
1849
666
1213
931
4334
2518
271
2581
2529
1965
455
4262
1774
4305
1710
2927
1679
1567
1495
4507
2347
2545
1380
4726
454
4759
4656
261
231
3045
3754
1474
2691
3540
4141
3654
2495
2552
2979
1913
3275
4331
2780
262
622
2853
2206
4335
334
286
3509
1739
2471
3474
479
3759
2208
277
4145
738
1172
3084
2349
3891
4701
4224
1960
4283
3869
2969
234
2104
1479
4244
2868
3476
3814
2340
4000
4769
178
3967
3007
825
615
2587
2624
1716
1931
2131
939
3292
105
2939
1689
727
397
4132
2405
96
1480
1369
865
2675
1168
795
400
2226
2013
4661
3586
3207
719
4068
3539
3395
2581
2142
1249
619
3978
142
3911
4602
4824
4121
2601
3111
3168
1305
2286
1567
3752
4456
1855
3758
4670
4835
1442
2817
2342
3405
3980
3288
4207
3110
4372
2619
2106
209
3014
1806
3763
4066
940
3946
4834
2703
3894
3550
4322
2017
4353
4525
1786
982
662
4122
2949
2751
4849
2469
1374
1234
1307
3807
2082
80
3210
3539
2483
4048
1671
2384
2445
4302
3671
2122
2269
3772
2454
2242
1798
2772
1981
2755
3305
3181
1746
95
1306
4439
2356
678
4564
108
4573
771
2011
4994
4518
609
284
1785
4324
816
3680
1401
2494
1996
358
2060
801
513
1849
1953
755
3330
3970
1397
2704
4249
4263
1741
2884
4035
3289
1862
3904
3707
372
311
1569
1073
2501
2915
3494
3909
3852
3995
4906
1184
3588
852
632
4044
1504
4940
1670
1745
2748
3535
2671
3120
1716
4409
2251
1126
175
75
4054
1297
1077
1486
875
3731
1168
3074
2288
4203
4739
3562
360
473
2525
2807
4516
2480
3997
2262
2342
2893
3954
2047
3688
712
4394
3519
513
850
2392
1762
3987
4264
4516
1303
1847
4572
4658
1376
1722
3101
3905
707
3761
3732
933
3294
2343
4507
1192
1413
3918
4097
3240
3825
4756
2434
1617
3269
1880
225
1821
3761
2535
2255
4428
158
2457
3727
1990
282
353
2542
2017
2954
857
1922
2462
1621
1041
4260
3729
2866
729
3591
2720
1923
178
2455
2983
1116
4245
4531
1151
4304
4941
2141
3276
3156
245
4911
220
2218
4554
4903
115
2139
1941
3227
3514
4800
58
3766
2477
320
2966
2524
1453
3320
768
4776
2609
4272
646
1956
4455
2927
2909
2832
3305
498
753
171
3115
3345
3653
4117
497
4905
3531
3899
3414
4789
3377
28
3522
3241
4933
299
403
723
4710
3827
247
1397
4381
199
4230
3257
2546
262
3230
1414
873
4406
1738
2551
4219
4978
90
4355
2126
1870
3847
1685
3621
1633
2144
4903
4644
2283
2602
4213
236
1445
2365
2047
4925
487
2932
1495
4728
2955
3810
300
4616
189
3574
2439
1190
662
2648
1061
2973
4695
4289
3912
2820
3591
3801
3282
1340
3179
598
3937
3403
3803
3157
3062
3298
2589
4665
2618
1326
925
4821
1971
2645
3233
1232
2682
362
2514
4336
4708
1104
4925
4533
869
3969
1777
1518
1163
2579
174
1717
3738
3317
2336
3571
221
1833
3240
2583
292
3224
253
107
2789
4685
2598
3619
1301
3859
3912
799
1293
2942
2648
164
3625
4539
2216
4143
1738
1330
1786
3119
4545
4771
148
3365
3531
4434
453
1879
4668
1564
3640
285
4800
3650
3559
2561
1833
2412
1038
1987
523
282
493
1688
434
2977
3642
2482
4533
1958
682
2823
4071
1097
1319
3719
1365
1469
2041
1612
999
545
829
3495
2762
1789
505
2943
3636
469
2511
1614
255
2492
899
2829
4447
4169
965
4504
4082
1190
3872
1645
1262
4225
3597
3494
101
3974
2709
1871
4348
591
4820
895
2705
2646
3317
3402
386
149
3537
1082
4345
3617
4337
243
1446
3491
1663
1645
4886
1480
2657
4299
2243
326
2953
627
3655
722
1011
4578
2205
4203
371
790
2629
2291
3443
3900
1636
1219
895
4704
1821
699
3693
3856
1068
1767
1086
780
1775
4493
3627
1198
1638
3651
838
4367
4094
4672
846
4045
504
4878
3539
974
2812
2349
1690
2450
2472
3582
1602
4122
4936
1890
4128
799
4186
2825
735
4428
3414
3026
24
1559
2588
2447
2471
810
166
3717
4274
2383
2337
3182
1870
4108
2725
2257
4711
2374
2588
3395
4863
1893
1863
2670
671
4020
3609
2867
4044
846
276
501
3772
4435
782
3
2039
4449
4836
480
833
4547
78
4979
4088
4512
4350
4072
1359
4707
3809
4379
140
3521
858
719
1813
3201
1467
806
2907
1864
3631
174
3156
263
2358
3650
225
3046
253
4478
4438
1172
3611
3788
583
2286
4154
1032
1350
3197
2400
708
2338
881
3660
4919
3492
1798
786
3826
1607
578
483
2552
2748
3796
333
4681
991
1402
1178
2116
2184
4821
615
3181
4459
4492
1479
3664
3797
4566
1925
198
2112
289
3331
3764
4363
2781
574
3134
4441
148
2637
544
3080
3567
760
4227
3845
341
2075
4449
4214
17
2812
1873
3868
4299
4133
4345
3650
3781
241
1364
1905
4737
566
1950
2337
2384
1884
4190
955
4400
2387
4569
2019
149
1504
4130
556
3184
1579
2531
4524
2524
1117
128
1253
285
622
2979
3321
1433
1003
2920
4042
3822
2808
1219
3548
4428
3145
2250
4219
1889
1605
1197
2593
2549
2713
3823
4699
1132
3179
1698
4882
90
4709
