695
1104
1037
232
1740
1002
1210
1741
1738
259
302
1739
3505
922
1686
167
131
3465
1067
469
3300
4102
863
2804
1371
3888
3835
1346
2683
4037
1511
906
1734
114
799
1401
921
453
213
522
331
3751
434
652
2970
828
326
1511
134
213
381
3086
2076
3234
414
1172
3606
2798
770
3575
2843
3584
220
1392
2766
2122
1166
3590
215
3370
770
4853
3112
1415
126
54
1315
425
2903
1744
607
1094
980
1181
155
1713
122
1248
701
2999
1241
1589
1008
496
2042
884
3067
487
3485
2263
1067
3743
446
1689
2517
2836
269
1434
1491
1042
993
130
1618
916
581
513
1036
148
2469
2373
1584
1655
785
1701
2762
1545
2398
2476
3247
470
409
1650
1534
309
1752
3488
3804
1950
1083
1614
2331
3164
2197
3326
59
1612
1081
1055
3646
1211
2160
3301
206
1437
2263
1314
3177
563
34
2297
686
294
298
2011
806
615
2510
3477
1225
249
1410
543
138
608
232
2014
76
64
1341
2317
1346
2049
2630
921
1119
2081
616
106
690
1790
488
1411
3532
1390
2787
845
1874
2803
3422
3353
1612
1578
1624
1572
881
2116
3374
748
2801
686
1124
3368
875
763
1587
2346
1584
292
1535
3227
2247
3205
3206
928
3067
433
2318
809
359
1291
1123
532
1108
2487
54
2335
744
1501
834
315
1841
1009
2012
3600
1239
3625
647
2462
232
2753
1093
2213
365
2209
494
1188
1017
2396
2756
1162
2716
125
400
3708
266
175
3944
432
604
1428
1173
616
1163
884
3722
3067
3369
826
2913
1332
725
1186
763
1707
2849
879
2013
761
2009
1001
824
2850
2426
2917
1487
50
1875
2386
295
2801
774
1122
3369
897
749
322
847
23
282
3816
928
652
787
176
742
745
778
2951
3387
61
686
1534
881
1571
1278
604
15
608
2145
687
1171
1573
607
3037
2437
783
1598
3094
90
3349
1397
2944
3461
3203
481
3028
1
92
4628
855
4162
66
928
2480
2801
4367
873
431
723
4559
752
2223
604
798
608
489
1929
460
1414
1188
1596
1158
1674
934
1169
4699
1572
2239
1055
3341
1498
550
592
642
1992
376
61
1346
51
1370
2173
1795
2730
1513
367
675
1603
1276
1104
1087
663
606
813
489
734
127
604
3539
2788
689
34
805
800
695
655
640
2013
715
725
790
694
705
155
774
815
780
248
750
804
839
723
776
410
1535
294
3315
616
256
1284
712
1987
1631
1299
638
2553
1983
1062
139
469
152
621
2552
1244
857
195
130
2533
125
2554
610
3094
2169
4046
1675
3530
188
2374
1422
1687
2041
115
3
3471
3675
4506
3399
3096
2456
804
421
113
1637
372
91
2763
1873
1902
651
1122
3434
1187
1926
298
160
1386
3270
1203
1126
3531
2899
1075
3419
1813
423
109
2053
2122
4303
1673
3873
639
921
2500
3344
89
990
4717
1390
531
1193
3346
3347
2116
1339
709
2625
92
3357
155
640
1596
3355
882
1528
1056
3156
2237
690
3348
708
4448
2987
781
603
1469
681
4678
3087
4085
849
4446
1422
1909
2352
645
2762
2208
3825
458
2093
644
257
468
3121
3374
617
2920
354
608
418
1003
2117
1802
615
706
905
458
1190
774
3816
617
428
1836
2612
4485
1074
14
1681
3191
530
770
3152
1968
3762
165
2737
2661
125
2906
2675
3937
199
1128
2645
1189
2822
1713
1544
4830
924
1676
1068
2076
1615
3307
993
2208
3226
2590
2059
2788
4551
3584
2437
2047
1964
4353
991
1208
884
3631
266
943
686
55
4450
2130
646
1493
959
2433
2279
1594
2301
528
2234
1303
415
589
876
1642
573
490
1412
981
2050
1134
2953
2013
1360
1534
3742
1087
1580
220
621
687
1270
1277
52
2011
63
3750
1532
433
772
611
580
2878
316
2585
888
126
274
229
412
1070
706
138
249
1768
936
378
3508
833
2426
1745
1074
571
3700
4033
1410
1030
1100
1497
771
1415
1150
220
4004
1782
345
2023
3090
333
1655
1029
851
772
2110
1572
2216
57
166
1923
629
896
155
2717
4939
3966
885
1798
2744
979
245
1167
4201
744
149
3702
2503
649
1750
1722
2947
2642
3743
1111
528
573
3119
1067
1907
587
1785
2348
654
2216
2798
491
769
2801
2952
3625
79
1407
14
2366
1688
786
3106
2570
2569
2756
1182
11
1180
2440
695
617
411
2011
1138
1533
4866
2855
430
314
845
222
255
1740
57
300
477
605
1713
4030
609
4173
2785
344
899
2624
1759
109
387
892
4227
4401
1269
2239
4110
1141
2108
2444
964
2570
3011
1657
2280
476
189
453
528
9
3955
1606
2188
2803
1084
4208
2167
488
1910
466
2946
556
594
1612
2964
1074
903
1172
2922
9
3532
2866
1819
3228
20
2612
1608
1432
2772
1960
312
798
3972
1436
571
995
456
2569
2913
367
156
4367
1185
1713
516
2130
1208
288
2368
157
1437
2118
4757
696
584
1865
704
398
1124
1953
139
778
408
606
924
2555
38
196
1571
615
1094
1624
1178
23
1207
3157
929
1047
408
4281
130
1705
1127
611
220
1038
1371
1139
381
789
2597
2322
266
285
851
2867
1281
1535
1616
230
1371
746
814
1397
173
130
148
402
410
931
2584
313
155
1093
3499
1138
54
910
220
4911
1186
648
90
2558
202
795
1306
3367
3441
699
1367
2346
327
1648
2608
1693
392
704
3887
3120
1686
815
359
816
303
1976
268
2003
817
1951
614
3888
2011
4186
852
1335
1673
2584
1236
225
1043
1514
175
566
1903
1082
1678
688
2208
3142
848
604
690
