0
5
7
1
105
2
239
11
91
6
4
671
12
8
666
10
125
9
23
13
0
5
7
1
105
3
239
20
91
6
671
11
12
8
666
2
125
10
23
4
0
5
7
1
105
2
239
17
91
11
4
671
12
6
666
10
125
8
23
13
0
5
7
1
105
2
11
239
91
12
4
671
6
8
666
10
125
9
23
13
0
5
7
8
105
3
239
11
91
6
4
671
12
9
1
666
125
10
23
13
0
5
7
2
1
105
239
17
91
6
671
12
8
10
666
14
125
9
23
4
0
5
7
1
105
4
239
11
91
6
671
13
12
8
666
2
125
9
23
16
0
5
7
1
105
2
239
11
91
12
4
671
6
8
666
14
125
9
23
13
5
2
0
7
105
3
239
20
91
6
4
671
12
8
1
666
125
11
23
13
0
5
7
1
105
2
239
11
91
12
671
20
6
10
666
14
125
8
23
4
0
5
7
2
1
105
239
11
91
12
4
671
6
8
666
10
125
9
23
13
0
5
7
1
105
2
239
17
91
6
4
671
12
9
666
25
125
8
23
11
0
5
7
1
105
3
239
11
91
13
4
671
12
6
666
14
125
9
23
15
0
5
7
1
105
2
239
11
91
6
4
671
12
8
666
10
125
9
23
13
5
2
0
7
1
105
239
11
91
6
4
671
12
8
666
10
125
9
23
13
1
5
7
2
3
105
239
11
91
13
4
671
0
12
666
6
125
8
23
16
0
5
7
1
105
2
239
11
91
6
4
671
12
8
666
10
125
14
23
15
5
1
0
7
105
2
239
17
91
6
4
671
12
8
666
14
125
9
23
11
0
5
7
2
105
3
239
11
91
6
4
671
12
8
1
666
125
9
23
13
0
5
7
1
105
2
239
17
91
6
4
671
12
9
666
10
125
11
23
8
5
1
0
7
105
8
239
11
91
6
4
671
12
9
666
2
125
10
23
13
5
1
0
7
105
3
239
11
91
6
4
671
12
8
666
2
125
9
23
13
0
5
7
1
105
2
11
239
91
6
4
671
12
9
666
10
125
8
23
13
0
5
7
2
1
105
239
17
91
6
4
671
12
8
666
10
125
9
23
11
0
5
7
1
105
2
239
11
91
12
4
671
6
8
666
10
125
9
23
13
0
5
7
1
105
2
239
11
91
12
671
17
8
9
666
10
125
14
23
4
0
5
7
1
105
4
239
17
91
6
671
11
12
8
666
10
125
9
23
15
5
2
0
7
1
105
239
11
91
6
4
671
12
9
666
10
125
8
23
13
5
1
0
7
105
2
239
17
91
6
4
671
12
8
666
10
125
9
23
11
0
5
7
1
105
3
239
11
91
6
4
671
12
14
666
2
125
8
23
13
0
5
7
1
105
3
239
11
91
6
671
13
12
8
666
2
125
9
23
4
0
5
7
1
105
3
239
11
91
12
4
671
6
10
666
2
125
8
23
13
0
5
7
1
105
2
239
11
91
13
4
671
12
6
666
10
125
8
23
15
0
5
7
1
105
2
239
11
91
6
4
671
12
8
666
10
125
9
23
15
0
5
1
7
105
2
239
17
91
6
4
671
12
9
666
10
125
8
23
11
0
5
7
1
105
2
239
11
91
6
4
671
12
8
666
14
125
9
23
15
5
1
0
7
105
2
239
11
91
12
4
671
8
9
666
10
125
6
23
15
5
2
0
7
1
105
239
11
91
6
4
671
12
8
666
10
125
14
23
15
0
5
7
1
2
105
239
11
91
6
4
671
12
8
666
10
125
9
23
13
0
5
7
1
2
105
239
20
91
6
4
671
12
8
666
10
125
9
23
11
0
5
7
1
105
2
239
11
91
6
671
13
12
8
666
10
125
14
23
15
0
5
7
2
1
105
239
11
91
12
671
17
6
8
666
10
125
14
23
4
0
5
7
2
1
105
239
17
91
6
4
671
12
8
666
10
125
9
23
11
0
5
7
8
1
105
239
11
91
12
671
13
6
9
666
2
125
14
23
15
0
5
7
8
1
105
239
17
91
6
4
671
12
11
666
2
125
9
23
13
0
5
7
1
105
2
239
11
6
91
4
671
12
8
666
10
125
9
23
13
0
5
7
1
105
3
239
11
91
6
4
671
12
8
666
2
125
10
23
13
0
5
7
1
105
3
239
17
91
6
4
671
12
8
666
2
125
10
23
11
0
5
1
7
105
2
239
11
91
6
4
671
12
9
666
10
125
8
23
13
0
5
7
2
1
105
239
11
91
15
4
671
12
6
666
10
125
8
23
13
