546
8
5
533
7
540
861
53
9
70
532
26
545
10
107
17
11
585
13
352
5
7
546
533
25
540
14
35
861
70
33
8
532
545
10
107
29
11
585
352
5
546
533
6
540
31
35
861
9
70
7
532
21
545
107
17
11
585
13
19
5
546
533
25
7
540
35
861
9
70
532
8
545
21
11
107
585
27
352
19
5
546
533
6
7
540
35
861
26
70
532
8
545
21
11
107
585
27
19
352
5
546
533
6
7
540
35
861
9
70
532
26
545
10
11
107
585
27
13
352
5
546
6
25
533
7
540
35
861
9
70
532
8
545
10
11
107
585
27
13
5
546
533
6
7
540
861
53
9
70
532
8
545
10
107
25
11
585
13
352
5
546
533
6
7
540
861
53
9
70
532
26
545
21
11
107
585
33
13
352
546
8
5
533
7
540
861
53
9
70
532
26
545
10
107
25
11
585
13
352
5
546
533
6
7
540
35
861
26
70
532
8
545
10
11
107
585
27
13
352
5
546
533
6
7
540
35
861
70
31
532
57
545
10
11
107
585
33
13
352
5
546
533
6
7
540
35
861
9
70
532
8
545
10
11
107
27
585
13
352
7
546
5
533
540
31
35
861
9
70
532
8
545
21
107
17
585
33
19
352
546
7
5
533
540
31
35
861
9
70
532
8
545
21
11
107
27
585
13
352
546
7
5
533
540
14
35
861
9
70
532
8
545
10
11
107
585
27
13
352
5
546
533
6
540
14
35
861
70
26
7
532
545
10
17
107
11
585
13
352
546
7
533
6
540
14
35
861
9
70
532
26
545
10
11
107
585
27
13
352
5
546
533
6
14
540
35
861
70
31
7
532
545
10
11
107
585
27
13
352
5
546
533
25
7
540
35
861
70
26
532
28
545
21
17
107
11
585
13
352
5
546
533
6
7
540
861
53
9
70
532
8
545
21
11
107
585
27
13
352
5
546
533
7
540
14
35
861
9
70
532
8
545
61
11
107
585
27
13
352
5
546
533
6
7
540
35
861
9
70
532
26
545
10
11
107
585
27
13
352
546
7
5
533
540
31
861
65
9
70
532
8
545
21
11
107
585
27
352
19
5
546
533
6
7
540
35
861
26
70
532
8
545
10
11
107
585
27
352
19
5
546
533
6
7
540
35
861
9
70
532
8
545
10
11
107
585
33
13
352
5
546
533
26
7
540
35
861
9
70
532
8
545
10
11
107
585
27
19
352
5
546
533
6
7
540
35
861
9
70
532
8
545
10
11
107
585
27
13
352
5
546
533
7
540
31
35
861
9
70
532
26
10
545
11
107
585
33
352
19
546
7
5
533
540
14
35
861
9
70
532
8
545
21
11
107
585
27
13
352
5
546
533
6
540
14
35
861
9
70
7
532
545
10
107
17
11
585
13
352
5
546
533
6
7
540
35
861
9
26
70
532
8
545
10
11
107
585
33
13
5
546
533
6
7
540
35
861
9
70
532
8
545
21
11
107
585
27
13
352
5
546
533
6
7
540
35
861
9
70
532
8
545
10
11
107
585
27
13
352
5
546
533
6
540
31
35
861
9
70
8
532
545
10
11
107
585
27
13
352
5
546
533
6
7
540
861
53
9
70
532
8
545
21
11
107
585
27
13
352
5
546
533
7
540
14
35
861
9
70
532
8
545
10
11
107
585
33
13
352
5
546
533
6
7
540
35
861
26
70
532
8
545
10
11
107
585
27
352
19
5
546
533
6
7
540
35
861
70
26
532
28
545
10
11
107
585
37
13
352
546
7
5
533
540
31
861
53
9
70
532
8
545
10
11
107
585
33
13
352
5
546
533
6
7
540
35
861
70
26
532
28
545
21
11
107
585
27
13
352
5
546
533
6
540
14
35
861
9
70
532
8
545
10
11
107
27
585
13
352
5
546
533
6
7
540
861
65
9
70
532
8
545
10
11
107
585
33
13
352
5
546
533
7
14
540
35
861
9
70
532
8
545
10
11
107
27
585
13
352
546
7
5
533
540
14
35
861
9
70
532
8
545
21
107
25
11
585
13
352
5
546
533
7
540
14
35
861
9
70
532
8
545
10
11
107
585
27
13
352
5
546
533
6
7
540
35
861
70
26
532
8
545
10
11
107
585
27
13
352
5
546
533
6
7
540
35
861
9
70
532
8
545
10
11
107
585
27
13
352
5
546
6
533
7
540
35
861
70
26
532
8
545
21
107
17
11
585
13
352
5
546
533
6
7
540
35
861
9
70
532
28
545
10
11
107
585
27
352
19
