1
9
22
23
5
6
8
11
19
20
10
12
13
18
21
27
25
33
24
26
1
9
11
18
6
10
8
12
20
21
19
24
7
13
22
27
25
33
23
26
1
9
11
18
5
6
8
12
19
20
10
24
7
13
21
22
25
33
23
26
1
9
11
18
5
6
8
10
19
21
12
20
7
13
22
27
33
34
23
26
1
9
11
18
5
6
8
10
20
21
19
24
7
12
22
38
25
33
23
26
1
9
11
18
6
10
8
13
5
19
20
21
7
12
22
27
33
37
23
24
9
10
1
11
5
6
12
13
19
21
20
24
7
18
22
27
33
34
23
26
9
10
1
11
5
6
8
12
19
20
21
26
7
13
37
39
22
25
24
30
9
10
11
21
6
12
8
14
1
19
24
26
7
18
22
27
33
37
20
23
1
9
11
18
5
6
10
12
19
20
24
26
7
13
21
27
22
25
30
31
1
10
9
11
5
6
8
12
19
20
21
24
18
23
22
27
33
34
26
30
1
9
11
18
5
6
8
10
20
21
12
19
7
13
22
37
25
33
23
24
1
9
18
21
5
10
8
11
19
20
24
26
6
7
22
27
34
37
23
32
9
10
1
11
5
6
8
14
19
20
12
21
18
23
22
27
25
33
24
30
1
10
9
18
5
12
8
11
19
20
21
24
6
7
22
27
25
33
26
30
1
9
18
21
5
6
8
10
11
19
20
24
7
13
22
27
25
33
23
30
1
9
11
18
5
6
10
12
19
21
20
24
7
13
22
27
25
33
23
26
1
9
11
18
5
6
8
13
19
20
10
26
12
23
21
22
25
33
24
31
1
9
11
22
5
10
8
12
19
20
21
24
6
7
27
37
25
33
26
31
1
9
18
22
5
6
8
10
11
20
12
19
7
13
21
38
25
34
23
24
1
9
11
18
10
12
8
13
5
19
20
21
6
7
37
38
22
25
23
24
1
9
11
21
5
6
8
10
20
22
12
19
13
18
37
38
25
33
24
26
1
9
11
18
5
6
8
10
19
20
21
24
7
12
22
27
33
34
23
26
1
9
11
18
5
13
8
10
19
20
12
21
6
7
22
27
25
33
23
24
1
9
11
18
5
6
8
10
19
20
12
21
7
13
22
27
33
34
23
24
1
9
11
18
5
6
8
10
19
20
12
21
7
13
27
37
22
25
31
32
1
9
18
21
5
11
8
10
19
22
12
20
6
7
27
38
25
34
23
24
9
19
1
11
6
10
8
12
20
23
21
26
7
18
22
27
34
37
24
30
1
9
11
18
5
6
8
10
19
20
12
21
7
13
22
27
25
34
23
24
1
9
18
21
5
6
8
10
11
19
12
20
7
13
22
27
25
33
23
24
1
10
9
21
5
6
8
11
20
22
12
19
24
26
37
38
33
39
23
30
1
10
9
11
5
6
12
13
19
20
21
24
7
18
22
27
25
33
23
26
1
9
11
18
5
13
8
10
20
21
12
24
6
7
22
27
25
34
19
26
1
9
11
18
12
13
8
10
5
19
21
24
7
23
20
27
25
33
30
31
1
10
11
18
5
6
8
12
9
19
20
21
13
23
22
27
25
33
24
26
1
9
11
21
6
10
8
12
19
22
20
24
7
13
27
37
33
38
23
26
1
9
11
21
5
10
8
12
19
20
24
26
6
7
22
27
25
33
23
31
1
9
11
18
10
12
8
13
5
19
20
24
6
7
21
22
25
33
23
26
1
9
11
18
5
6
8
10
20
21
12
19
7
13
22
37
25
33
23
24
1
10
9
21
5
6
8
11
19
22
12
24
7
13
20
27
25
33
23
26
1
10
9
18
5
11
8
12
19
20
24
26
7
13
21
22
33
34
23
27
9
10
1
11
13
19
8
14
20
21
12
24
6
18
22
37
33
34
23
26
1
10
9
11
5
6
8
12
20
21
19
24
7
18
22
27
25
34
26
30
9
10
1
11
5
12
13
14
19
20
21
24
6
7
22
37
25
34
23
26
1
9
11
21
5
6
8
10
19
22
12
20
7
13
27
37
25
33
23
24
1
11
9
18
5
6
8
10
19
20
21
24
7
12
22
38
25
33
23
26
1
9
11
18
5
6
8
20
19
21
10
12
7
13
22
27
25
34
23
24
1
10
9
11
5
6
8
12
19
20
21
26
7
24
22
27
25
33
23
30
1
9
18
21
6
10
11
12
19
20
24
26
7
13
22
27
25
33
23
30
1
9
11
21
6
10
8
12
19
20
24
26
7
23
27
37
25
33
30
31
