1
2
20
22
4
5
8
10
7
9
11
66
21
49
60
63
19
23
30
39
1
4
22
24
7
8
2
5
3
9
10
11
21
59
60
63
19
23
30
39
1
2
20
22
4
5
8
15
3
7
64
73
10
49
11
60
9
19
30
39
1
2
22
23
4
7
15
31
8
9
10
11
21
49
59
60
19
24
30
39
1
2
20
22
4
5
8
15
3
7
10
11
21
57
59
60
9
19
30
39
2
4
20
22
5
7
1
8
9
10
11
64
21
49
59
60
19
23
30
39
1
2
20
22
4
5
8
10
3
7
63
66
11
21
59
60
9
19
30
39
1
4
22
23
2
5
10
31
7
8
11
63
49
57
59
64
9
19
30
39
2
4
20
22
5
8
1
15
3
7
10
11
21
49
59
63
9
23
30
50
1
2
20
22
5
7
8
10
3
4
11
63
21
49
59
60
9
30
39
50
2
4
22
23
5
9
1
8
3
7
10
11
21
49
59
63
19
24
30
57
1
2
20
22
4
5
8
10
3
7
11
63
21
49
59
60
9
19
30
39
1
2
20
24
4
5
8
10
3
7
63
64
11
21
59
60
9
19
30
39
1
2
20
22
4
5
8
10
3
7
11
63
21
49
59
60
19
23
30
39
2
4
20
22
5
7
8
15
9
10
11
63
1
21
59
60
19
23
30
39
1
2
20
22
4
5
8
15
7
9
10
11
21
49
59
60
19
23
57
63
1
2
22
24
4
5
8
10
3
7
11
63
21
57
59
64
9
23
30
39
5
8
20
22
4
7
1
2
3
9
10
11
21
49
60
63
19
23
30
39
1
2
20
22
4
7
5
15
8
9
10
11
21
49
59
63
19
23
30
39
1
2
20
22
4
7
5
8
3
9
10
11
21
57
59
60
23
24
30
39
1
4
20
23
5
8
2
10
3
7
63
64
11
21
59
60
19
22
30
39
1
2
23
24
4
7
5
8
3
9
11
63
10
60
64
73
19
21
30
39
1
2
20
22
4
5
8
10
3
7
11
63
57
59
60
64
9
19
39
50
1
2
20
22
4
5
8
10
3
7
11
63
21
57
59
60
9
19
30
50
1
2
20
22
4
5
8
10
9
11
73
75
21
49
59
60
23
24
30
39
4
5
22
23
2
8
1
10
3
7
11
63
21
49
59
64
9
19
30
39
1
2
22
23
4
5
8
10
3
7
63
64
11
21
59
60
9
19
30
39
1
5
23
24
2
4
8
10
7
9
11
63
21
59
60
64
19
22
30
39
2
4
22
23
5
7
1
8
3
9
11
63
10
21
59
64
24
33
30
39
1
2
20
22
4
9
5
8
7
10
11
64
21
49
59
60
19
23
30
39
1
2
20
23
4
5
8
10
3
9
11
63
21
49
59
60
19
22
30
39
1
2
20
22
4
7
5
8
9
11
63
64
10
49
59
66
21
23
30
39
1
2
22
23
4
5
8
10
3
7
11
64
21
49
59
60
9
19
39
50
1
2
20
22
4
7
5
8
9
10
63
64
11
21
59
60
19
23
30
39
1
2
20
22
4
5
8
10
3
7
63
64
49
57
11
59
9
19
30
39
1
2
23
24
4
5
10
31
3
7
8
11
49
57
59
60
9
19
30
39
1
2
20
22
4
5
10
31
8
9
11
63
21
57
59
60
32
33
30
39
4
5
20
22
2
7
1
10
3
8
11
63
21
60
59
64
9
19
30
39
2
4
20
22
8
9
1
5
3
7
10
11
21
49
59
60
19
23
30
39
1
4
20
22
5
7
2
15
3
9
8
63
10
11
59
60
19
21
30
39
1
2
20
22
5
7
10
15
3
4
8
11
21
49
59
60
9
19
30
39
1
4
20
23
2
5
8
10
11
12
64
66
21
49
60
63
9
19
30
39
1
2
20
22
4
5
10
15
7
8
11
63
21
49
59
64
9
23
30
39
2
4
20
24
5
7
1
8
3
10
63
64
21
49
11
59
19
22
39
50
1
2
20
22
5
7
10
15
3
4
63
64
8
21
59
60
9
19
30
39
2
4
20
22
5
7
1
8
9
10
11
63
49
57
59
60
19
24
30
39
1
2
22
24
4
5
8
15
3
11
10
64
21
49
59
60
19
23
30
39
1
2
22
23
4
9
5
8
3
7
11
63
10
49
59
60
19
21
30
39
1
2
20
22
4
5
8
10
7
11
63
64
21
49
59
66
23
24
39
50
2
4
20
22
5
7
1
8
3
9
63
64
10
11
59
60
19
21
30
39
