402
85
787
1247
1271
1009
660
1555
319
1563
1808
1588
239
1904
929
509
1575
474
1930
1741
786
841
972
62
1467
478
54
1700
1170
537
472
531
20
212
1504
1502
816
17
1483
1297
1844
1304
324
1000
1842
202
830
213
524
1659
1954
1688
748
1016
964
1343
794
1180
1939
1117
540
607
1175
814
1573
1569
1369
1440
1615
188
1624
1381
481
1923
1086
1124
557
751
658
941
1497
1654
1933
399
1073
44
618
1566
331
551
454
428
1746
804
766
1658
1751
868
384
75
1235
429
346
997
743
1349
1738
1091
443
290
1052
1589
1903
1487
1388
757
572
636
1344
1255
587
318
1415
1923
1269
98
1868
1393
1774
1443
974
1399
500
757
1309
418
1793
1700
1108
265
611
105
1916
1140
86
1593
978
775
572
1252
1291
189
1663
1913
207
1588
1557
1241
1941
953
300
377
479
1395
1260
348
727
1116
29
1514
1973
498
1719
1235
227
1433
1328
944
769
242
1545
1183
1777
851
576
1818
1213
915
1571
1378
644
1180
674
686
305
268
1657
1666
1581
68
1123
1324
744
880
965
975
52
768
551
1847
459
1313
671
486
1197
726
1672
1487
827
1234
1299
1892
327
260
1377
1242
937
1731
912
587
1328
1933
526
521
1927
916
227
1333
1957
1547
779
103
886
1380
844
1622
1639
296
1022
349
1521
1174
1850
1751
1878
1942
159
1273
984
511
1949
394
291
1972
115
1458
582
423
150
164
361
463
1456
525
659
828
1642
717
116
1421
436
47
1824
146
1674
578
844
1732
952
1865
1953
1546
1955
36
1707
935
1577
1215
1102
1757
884
1514
236
901
942
888
252
1737
412
963
1807
743
1718
1705
1397
27
665
1891
422
1843
1343
588
764
1468
811
1249
1556
1850
577
1687
1518
298
1734
1370
1774
629
940
1330
1537
886
1171
717
1181
477
1929
1939
658
353
1025
1143
1892
1945
1484
1220
1054
621
461
1409
73
480
1981
299
1711
243
1662
446
1190
904
145
1692
1278
1917
139
1546
1104
1167
1616
1040
1617
1980
1583
129
241
376
1532
990
668
26
43
1910
1759
147
1599
934
335
1192
445
832
1265
1000
485
1379
235
1375
1142
1282
1046
888
1370
1548
743
846
777
1064
511
463
455
688
1902
293
1340
1814
1227
142
294
1519
1083
870
1056
1575
772
1343
476
1173
1347
79
1461
785
363
1506
759
1115
940
985
568
1914
988
1636
148
529
1511
400
73
384
1098
1629
1569
1163
1507
1609
898
64
652
1069
316
1657
987
590
71
1545
1017
1440
1870
609
1917
782
251
1564
1266
682
1617
1089
250
399
93
1977
5
470
221
538
1367
1277
178
1872
584
1676
1869
1372
1834
37
1747
437
1257
859
296
433
1307
243
970
897
703
332
1580
1310
1680
636
427
700
1080
904
227
163
406
936
610
1005
1227
235
1596
937
929
1890
1339
1242
185
638
897
1049
1832
10
1208
427
216
201
1158
1557
874
1820
807
1611
1413
451
1575
1209
1540
1314
1552
800
836
1224
1107
624
385
285
42
1054
1739
209
1027
1366
363
767
1653
1187
6
1448
1316
1482
700
1744
312
182
926
955
1917
1996
959
1342
45
600
1278
1480
1904
851
1058
1950
1926
1036
1136
186
428
1404
248
300
38
204
366
888
218
492
869
1677
187
1261
1491
1669
1930
921
713
282
1633
110
527
376
503
1655
1514
1517
951
1241
71
1398
245
769
1079
1107
1179
1257
665
1508
909
1380
1006
763
1046
1001
1746
760
1154
1879
380
1952
231
1265
822
838
702
901
312
523
1425
1004
1455
366
227
121
977
1318
104
1469
899
893
867
383
780
278
1733
767
513
1892
573
437
1282
1622
456
1868
1001
684
1765
441
217
1062
1495
640
64
433
1659
1043
1206
142
454
124
871
1106
175
1181
1606
1392
1200
554
860
100
118
589
802
1436
1794
1861
1943
1203
1964
773
1059
1929
869
1747
970
798
1213
1396
1108
1202
608
946
357
1022
964
1460
9
388
93
935
1766
6
1665
1578
435
1833
473
1620
1707
1007
1364
1951
704
217
1386
1389
602
1035
1792
455
599
1561
504
351
1120
633
1453
415
1506
1297
1967
493
586
1712
1885
1315
4
391
1544
835
891
877
1706
447
247
1780
1864
962
33
251
1977
1150
1876
1358
1675
25
1153
991
132
837
245
557
1054
1610
1513
1706
1243
1633
1889
913
1206
1946
867
1360
1409
1169
943
661
1033
467
1915
208
1985
209
551
550
1980
587
607
582
659
300
1334
1416
628
908
1700
901
755
1483
246
1180
1770
1903
291
765
16
458
666
1474
1141
1287
110
1232
258
124
1962
661
1592
1794
1445
491
1767
1160
628
1547
1751
1248
289
833
837
1275
817
1336
179
1982
517
1668
1531
1392
575
724
1427
216
1157
1094
1308
685
974
657
756
747
1294
532
1051
615
492
318
1104
1811
1037
842
395
481
1497
274
37
1058
520
812
925
175
1695
1775
1995
1609
1863
1725
1115
1895
807
1234
1910
642
470
1874
1
872
719
1327
841
1292
658
770
919
1826
211
1886
1151
1079
831
1904
1238
1742
615
865
243
1019
890
1817
1370
1898
800
184
1710
88
718
341
1058
5
878
93
925
526
1698
1746
473
1926
1040
135
1498
1488
1915
1931
844
1725
425
1596
59
1112
1859
567
134
594
139
674
1135
1355
1138
737
601
528
1372
22
1461
1952
1622
166
