2519
948
2013
4106
1588
553
332
4229
4341
4651
1957
1207
4424
1051
2167
4419
100
591
3879
2417
3502
3480
3825
4452
3743
2812
1336
3562
2131
4297
2245
1304
258
2997
2356
4206
701
1268
1007
2536
4050
3674
368
2714
1226
1467
967
323
2497
840
2035
4562
3873
3896
3724
3970
3649
3758
4878
4792
2405
433
1587
3509
4519
3503
4492
2534
3730
4775
3628
788
3309
2477
1010
2619
754
3490
633
4462
3212
816
2104
4597
4210
2441
1691
451
1283
4235
78
175
4520
887
847
4534
834
1209
3384
484
1323
1726
4218
4623
3820
3974
2817
2797
4798
3955
2497
3639
890
3783
1552
3577
2587
3579
4084
475
341
3389
726
260
1087
893
4650
3953
4847
184
4474
1819
2560
1278
2750
3627
2734
4800
2655
1921
1590
840
1170
4922
2077
1546
4749
2690
54
3152
168
984
4682
2491
1166
2414
4556
2156
2193
2968
2881
3080
1757
4786
1627
661
4271
4764
1599
3542
3328
4926
4209
4895
2588
3857
669
890
3277
3357
2516
195
3675
878
858
2613
4524
3733
624
3156
2571
3477
1229
2752
4649
4767
2499
1127
700
4950
4646
4440
1398
1622
2592
4482
168
1146
584
2157
217
487
2698
850
521
330
1519
4107
2378
3825
2462
3562
4887
3497
1024
3389
4227
2383
4909
1333
73
1125
913
4424
4934
2978
2130
3798
2539
1442
3084
4922
2035
583
1570
1112
460
1794
1639
4998
4254
2190
4782
134
2301
2176
785
1111
1903
4754
139
556
2776
1433
617
4699
3810
661
109
1577
3252
301
183
3777
4939
4508
4172
1554
38
4329
1770
3414
4617
3872
3292
506
1156
3881
2285
2656
2510
4256
2915
4908
1803
4998
1476
1483
879
3213
3079
1237
2086
969
3451
2197
2025
2460
694
2198
2437
3933
545
3408
4057
2098
1565
1297
1181
706
1868
495
3978
1016
350
1143
2899
1365
4614
1990
914
298
816
2302
4321
2321
4518
912
4278
1730
20
403
3746
4983
3982
4046
2825
335
204
3430
1033
4806
3074
870
2568
4034
1498
1099
663
2107
2921
443
700
3193
2336
442
4328
3081
4225
1916
1103
2870
1595
4903
4212
2988
666
796
1396
1520
933
329
4158
3842
143
2125
2987
1558
2156
4522
4174
1687
3227
49
1735
3549
1215
263
4283
1850
2252
2532
3982
2569
4151
3021
31
2533
4314
1855
3634
1887
2857
983
224
4150
624
494
1619
2367
825
1268
1067
710
4330
237
4707
4083
3257
283
4377
3737
1430
2679
1868
2054
2135
4309
2335
1513
3311
4381
572
3876
2224
2039
2599
1737
738
2026
1449
4687
272
2660
1403
750
1452
3669
1570
3650
2882
1417
3136
385
587
4357
276
1892
1418
1607
4972
3237
1365
277
4525
2183
3641
1519
583
4528
987
1018
2497
3361
2444
1600
3506
3186
2973
1214
3373
509
280
1699
742
2153
4958
4578
1410
4282
2817
3248
4233
2329
4552
649
2886
1986
463
886
1338
3578
1031
4703
2665
683
701
3422
396
1232
22
774
407
3763
237
3384
2332
1680
696
4493
243
471
3553
1773
2374
3890
781
2315
2599
1391
2521
1490
3413
428
3471
2954
504
924
3381
3537
3322
3921
642
199
2417
3875
2373
2669
3856
2204
2487
4025
3483
3125
177
110
534
1838
4394
3284
3376
3411
673
302
744
3664
1956
4345
1199
4003
4248
148
4786
1054
1605
2562
4548
1921
2691
317
1045
784
3288
803
3863
4475
4285
4638
4970
2893
4070
1940
2920
1455
2499
2427
3870
4891
4652
2643
75
4786
3360
1810
2209
3381
518
4060
3988
544
1159
3022
3230
4436
3965
668
2154
4304
3863
4711
3841
138
2984
1302
3527
244
4868
848
1500
2439
2252
372
652
1078
3541
692
1705
1433
4271
3514
1263
3128
3822
3229
2502
3826
1080
1128
5
820
2633
22
1072
510
4990
1115
4743
3234
2813
2638
1709
2918
315
2513
336
4540
4202
3163
3266
2446
2143
3392
4723
3358
5
1427
4060
2541
2557
1459
425
545
1715
810
973
2977
3223
2341
2084
2719
4540
603
317
2521
4876
3807
927
3063
4568
1622
4202
3446
3926
1837
1814
4149
4530
2224
2825
1646
4757
3258
1051
16
3332
2464
2511
3148
657
1486
4392
2952
3274
149
1496
359
842
174
1254
3758
4257
3291
2236
234
3400
1338
352
3732
4904
1287
1698
222
1046
4218
3383
4347
3827
2377
811
4192
2408
563
818
1625
2536
2710
2020
4615
553
2332
3421
2104
1772
3616
3660
7
1455
4660
4194
705
2900
3908
777
1465
3110
2185
1827
732
1269
493
1430
367
3821
4475
1067
1578
4067
4911
3854
1564
205
2992
281
4000
2057
3572
3405
2174
1281
3485
1321
3270
799
4871
4655
1505
2320
2446
2214
3285
1050
4510
751
3971
1875
1626
2114
606
3676
46
4304
2954
3214
3512
917
4400
4381
3551
1059
1953
2065
1102
3577
4681
389
4318
445
2961
813
4558
5
4805
4800
3098
4023
3623
4809
775
3049
1228
1091
997
2092
1548
4852
3657
3491
1206
2704
520
3152
345
3011
769
2824
4669
4939
3916
4989
3867
3512
4893
2632
2025
2020
1283
1537
2878
364
4781
3545
3589
2948
2310
4233
1543
3988
3713
1515
763
132
980
2416
4987
978
1242
3498
151
4847
1926
3041
1068
2295
4355
1379
3751
890
4312
4453
3524
2896
3725
3948
1987
743
4993
3394
488
4671
3271
1647
767
4604
3594
4642
2265
4071
2342
3110
5
3748
451
2828
2456
2125
1025
3674
1877
4130
3838
4962
4084
510
2623
2964
874
3718
4865
4369
138
1348
2785
151
4031
615
107
3347
4439
2424
286
3274
247
408
4368
4171
1688
4735
223
2571
1613
4770
4507
4547
623
534
1612
3525
202
382
1396
575
1322
997
1107
1403
4718
1249
3155
3805
4406
2869
2518
325
124
769
1703
4233
897
3532
2858
680
1522
3061
4810
2174
3634
3157
1791
94
2506
3794
629
2727
4
2717
1059
2286
1171
51
1691
3123
3175
931
3672
3420
2219
4790
4938
2115
3826
4601
590
3886
1745
859
4428
3476
448
3791
4124
3145
1708
4384
3964
364
3317
4968
1205
4504
4589
4408
4659
499
124
3779
752
2725
3996
3836
2224
1111
4418
3149
4409
3598
3078
4694
1989
3094
1846
731
4446
1742
4031
3472
3566
3765
659
4888
33
2299
908
887
2215
3254
901
4821
4357
2990
1547
3733
4917
3731
83
2095
635
2961
4088
648
826
4630
2926
4481
1847
2475
944
168
1914
2433
3433
671
4270
412
861
4827
3402
2984
2813
4651
2472
4591
4550
1640
4231
4689
170
1977
3552
2008
1165
426
3758
219
1229
1230
1090
1589
1821
1518
4649
3966
4150
2740
4854
2663
726
119
1307
4072
2176
1972
2985
897
1128
4567
508
2091
1596
515
4624
4336
620
4360
2333
2369
1676
2375
3667
1410
4788
246
3478
2954
458
1262
2192
539
2087
223
4473
3487
2322
2374
1439
3479
362
1449
2888
4173
4212
3704
1518
1601
4645
3023
2556
475
1792
452
4428
3110
4967
960
4977
4004
4969
3324
984
303
1808
3072
807
1483
1092
1293
4349
472
1416
1258
1203
2483
4000
944
3897
4680
4557
736
4292
1727
3332
2276
2743
4246
3600
2265
2590
1540
66
4444
4917
