18
19
21
24
20
26
28
29
1
2
23
30
27
32
35
36
22
25
31
38
33
40
563
565
42
18
19
20
21
26
33
29
30
1
2
24
31
27
28
35
46
22
23
32
38
36
40
556
557
37
18
19
20
21
26
29
30
31
1
2
23
24
27
28
35
46
22
25
32
38
33
36
557
558
37
18
19
20
24
26
29
30
31
2
22
35
36
27
28
40
46
23
25
32
38
33
41
556
557
37
18
20
19
21
26
31
28
29
5
22
24
30
27
32
40
46
23
25
35
39
33
38
556
557
36
19
20
18
21
29
31
26
28
1
2
30
35
32
33
40
51
22
23
24
38
36
41
556
557
37
18
19
21
24
29
31
20
26
1
2
23
35
27
28
36
40
25
30
32
38
33
41
556
557
42
18
24
19
21
20
26
28
29
1
5
30
31
27
32
35
36
22
23
38
39
40
41
556
557
42
18
24
19
20
26
32
29
30
1
2
23
31
27
28
40
46
33
35
38
44
36
41
556
557
42
18
19
20
21
26
29
28
31
1
2
24
35
32
34
36
40
22
25
30
38
33
41
556
557
23
18
19
21
24
20
29
28
31
1
5
23
35
27
32
46
58
22
26
38
39
33
36
556
557
37
18
19
20
21
26
29
28
31
5
22
23
24
27
33
35
36
25
30
32
39
38
40
556
563
37
19
20
18
21
26
31
29
30
1
2
23
35
24
27
36
40
22
25
28
32
33
38
556
557
37
18
19
20
21
26
31
28
30
1
2
23
24
27
32
29
35
22
33
38
39
36
40
563
565
37
19
24
18
20
26
31
28
29
2
5
23
30
32
33
35
36
22
25
38
40
41
42
556
557
43
18
19
20
21
26
29
28
30
1
5
24
31
32
34
35
36
22
23
38
39
33
42
556
557
40
18
19
20
21
26
29
31
32
1
2
24
30
27
28
35
36
22
23
38
40
33
41
556
557
37
18
20
21
24
26
29
30
31
1
2
19
23
27
28
36
46
22
25
32
35
33
40
563
565
38
18
19
20
21
26
29
28
30
2
22
23
31
24
27
35
36
25
32
38
39
33
40
556
557
41
18
19
20
21
26
32
28
29
1
2
23
24
27
31
35
36
22
25
30
38
33
40
557
558
37
18
19
20
21
26
29
28
30
1
2
23
24
27
33
40
46
22
25
31
32
36
38
556
557
35
18
19
20
21
26
29
30
33
1
2
23
24
28
31
35
36
22
27
32
38
40
41
556
557
37
18
19
20
21
26
31
28
29
1
2
23
24
27
32
40
51
22
25
35
38
33
41
556
557
36
18
20
19
21
29
31
26
28
1
2
23
24
27
32
36
40
22
25
30
35
33
38
556
563
37
18
19
20
21
26
29
28
30
1
2
23
24
27
31
35
36
22
25
32
38
33
40
557
563
41
18
19
21
26
20
29
28
30
1
5
23
24
27
32
35
36
22
25
31
38
40
41
556
557
37
18
19
20
21
31
32
26
28
2
5
23
24
27
33
29
35
22
25
30
38
36
40
556
557
37
18
19
20
21
26
29
28
31
1
2
23
24
32
33
35
36
22
25
30
38
40
42
556
557
41
18
19
21
24
20
26
28
31
1
2
35
36
32
33
29
51
22
23
30
38
40
41
556
558
37
18
19
20
21
26
29
28
30
1
2
23
31
27
32
35
36
22
24
39
40
41
42
557
558
38
19
26
18
21
20
29
28
30
1
22
24
31
27
32
40
46
23
33
35
39
36
38
556
557
37
19
20
18
24
26
29
28
30
1
5
23
31
27
33
35
40
22
25
39
44
36
38
556
557
37
18
20
19
21
26
29
28
30
2
5
23
24
31
32
35
36
25
27
39
40
41
42
556
557
37
19
20
18
21
26
29
28
31
1
2
23
24
27
32
35
40
25
30
39
47
33
36
556
557
37
19
20
18
21
31
32
26
28
1
2
23
24
27
33
29
35
22
25
38
39
36
40
556
557
37
19
24
18
20
26
29
28
30
1
2
23
31
27
32
35
36
22
25
38
39
33
40
556
557
41
18
19
20
21
26
29
30
31
1
2
23
24
28
32
35
36
27
33
39
40
41
42
556
557
37
18
19
20
24
29
31
26
28
5
22
23
30
27
32
35
36
25
33
38
39
40
41
556
557
42
18
19
20
24
26
29
31
32
1
2
23
35
27
28
36
40
22
30
38
39
41
42
556
557
37
18
19
20
21
26
29
28
30
1
2
23
24
32
33
35
40
22
25
31
39
38
41
556
557
37
18
19
20
21
26
29
30
31
1
22
23
35
24
28
36
40
25
27
32
38
33
41
556
557
37
18
19
20
24
26
29
28
30
5
22
23
31
27
33
35
36
25
32
39
40
38
41
556
557
37
18
19
20
21
26
29
28
30
1
5
23
31
24
27
35
36
25
32
38
39
33
40
557
558
37
18
19
20
21
26
29
28
30
1
2
24
35
27
31
40
46
22
23
32
38
33
36
558
563
41
18
19
20
21
26
32
29
30
1
2
23
31
24
27
35
36
22
25
28
38
33
40
556
557
37
19
20
18
21
26
29
30
31
1
5
24
35
27
28
36
46
22
23
39
40
33
42
556
558
38
18
20
19
21
26
29
28
30
1
2
23
24
27
31
35
36
22
25
32
38
33
40
556
557
37
19
20
18
21
26
29
28
33
1
2
24
30
27
32
36
51
22
23
35
38
40
50
556
557
37
18
19
20
21
26
29
28
30
2
5
23
24
27
31
35
36
22
25
32
38
40
41
556
557
37
18
19
21
24
26
31
20
28
5
22
29
30
27
32
35
36
23
25
38
39
33
40
556
557
37
