0
2
1
3
4
7
6
8
14
15
5
9
11
16
10
17
13
27
19
29
25
30
21
22
18
32
34
36
38
39
0
1
3
5
4
6
2
7
9
11
14
15
10
16
8
17
13
27
19
20
25
38
21
22
18
32
34
36
29
30
0
1
2
3
4
5
9
10
6
8
7
11
14
15
17
25
16
44
19
29
30
38
22
36
52
62
50
54
39
41
0
1
2
3
4
7
6
9
5
8
14
15
10
11
17
20
16
27
19
29
25
38
21
22
18
36
43
50
30
39
0
1
2
5
3
4
6
8
9
11
7
14
10
15
20
25
13
16
17
19
29
30
21
22
18
32
34
36
38
39
1
3
0
2
4
5
6
7
8
9
11
14
10
15
17
20
13
27
16
19
29
30
21
22
18
25
34
36
39
41
0
1
2
3
4
5
6
7
8
9
11
14
16
17
15
20
10
13
25
30
38
43
21
36
32
52
34
50
18
19
0
2
1
5
4
6
7
8
3
9
11
14
10
15
17
25
13
16
19
20
30
39
21
22
18
32
34
36
29
41
0
1
2
3
5
7
4
6
8
14
9
11
10
15
17
20
13
16
19
29
30
47
21
25
18
32
34
36
38
39
0
1
2
3
4
5
6
7
8
9
11
14
10
15
17
20
13
29
16
19
25
30
21
22
18
36
34
38
39
41
0
1
2
3
4
5
6
7
9
11
8
14
10
15
17
20
13
27
16
19
25
29
22
36
38
43
50
52
18
30
0
1
2
3
5
6
4
7
9
11
8
14
10
15
17
20
16
27
19
25
29
30
21
22
18
36
34
38
41
45
0
1
2
3
4
5
6
7
8
11
17
29
9
10
14
15
13
16
19
25
30
39
21
36
18
32
34
38
41
45
0
1
2
3
5
8
4
6
15
17
7
9
10
11
14
20
13
16
19
25
29
30
21
38
18
36
43
50
41
45
0
2
5
6
1
4
3
8
9
11
7
14
10
15
17
25
13
27
16
20
30
47
21
22
32
36
34
38
18
19
0
2
1
3
4
6
7
8
5
9
11
14
10
15
17
20
13
16
19
25
29
30
22
36
18
43
34
38
39
41
0
1
2
3
4
5
6
7
8
11
9
15
14
16
17
25
10
13
19
29
38
39
21
22
18
32
34
36
30
41
0
1
2
3
4
5
6
7
8
9
15
17
10
18
11
14
13
16
19
20
25
29
22
36
38
43
34
50
30
39
0
1
2
5
3
4
6
7
9
11
14
15
8
10
17
20
16
29
19
25
30
38
21
22
18
32
34
36
39
41
0
2
1
5
3
4
6
8
9
11
7
14
10
15
17
25
16
27
19
20
29
38
21
22
32
43
34
36
30
39
0
1
2
3
6
7
4
9
8
11
14
17
15
16
10
20
13
27
19
25
5
29
21
22
18
32
34
36
30
38
0
1
2
3
5
6
4
8
14
15
7
17
10
11
25
29
13
16
9
19
30
38
21
22
18
36
34
50
39
41
0
1
2
3
4
5
6
7
8
9
14
15
10
16
20
25
13
17
19
29
11
30
21
36
18
32
34
38
39
41
0
1
2
3
5
6
4
7
9
11
14
29
8
10
15
17
13
27
16
20
25
30
21
22
18
36
34
43
19
39
0
1
2
3
4
8
6
7
14
15
5
9
10
11
17
20
13
16
25
29
38
39
21
36
18
32
34
43
19
30
0
2
1
3
4
5
6
7
9
14
8
11
10
15
17
25
16
27
20
29
30
38
21
36
18
32
34
43
19
41
0
1
3
5
4
6
2
7
9
11
8
14
10
15
17
20
13
16
25
30
29
38
22
36
18
32
34
43
39
41
0
1
2
5
3
4
6
8
9
11
7
29
10
14
15
17
13
27
16
19
38
39
21
22
18
25
34
36
30
41
0
1
3
5
4
7
2
6
9
11
8
14
10
15
17
20
27
29
16
19
25
30
21
22
18
32
34
36
38
39
0
1
3
5
4
6
2
7
8
9
11
14
10
15
17
20
13
16
19
25
29
30
21
38
18
43
34
50
39
41
0
1
2
3
4
6
7
8
5
11
9
14
15
16
10
20
13
27
19
25
17
29
22
36
18
32
34
43
30
38
0
2
3
5
1
4
6
7
8
11
9
14
10
16
15
17
13
29
20
25
30
38
21
22
18
32
36
43
39
41
0
1
2
3
4
5
6
7
8
9
14
17
10
15
11
25
13
16
19
20
29
30
21
36
18
32
34
38
39
41
0
2
1
3
4
5
6
8
9
11
7
14
15
16
10
17
13
29
19
25
30
38
21
22
18
32
34
43
39
41
0
1
2
3
4
5
10
11
6
15
7
9
8
14
17
20
13
16
19
25
29
30
21
36
32
38
56
67
18
55
0
1
2
3
4
5
6
7
11
14
8
9
10
15
17
20
13
16
19
25
29
30
22
36
18
32
34
50
41
45
2
3
5
6
0
4
1
7
8
9
14
15
10
11
17
20
13
16
19
25
29
30
21
22
32
38
34
36
18
39
0
1
2
3
4
5
6
7
8
9
11
14
10
15
17
20
13
16
19
29
25
30
21
22
18
32
34
36
41
45
0
1
2
5
3
4
6
7
9
11
8
15
10
17
20
25
14
16
29
30
38
39
21
22
18
32
36
43
19
41
0
2
1
3
4
5
6
7
9
11
8
15
14
16
17
20
10
13
19
25
29
30
21
22
18
32
34
36
38
39
0
1
2
5
4
8
3
7
6
11
14
15
10
16
9
20
17
29
19
25
38
43
21
22
18
32
34
36
30
41
0
2
5
6
1
3
7
8
9
11
4
14
10
16
15
17
13
35
19
20
25
30
21
22
32
36
34
43
18
29
0
2
1
3
4
5
6
7
8
9
11
14
16
17
15
20
10
13
19
29
25
30
21
22
18
32
34
36
38
39
0
2
1
3
4
5
6
7
8
11
9
14
10
16
15
17
13
29
19
20
30
38
21
22
18
25
34
36
39
41
0
1
2
3
4
5
7
8
6
9
11
14
10
16
15
17
13
27
20
25
29
30
21
22
18
32
34
36
19
38
0
2
1
3
4
5
6
7
8
9
11
14
10
15
17
20
13
16
19
25
29
30
21
22
32
36
34
38
41
45
0
1
2
3
4
5
6
7
8
11
9
14
10
15
17
20
13
16
29
30
38
39
22
25
18
32
34
36
19
41
0
1
3
5
4
9
2
6
8
11
7
15
10
14
17
20
13
29
19
25
30
38
21
22
16
18
34
36
39
41
0
1
2
3
6
7
8
9
11
14
4
15
5
16
10
17
13
27
19
25
29
30
22
36
18
38
34
50
41
45
0
3
1
5
4
6
2
7
8
9
11
15
17
20
10
14
13
16
19
25
30
38
21
22
18
32
34
36
39
41
