6078
9900
5563
1955
1163
1307
4447
4468
1778
5569
4513
7803
8505
785
437
5165
9860
9538
2677
2570
6350
5940
6445
9675
3065
7765
8414
8258
5216
4858
7894
933
8277
6390
1247
4895
4240
9793
8819
5073
7695
7978
3517
3879
8119
4467
5537
7324
2006
6708
86
9600
8417
8049
3169
5549
4362
7157
8414
324
663
6305
4705
2190
6653
1810
825
1092
2210
1283
5815
8010
2668
2554
1090
7884
1217
8775
6595
5855
4785
6618
2903
2142
318
2879
3977
8531
1192
2912
1872
5289
5385
5115
9918
1191
2892
6235
8189
6529
4894
7129
70
4915
3466
4344
4714
7878
5115
3148
5369
6465
3060
4215
151
4852
3493
9358
7909
5845
9693
8869
1631
5471
3890
1398
2521
4546
5579
7960
7511
1095
193
8190
3448
2564
6367
7535
3812
9496
4011
5898
9226
5971
7447
5822
1795
5993
7034
4212
1154
1352
3520
5041
2204
8099
7786
5928
1418
2923
6865
7967
4399
6928
9793
4277
1903
6419
6013
7341
5874
7257
3576
6005
1240
5263
3739
301
816
8625
6737
7858
9456
7475
6433
9241
9821
5474
6486
3393
1845
4054
9240
2484
2682
4158
7208
1666
243
4972
1280
6114
122
4795
1490
1720
5823
3628
7524
4654
4149
7326
4756
5992
7779
4535
2621
4257
2980
5359
4550
4873
3699
2463
7100
7731
1352
3133
7709
6697
6160
2941
5166
2346
8602
7717
9151
563
2487
8639
5377
6625
9573
1110
4997
1765
2666
4271
546
7139
2784
4297
7760
2571
6148
1293
2565
8951
8021
8450
5538
1621
8811
3609
183
9197
365
2668
1235
684
1363
8254
759
6811
4067
2175
3013
3840
7241
7405
9894
8108
2909
4784
9745
4263
1986
1214
2992
2810
9760
6020
9736
817
5288
3187
9495
7179
2329
4168
1618
5478
9678
8592
4672
9467
5095
8919
6440
809
8969
1512
1718
4709
6967
6812
6746
5678
5965
1932
6209
421
2418
248
5706
2864
5615
3863
2671
5292
9395
2380
3528
7483
6829
5740
9166
4561
8045
6304
6887
1790
9290
8380
2202
1199
4690
9718
8803
1812
1118
4486
1565
7693
3516
9706
2366
572
5837
5070
4081
9883
2263
8645
6485
8350
7211
5693
2682
3985
3389
3512
1015
9916
8342
784
2184
9497
2907
8138
1806
9898
4026
7610
5183
6365
3533
2691
5950
178
8155
2128
1002
7219
8541
9418
9733
8272
1584
7403
167
9267
2336
6916
1405
8747
6348
7778
7964
8447
2391
5795
4152
2280
9345
3728
5169
2706
1001
458
9110
3101
7829
8
9731
7718
8288
716
7930
945
3453
5858
9036
3604
4751
5197
9372
5482
6811
9706
9628
1925
9362
3056
5128
6775
8800
617
8635
9057
3807
5409
5176
241
24
3273
6403
936
6996
5593
2776
6156
3965
6989
3263
1037
1077
4158
7221
5376
9386
7842
6178
1560
7051
8258
811
93
5308
7054
2493
4927
3793
4905
7408
2141
1693
8220
2947
1542
2856
3376
5033
24
9870
4626
3578
4999
2241
9500
4378
1946
9698
2088
4553
4481
335
8010
1824
9988
1440
6958
307
6697
477
3755
1044
4226
9815
9738
5997
873
8317
7516
5410
922
3709
5581
7734
6463
2820
4579
8461
1441
6689
9742
6162
5863
2617
8925
7557
8642
3924
3846
3109
3725
5111
7313
5321
3397
3279
287
7490
4343
5272
6033
8396
4696
8825
3002
2744
3975
8961
810
7352
9357
8479
8875
3715
6568
3299
12
9361
496
4787
277
7622
3045
5310
2364
1247
4834
7994
6173
6270
569
269
5438
7670
1857
6069
587
3440
3832
1822
6017
6646
4710
7382
4461
1675
5594
3018
1046
1523
4992
7086
7503
1925
6071
9046
8509
9491
6491
4729
4295
3820
6758
8244
5171
4584
1613
6628
8348
6787
1803
5819
6974
8420
3490
4872
3333
9640
7384
351
5276
8971
7293
2124
6366
7966
1672
6908
8842
6427
9291
4663
432
9577
1464
5282
9727
2003
7553
272
8937
1140
5863
8193
358
7010
845
3401
5677
3266
732
9777
6119
6458
7887
9502
1643
9677
959
5574
1488
5874
4884
187
5241
2174
5196
7004
3966
3157
9223
5320
3304
5643
4973
268
4984
1714
7282
2671
5873
5771
1371
9192
1945
189
1548
5978
6744
5321
6114
1962
4674
9738
9107
289
6482
5272
1811
5875
5335
8368
1339
2381
1352
2205
3838
9588
7725
2855
4517
5098
4494
3448
9550
9942
897
6977
5051
1976
2413
2357
3999
4217
7189
7725
1494
7538
6554
1130
2455
8577
1819
8975
8649
9348
1988
4932
4284
2278
1557
2398
7200
7383
6234
9381
6945
8929
9006
2917
3907
9203
4870
484
6813
2957
3957
3882
1566
6176
9772
3874
6759
2533
9505
2687
8481
2201
7077
8317
5072
5551
3298
6632
1219
6950
7816
2279
6506
8611
6867
8878
8623
1252
8061
8173
7916
4561
3746
6627
1038
8963
2948
2789
6529
4439
7848
420
6862
1770
4952
1633
2318
8366
8742
5875
8018
5841
5136
609
4329
3027
4922
1453
4785
9507
8107
6090
5006
241
3026
3780
622
480
4667
5046
3506
3964
5928
8762
6352
6595
3474
7778
6555
974
1910
5908
8398
5642
8467
8003
2467
7114
5269
9189
7804
1936
3422
7138
6729
6551
6597
737
6226
3149
6360
1157
1636
4837
9486
5688
4177
7723
295
5680
4887
9276
4934
7393
8561
9077
6660
9110
635
1443
5818
6367
1730
9967
7514
4367
8662
8665
7833
316
96
8469
8860
5716
5308
4854
8987
6699
2675
2354
6962
999
2917
8364
9260
6866
8982
9393
8366
9325
1715
5436
8960
9579
8604
4164
471
6979
1840
3310
5773
9946
1413
3454
22
8633
2666
1589
8711
5529
9156
6117
2081
9266
2426
9844
3049
4813
8660
3234
2522
1211
9996
9552
5395
2888
2676
7934
6918
4080
2062
7438
4804
7675
7861
5273
7402
1617
9674
5494
6099
9723
3415
2529
4925
7066
2926
4759
3949
5673
261
9425
1104
7987
381
9446
4175
3733
9677
4728
6944
5681
8011
5614
1931
7562
8170
7123
9950
6638
31
7897
8969
3313
3588
5057
9247
3068
5666
1377
2346
3090
7766
6432
6844
3347
428
9142
180
7963
1748
1481
8498
7266
5324
3658
8743
1274
6479
3966
4199
2542
528
1272
4278
463
1981
3882
8176
6078
7883
1041
1980
1204
1944
6959
2787
4486
5400
681
4876
6826
1248
220
283
357
9274
2297
951
7036
6915
8809
8267
8471
8995
6077
437
3115
9593
3500
5799
9861
1807
5053
3450
4870
9547
3400
8129
3077
5533
1020
4210
2517
420
9038
4944
3739
5777
3344
7286
7093
2452
427
4136
3889
510
6025
645
4250
8485
6738
2498
957
69
1739
1845
2201
7762
3144
8031
7704
1511
1051
2522
2782
3871
9034
5916
166
8386
3144
8859
3343
1731
4780
3053
6673
8666
4536
8678
8862
2104
2904
2669
650
2372
813
252
9297
3586
3585
9674
2544
4616
4114
3176
749
8764
9467
6647
9799
2171
7978
6931
6121
6418
390
313
5359
3156
2519
3303
1317
2844
7686
5105
2768
1606
9517
7195
6250
5964
5942
4405
3861
4385
3089
7743
1336
3315
9864
1008
5460
8219
6114
2472
2354
9088
3555
6039
8695
8774
7331
9322
8398
6138
3686
1894
4936
6458
3859
5135
2788
3901
4151
472
9429
4806
414
7114
2144
4780
7310
4048
8718
8841
3509
9194
623
5234
1307
4774
2055
6385
991
5487
9991
5136
9119
463
7015
1799
5225
258
5535
8995
2246
163
2751
1608
2759
5300
9705
9552
6599
2276
3190
531
3822
8859
5978
4152
2449
7491
9727
7868
4481
1923
5436
4293
8903
6580
7755
7859
6070
8250
6462
4372
3367
162
991
3524
6619
6862
7142
6814
2334
3953
7533
2937
2060
7389
8443
6214
5071
8656
8010
7301
7867
4171
1460
9569
1518
7034
9133
87
9120
8365
2432
9818
3647
642
3644
2006
7449
613
4185
5765
837
2564
9856
3468
424
2406
8051
1177
1753
3936
3759
2800
9
4655
8867
2358
2514
7953
7650
672
4445
9059
7520
1027
5703
5810
7602
2862
8779
5977
8844
8213
5622
4234
6679
8455
901
2170
6472
9374
2823
5775
679
7645
1720
314
3043
7832
5871
227
6566
8501
5584
3235
478
3609
2378
7975
8406
3423
8819
3760
5682
5988
1665
797
8267
1247
4487
6658
2127
4276
7413
8557
2133
3504
7566
8996
1964
26
4305
9203
4210
6401
4581
1169
5177
8779
3128
6241
6573
6732
8289
4255
7780
1320
6874
1124
1955
6063
1622
4130
3267
8396
3370
8947
3272
8466
7434
1315
4927
6157
5759
7606
8955
9397
1863
2569
1809
3624
8041
8392
4225
1012
4480
2957
2809
2641
4932
2065
3840
414
8494
7306
943
5336
1909
2192
4023
6597
2712
4085
7001
4575
132
9601
884
3055
8302
1752
7179
9599
8404
3053
1701
9550
6947
4165
488
3825
5594
7285
7791
7620
3839
5311
236
7213
9082
6286
972
2196
3743
9806
7431
1730
5314
1790
9000
5401
2151
3281
9115
9227
4297
8035
8850
7825
4182
1991
7684
8410
1674
1663
3544
3489
8045
5293
6675
1221
2564
124
7780
8189
6573
5179
7075
1812
5220
9675
8510
1990
4794
3912
4831
7904
1252
1763
5866
6097
3910
8851
4058
6139
4887
5051
4979
6733
4020
5596
844
565
7674
4843
4727
3771
3116
5403
7635
804
659
5290
3051
4779
8870
1680
1654
1684
4646
503
7853
1559
5368
8813
2004
916
8339
5797
4904
3899
7519
958
3961
6687
5276
9020
540
6422
8733
522
4117
1332
7312
5278
4776
4931
5450
100
1705
4202
2874
5736
4069
4360
2612
925
7539
1956
9169
2625
6265
131
8388
3883
5133
6709
5076
9817
2655
1892
359
9544
7062
7891
7012
2066
3958
1424
7273
5545
5403
4047
2209
2427
8057
7231
3645
3452
5910
6162
4772
5419
8524
7464
7689
2667
8739
2843
8306
7406
1938
1962
3013
5459
4406
6330
7425
8709
588
6457
7453
8581
6208
1350
2642
6163
3659
6642
7304
7826
5413
5736
1086
3521
7351
3578
2421
3075
287
9848
2211
5629
3861
8818
8385
9474
6920
3338
2309
7020
9689
6257
7397
1167
7261
574
6324
8835
5250
3973
1598
6599
5140
4478
4952
1466
2355
103
1936
2224
5708
8280
99
1587
8106
8908
6989
8387
9838
2626
2564
1361
9713
331
8376
5035
6183
9085
3107
5660
3130
1990
4831
8984
6530
1281
26
9408
7358
3956
1449
6985
1717
6803
3139
9497
9775
2347
3099
2918
9544
9140
7178
3207
3810
5102
443
7780
784
5492
