450
4
1
31
3
451
2
523
319
17
5
400
69
16
333
6
0
8
700
22
556
30
142
13
726
9
35
26
32
18
608
19
390
23
165
1
450
31
3
451
4
2
523
319
5
400
10
69
9
333
6
8
13
700
17
556
16
142
18
726
19
35
28
32
30
608
26
390
12
165
1
450
31
3
451
4
2
523
319
16
5
400
69
8
333
6
0
9
700
17
556
30
142
13
726
10
35
18
32
19
608
26
390
12
165
1
450
31
3
451
4
2
523
319
5
400
10
69
8
333
6
0
9
700
22
556
16
142
13
726
17
35
18
32
19
608
26
390
12
165
1
450
31
3
451
4
523
5
319
2
400
23
69
8
333
6
0
9
700
17
16
556
142
13
726
10
35
18
32
19
608
26
390
12
165
1
450
31
4
3
451
523
5
319
16
400
10
69
8
333
6
0
2
700
22
556
30
142
9
726
17
35
28
32
19
608
18
390
12
165
1
450
31
3
451
10
2
523
319
5
400
23
69
8
333
4
0
6
700
17
556
16
142
9
726
11
35
18
32
19
608
26
390
12
165
1
450
31
3
451
4
2
523
319
8
5
400
69
16
333
10
6
9
700
17
556
30
142
13
726
11
35
26
32
18
608
29
390
12
165
1
450
31
3
451
4
2
523
319
5
400
10
69
8
333
6
0
13
700
17
556
16
142
9
726
18
35
28
32
30
608
19
390
12
165
1
450
31
3
451
4
523
5
319
2
400
23
69
8
333
6
9
13
700
17
556
16
142
18
726
10
35
26
32
19
608
29
390
12
165
1
450
31
3
451
4
2
5
523
319
8
400
23
69
9
333
6
0
13
700
17
556
30
142
16
726
10
35
26
32
18
608
19
390
12
1
450
31
4
3
451
2
523
319
5
10
400
69
8
333
17
6
9
700
22
556
16
142
13
726
11
35
26
32
18
608
19
390
23
165
1
450
3
31
451
4
2
523
319
5
400
23
69
8
333
6
0
9
700
17
556
16
142
13
726
18
35
26
32
19
608
29
390
12
165
1
450
31
3
451
10
2
523
319
16
5
400
69
8
333
4
0
6
700
17
556
30
142
9
726
19
35
18
32
28
608
26
390
12
165
1
450
31
4
3
451
2
523
319
5
400
37
69
8
333
6
0
9
700
17
556
16
142
19
726
10
35
26
32
18
608
29
390
12
165
1
450
31
3
451
4
2
523
319
5
400
23
69
8
333
6
0
9
700
17
556
16
142
13
726
10
35
18
32
19
608
26
390
38
165
1
450
31
3
451
10
2
523
319
5
400
23
69
8
333
4
0
6
700
17
556
34
142
18
726
11
35
26
16
32
608
29
390
12
165
1
450
31
5
3
451
523
8
319
2
400
10
69
9
333
4
0
13
700
6
556
30
142
16
726
11
35
17
32
18
608
26
390
22
165
1
450
31
3
451
4
2
523
319
5
10
400
69
9
333
6
0
8
700
22
556
16
142
13
726
11
17
35
32
19
608
18
390
12
165
1
450
31
3
451
4
2
523
319
8
5
400
69
9
333
6
0
14
700
17
556
34
142
13
726
10
35
18
32
19
608
26
390
12
165
1
450
31
3
451
10
2
523
319
5
400
23
69
8
333
6
9
13
700
17
556
16
142
18
726
11
35
26
32
28
608
19
390
12
165
1
450
31
3
451
4
2
523
319
5
400
10
69
8
333
17
0
6
700
32
556
16
142
13
726
11
35
18
28
30
608
26
390
12
165
1
450
31
3
451
4
523
5
319
2
400
10
69
9
333
6
0
8
700
17
556
16
142
13
726
11
35
18
32
19
608
26
390
22
165
1
450
31
3
451
4
2
523
319
5
400
10
69
8
333
6
0
9
700
17
556
30
142
13
726
11
35
18
16
32
608
19
390
22
165
1
450
31
4
3
451
523
5
319
2
400
10
69
9
333
6
0
13
700
8
556
16
142
18
726
11
35
17
32
37
608
19
390
12
165
450
2
1
31
3
451
523
4
319
8
5
400
69
9
333
17
0
6
700
22
556
16
142
13
726
10
35
18
32
19
608
26
390
12
165
1
450
31
3
451
4
523
5
319
2
400
10
69
8
333
6
0
9
700
22
556
30
142
13
726
11
35
18
16
32
608
19
390
12
165
1
450
31
4
3
451
2
523
319
8
5
400
69
17
333
6
0
9
700
22
556
30
142
13
726
10
35
18
32
19
608
26
390
23
165
1
450
31
3
451
4
523
5
319
2
400
10
69
8
333
17
0
6
700
22
556
16
142
9
726
11
35
18
32
19
608
26
390
12
165
1
450
31
4
451
10
2
523
319
3
5
400
69
8
333
6
0
9
700
22
16
556
142
13
726
11
35
17
32
18
608
19
390
23
165
1
450
31
3
451
4
2
523
319
5
400
10
69
16
333
6
0
8
700
17
556
35
142
13
726
9
26
28
32
18
608
19
390
12
165
450
2
1
31
3
451
523
4
319
16
5
400
69
8
333
6
0
9
700
17
556
30
142
13
726
10
35
18
32
19
608
26
390
22
165
1
450
31
3
451
4
2
523
319
5
400
10
69
8
333
17
0
9
700
22
556
16
142
13
726
11
35
6
32
18
608
19
390
12
165
1
450
31
3
451
4
2
523
319
5
400
10
69
8
333
6
13
14
700
22
556
34
142
9
726
11
35
17
32
18
608
26
390
23
165
1
450
31
5
3
451
2
523
319
8
400
10
69
9
333
4
0
6
700
17
16
556
142
13
726
11
35
18
32
19
608
26
390
12
165
1
450
31
3
451
4
523
5
319
2
400
23
69
8
333
10
0
6
700
22
556
35
142
9
726
11
17
18
16
32
608
19
390
37
165
1
450
31
4
3
451
2
523
319
8
5
400
69
9
333
6
14
16
700
17
556
30
142
18
726
10
35
26
32
28
608
19
390
12
165
1
450
31
3
4
451
523
5
319
2
400
10
69
8
333
34
0
6
700
17
556
16
142
9
726
19
35
26
32
28
608
18
390
12
165
450
4
1
31
3
451
2
523
319
5
400
10
69
8
333
6
0
14
700
17
556
16
142
13
726
9
35
18
32
19
608
26
390
22
165
1
450
31
3
451
4
523
5
319
8
400
10
69
9
333
6
2
13
700
22
556
30
142
16
726
11
35
17
32
18
608
19
390
12
165
1
450
31
3
451
4
523
5
319
2
10
400
69
8
333
6
0
13
700
22
556
30
142
9
726
11
35
17
32
19
608
18
390
12
165
1
450
31
3
4
451
2
523
319
5
400
10
8
69
333
6
0
9
700
17
556
16
142
18
726
11
35
26
32
19
608
30
390
12
165
1
450
31
4
3
451
523
5
319
8
400
10
69
9
2
333
0
6
700
17
556
35
142
13
726
11
18
28
16
32
608
26
390
12
165
1
450
31
4
3
451
2
523
319
5
400
23
69
9
333
6
0
8
700
17
556
16
142
18
726
10
35
26
32
19
608
29
390
12
165
1
450
31
4
451
17
2
523
319
3
5
400
69
8
333
6
0
9
700
22
556
16
142
13
726
10
35
18
32
19
608
29
390
12
165
1
450
31
3
451
4
2
523
319
5
400
10
69
8
333
6
9
13
700
17
556
16
142
18
726
11
35
26
32
19
608
29
390
12
165
450
2
31
6
3
451
523
4
319
16
5
400
69
17
333
10
0
1
700
8
556
34
142
9
726
11
35
18
32
28
608
19
390
22
165
1
450
31
4
451
10
2
523
319
3
5
400
69
8
333
6
0
9
700
17
556
16
142
13
726
19
35
18
32
28
608
26
390
12
165
450
2
1
31
3
451
523
5
319
8
400
10
69
9
333
4
0
13
700
6
556
16
142
18
726
19
35
17
32
30
608
26
390
12
165
1
450
31
3
451
4
523
6
319
2
5
400
69
8
333
17
0
9
700
22
556
16
142
13
726
10
35
18
32
28
608
19
390
12
165
