7958
361
6499
3668
6451
4537
8674
3890
5913
6054
275
5691
1248
4056
2202
6814
4450
8085
1115
4625
6716
8989
4206
982
1567
7425
4050
3634
9139
3169
2309
4594
8294
4763
4505
6736
2909
7149
7834
530
2942
3318
6592
6526
3843
2320
3878
5846
5834
6648
7484
2751
2384
2380
1607
3263
3862
7645
249
3830
8418
8580
2207
8810
4574
3324
9244
2765
9136
4871
4645
1960
3900
4525
2637
1029
9807
5448
8773
2093
9441
2800
8781
2402
8234
4216
2116
440
3770
1014
6338
9911
4787
3609
4319
4819
3546
7981
3061
6382
2488
364
2416
5977
3169
606
8135
7106
6590
9491
8393
1390
5420
3741
4518
258
402
4721
1935
7643
4568
5651
5492
1265
2425
4574
5489
5118
5769
8468
7809
4423
7186
6070
2638
2407
5863
9031
6734
1115
6265
7767
6065
984
6924
9124
4269
4345
1215
6474
3089
3064
4710
661
9578
5676
7584
9057
2184
3213
2852
8700
9650
2086
7469
9445
4674
4451
3830
2329
1869
5626
9117
8935
5452
7554
7214
4841
3437
546
6541
3221
7462
1445
258
6791
1564
9287
9964
6554
3595
1294
4881
198
8297
3753
4341
4887
7692
844
9011
2556
5781
3249
515
174
2000
2913
434
774
958
1834
6738
9363
6222
3045
6740
3210
5778
3734
6501
9908
9557
2165
8214
9204
7643
3934
6556
5709
5495
7764
599
3094
564
1134
8920
2943
3584
9381
6374
7332
7822
2677
7724
6116
97
9331
8769
2166
9569
3558
2578
8802
5570
7599
5574
9816
920
5993
3981
2508
4344
1344
7003
9973
2686
2805
2322
27
2998
3394
8
8928
2439
3563
4750
759
3425
2614
4544
5095
2714
1201
1114
3057
8513
9886
1933
5821
8399
7470
5685
1586
9951
8395
9413
2294
2394
643
7369
7890
405
3367
5538
9268
5141
6289
9724
9534
9964
6404
6318
6905
744
3461
1054
5
4061
7870
7379
754
5962
7664
310
3058
12
29
4521
8462
6129
1002
296
1457
26
3674
851
5669
8672
787
1998
7107
6241
3740
5144
4731
676
262
1393
892
8705
1924
4539
9112
9311
6993
8786
7055
4429
1554
3757
6236
1716
3826
2521
9792
7227
7464
3137
1966
4481
1783
9629
9814
2903
5041
887
7289
302
4525
435
846
3577
6526
3508
9648
5958
5633
7889
6363
565
4660
719
4375
4000
6323
7667
9390
9796
8114
9478
9110
9445
5694
4438
1766
7290
8263
2070
7362
5311
6463
3817
8163
3736
2099
5601
5542
4920
8559
1843
4821
7032
2367
6866
2216
6045
3186
6219
236
698
7979
5425
7587
1684
4170
4065
9010
7598
8564
5338
3677
3594
2438
3156
7222
9245
8833
579
6434
4664
8688
8773
9336
3145
2715
541
5529
8588
7504
6075
341
5066
3358
5396
2243
1107
2306
7773
3229
3080
1654
5504
3984
6501
6652
815
508
42
7817
5988
4722
1912
7444
5672
7307
8537
5434
678
225
8521
7760
4389
3313
9145
9264
2770
5169
5603
3888
5382
9393
6121
1271
8286
1618
6494
6464
4082
9617
6120
5899
1623
6849
4256
0
1453
8025
6997
2890
7646
601
83
1867
648
5639
8110
7378
9054
8579
1050
883
7660
8608
2494
2040
5194
9781
7434
1902
5105
2714
8871
7087
7708
5739
1815
1980
1513
1927
9172
5159
6533
4050
2610
1481
8666
5012
4147
7624
7567
9770
2795
6205
2760
700
1497
8220
2291
2108
7823
6090
7923
1707
2697
3133
5340
6468
8603
2831
1843
1147
4288
8495
2444
4906
9101
5447
3883
8787
594
3181
4510
6319
9165
9146
6547
1109
5817
3887
7217
8374
9436
2231
3164
400
1664
5246
8170
8436
9658
9530
3654
6685
53
1000
2112
5240
5762
4403
8218
6879
680
6244
2985
8406
2596
9600
6144
2257
1091
8799
2868
2371
5718
3458
4591
9277
3890
9444
7908
1600
6310
7146
443
1660
766
3896
1980
4129
2638
9388
9958
3992
5570
989
5213
2281
7704
9583
760
4819
1857
5938
2550
4904
1472
6802
3882
622
2462
6656
3250
5525
4155
1195
8985
8952
6375
4328
2843
2581
8173
2766
7566
651
1410
6714
1406
9491
5887
2752
4837
4477
7878
2235
8956
6812
7624
3937
8939
6034
2520
5067
481
7716
6714
7061
1418
4447
1932
9696
9397
2019
1721
6224
9743
1934
1498
3374
4608
9523
2602
9714
2188
3680
7842
9672
2183
6331
1669
8795
6480
929
9014
711
1811
9476
1063
6991
4810
1835
8308
5830
2856
1099
1880
3787
210
6187
7350
6670
8154
9950
7271
6880
6325
2192
1713
4689
3172
6972
8366
7490
785
5016
854
8722
2870
3206
9253
127
5450
61
2188
2598
3901
5690
6272
7004
9016
5520
6473
7295
9731
4678
6899
699
8118
7273
8673
7165
4224
2580
3940
6276
9816
3173
3455
4037
7302
5675
7375
3651
2395
8605
2810
2571
3485
168
1905
3917
7666
5393
5317
647
9842
7981
2520
7670
9869
8963
5769
5536
5918
3666
3656
5255
2558
7824
2848
2289
4935
4800
5243
8332
6131
1041
1996
4094
2898
1871
872
6846
8794
5720
1535
2591
71
4092
2958
6968
4478
1246
4373
1151
3888
1892
9514
7284
6874
3662
6300
1309
6645
2672
1265
3162
3728
7319
810
7874
4574
6896
4588
2720
5531
99
3971
4669
6746
4298
4908
9981
288
5426
228
2986
6676
916
6090
7297
6012
6961
3368
1642
4871
7982
8548
515
1464
7172
3364
9580
7976
4791
523
4
9355
2964
1769
3044
1157
602
7045
2972
9011
2111
9881
7022
5274
5783
7748
9456
7112
6157
9514
533
8413
7172
6052
8884
238
651
8777
9100
2072
8180
8400
4622
83
7062
4336
4921
892
9613
6410
6795
6675
6747
8559
637
4282
244
1993
6917
4156
4807
6981
943
6568
850
3177
2150
250
2034
7035
9406
7985
1452
9001
9688
6622
7249
3313
447
6109
468
9721
8847
6494
1819
3013
7586
9927
9192
9999
3676
5744
4738
4729
9904
1422
2112
9622
2913
6405
9208
7415
405
3873
7789
2143
9889
8233
7445
86
3515
3742
2887
672
3330
4847
4845
2607
4405
5587
7542
3680
4883
5751
2744
4423
708
3420
5803
6985
3382
9038
7785
153
9542
3403
8506
5520
3277
9559
917
3364
2496
4615
9036
5325
9461
4785
7572
6573
509
9667
1822
5508
8123
8125
100
134
7377
7805
6959
7281
6524
4822
9385
1518
8612
373
3969
3568
5182
978
8209
7624
3521
3823
8390
1268
9297
3124
6122
2383
7405
4423
6605
5993
892
4247
3488
7722
5019
5513
5796
6131
3607
9421
2282
887
1225
5095
4833
3025
5449
7384
240
4459
1426
9216
6897
8343
9788
1079
8859
8569
1572
8871
1891
4046
9051
5790
4946
4901
6463
1212
4763
7649
8565
7148
3975
6842
6977
9601
4956
8101
5623
1326
5901
4998
7007
526
875
207
7843
1944
6457
9107
9966
291
2902
3904
5838
3026
2918
3764
9778
3630
3274
3955
1277
4958
2579
8083
4058
6612
2619
7515
3029
3461
1567
8296
8698
7769
7314
2493
2863
4468
3835
9423
6562
7403
9955
1523
4748
4482
1039
5052
8602
8325
4752
8004
9312
4936
8466
9235
8159
3556
5320
7191
595
993
6943
6908
3610
9599
937
6191
2530
2248
4520
2700
9794
4083
4895
3600
8160
7537
7554
8695
9085
6637
7394
5443
155
9069
1779
8738
9243
1503
7626
1520
6641
8514
5990
9685
3426
2828
567
9856
5496
7362
7550
3595
5732
4357
73
5819
8829
8861
2534
2028
2102
2118
9394
4594
1025
1798
2347
260
2413
1238
5106
892
5323
1220
7605
3759
438
3954
9039
6307
3468
9550
3263
1511
1971
7294
8099
6429
5604
1584
9992
3947
1384
8177
3156
7824
8946
8290
8220
5834
3702
6622
2163
6309
7126
3618
1583
8281
1361
7937
799
7632
2225
6071
5177
9086
8660
2052
3130
8513
7447
9587
3446
601
3215
2803
8042
1717
7327
4940
1195
7349
3057
6260
1955
2865
2044
9647
9139
4709
3868
2061
5590
4165
1698
9841
7747
9778
2184
5311
2126
2246
4098
1605
8895
2927
8852
3775
2314
1414
1318
2917
2343
4327
5440
6677
9167
5141
8338
7646
1877
2323
6003
19
6413
170
5036
364
8516
3600
2647
3675
515
5349
1880
2394
7348
7015
9612
6627
9620
5788
235
7088
3701
6907
895
7011
6720
6684
7276
6567
8182
4411
5199
8130
7776
7983
6223
4719
1517
4263
2700
7231
6775
2432
8372
7316
8079
3585
7888
6982
6888
4759
7490
6740
9972
9494
1974
938
2003
6065
1367
3374
2616
9942
5334
6515
4214
3305
8479
8725
4239
5759
9605
1078
5887
8046
2467
1345
9174
4515
866
7405
8950
209
655
5549
1542
2260
642
2548
3119
1038
201
6445
5966
7670
335
5964
9377
7676
8751
2546
7731
921
5325
6417
556
8376
1906
6991
4752
1183
9041
8800
4038
3363
2064
636
7208
962
8273
9890
5433
9851
4156
5125
4213
1121
4665
1576
7159
5225
8392
4120
7771
9082
6100
7215
8459
6752
2946
6156
5901
4420
5335
5657
21
5431
3706
9458
6093
1193
6831
8643
495
9518
9233
1897
9227
6712
414
477
9088
2053
5324
2972
1453
7935
2048
5331
4376
5704
891
8681
1058
3096
1839
2607
6060
1385
540
451
1851
2025
8087
1515
5149
9559
5561
5201
5080
6457
1954
2758
5055
2553
3440
4510
2735
2596
1465
5515
6300
7174
9924
6043
8129
5340
1088
7002
2121
7535
2008
5729
1625
1909
5466
3165
8400
6570
7869
5694
1683
6809
8090
7131
5981
9092
1880
8408
2732
3840
5339
8265
8728
6671
6343
9760
1117
3504
9421
7453
1373
7033
9178
4978
3789
4168
8945
3806
8828
5532
3694
6179
7370
2990
8369
3875
3408
5660
6294
7983
8808
7211
3891
9855
1152
508
6118
3703
8298
4015
7074
8632
3846
5185
550
2440
5096
3633
5915
3939
676
4185
7139
8642
5255
7883
2794
3806
7834
9437
5560
8676
5346
4845
5708
3821
3832
5555
6246
70
7510
2456
8689
3388
86
5414
8719
8330
8612
4582
5751
5735
6283
1709
4741
3260
8698
5408
2772
5530
4847
2922
4216
3641
3918
6065
6685
6328
6340
5807
5658
4672
9402
8589
7386
5305
7530
6184
2115
8892
6242
5846
664
141
654
5051
7394
8357
2938
6697
7753
2074
8229
1509
9541
1421
2620
1619
3632
7811
3625
169
5943
4897
5999
8128
1094
8825
8919
1981
8687
6552
9268
2739
3279
2880
5717
5703
5246
5825
4008
4753
8920
3680
5539
2522
5301
8502
2335
