3
4
0
2
6
7
1
8
9
11
5
15
12
16
10
14
18
23
21
27
17
22
30
31
87
91
40
54
26
52
35
45
49
58
41
43
20
37
88
177
2
3
0
1
6
7
4
8
9
11
5
12
15
16
14
17
24
27
10
18
19
21
20
30
91
119
22
33
40
41
35
37
58
60
47
59
31
49
88
177
0
1
3
5
2
4
6
7
8
9
11
12
16
18
10
14
15
23
21
27
17
19
20
30
87
119
22
33
32
40
35
37
24
49
41
43
31
47
88
177
0
1
3
5
2
6
4
7
8
9
11
12
15
16
10
14
18
23
21
27
17
19
20
30
87
119
22
37
32
40
35
45
24
58
41
43
31
49
88
177
1
4
0
2
3
6
5
7
8
9
12
15
11
16
10
17
18
23
21
27
22
25
20
30
87
91
19
33
26
32
37
40
24
49
35
41
31
43
88
177
0
1
2
3
4
6
5
8
9
11
7
12
15
16
10
14
18
23
27
30
17
19
20
21
87
120
33
37
26
32
22
35
24
40
41
43
31
47
88
177
0
1
2
3
4
6
5
7
11
16
8
9
15
18
10
28
24
27
12
30
17
21
35
38
87
119
19
37
26
32
40
45
58
59
41
43
20
22
88
177
0
1
2
6
4
7
3
5
8
9
11
15
12
16
10
14
18
23
21
27
17
19
20
30
87
91
22
33
26
32
40
54
24
49
41
43
31
37
88
210
0
2
1
3
4
8
5
6
9
11
15
16
12
18
7
10
23
24
21
27
17
19
20
30
87
91
33
40
26
32
22
35
49
58
47
59
31
37
88
209
0
1
2
3
6
7
4
5
9
11
12
16
8
15
10
14
18
24
21
27
17
19
20
30
87
119
22
37
26
32
35
40
49
58
41
43
60
72
88
91
0
1
2
3
4
6
5
7
8
9
11
12
15
16
10
14
18
23
21
27
19
22
17
20
87
91
37
40
26
30
45
54
49
58
35
41
43
60
88
177
0
1
3
6
4
8
9
10
2
11
15
30
5
7
14
16
23
24
12
21
17
18
20
27
87
119
19
37
26
32
22
35
40
49
41
43
47
60
177
209
0
3
2
5
1
4
7
8
6
9
11
12
15
16
14
17
10
23
18
21
19
22
20
27
87
91
37
40
26
30
35
45
24
49
43
47
31
41
88
209
0
1
2
3
4
6
5
8
15
16
7
11
12
18
10
17
24
27
9
21
25
30
20
35
87
91
22
33
26
32
37
40
58
59
43
47
19
31
88
177
1
3
2
5
0
4
6
7
8
9
12
15
11
18
10
14
23
24
16
21
17
19
20
27
87
91
37
40
26
30
22
35
58
59
47
60
31
43
88
209
0
1
2
3
4
6
5
7
8
9
11
12
15
16
14
17
10
18
21
27
19
22
30
35
91
119
33
37
26
32
40
45
58
59
41
47
20
31
88
177
0
1
2
3
4
6
5
7
9
16
11
15
8
12
14
17
10
23
21
27
18
19
20
30
87
120
37
40
32
43
22
45
24
49
35
47
31
41
88
91
0
2
1
3
8
11
4
5
6
9
12
15
7
16
10
14
18
24
21
27
17
19
20
30
87
91
22
33
26
40
35
37
58
60
41
43
31
47
88
177
0
1
2
3
4
6
5
9
11
12
15
16
7
8
10
14
18
23
21
27
17
22
20
30
87
91
19
37
26
32
35
54
24
40
41
43
31
47
88
177
0
1
2
5
3
7
6
8
9
11
4
12
15
16
10
14
18
23
21
27
17
22
20
31
87
119
19
37
26
30
35
40
49
58
43
47
60
72
177
209
0
1
3
5
2
4
6
7
8
9
11
12
15
16
10
14
18
23
21
27
17
25
30
31
87
119
19
33
26
32
22
35
24
40
41
43
37
47
88
91
0
2
1
3
4
6
7
9
5
8
11
12
15
18
10
14
24
27
16
21
19
22
17
30
87
91
33
37
26
32
35
45
40
49
41
59
20
31
88
177
2
3
0
1
4
6
5
7
8
11
9
12
15
16
10
14
23
24
18
21
17
19
20
27
87
91
22
33
30
40
35
37
49
58
41
43
31
60
88
177
0
1
2
3
4
6
5
7
8
11
9
12
15
16
14
17
18
23
10
21
19
22
27
30
87
91
33
37
26
32
35
45
24
49
40
41
31
47
177
209
0
1
2
3
4
6
7
8
5
9
11
12
15
16
10
14
18
23
21
30
17
19
20
37
87
91
22
27
26
32
35
40
24
49
41
47
31
43
88
177
0
1
2
5
3
4
6
7
8
9
11
12
16
18
14
15
10
23
27
30
17
19
20
31
87
91
33
37
26
32
22
40
49
58
35
43
47
72
88
177
0
1
3
5
2
4
6
7
8
9
11
12
16
18
10
14
15
23
21
27
17
19
20
37
87
91
22
33
26
30
35
40
24
49
41
47
31
43
88
177
0
2
1
3
4
6
5
9
8
11
12
15
16
18
7
10
23
24
21
27
17
19
20
30
87
91
33
37
26
32
22
35
58
59
40
41
43
47
177
209
1
2
3
5
0
4
6
8
11
15
7
9
12
16
10
14
18
23
21
27
17
19
20
30
91
119
22
33
26
32
37
40
49
59
35
41
31
43
88
177
0
1
2
6
3
4
5
8
9
11
7
12
15
16
14
17
23
24
18
27
10
21
20
30
87
91
22
33
26
32
35
37
40
59
41
43
19
31
88
177
0
1
2
3
4
7
5
6
8
11
9
12
15
18
10
28
27
37
21
30
22
25
16
17
87
91
19
33
32
41
35
45
24
40
47
58
20
31
88
177
0
1
3
5
2
4
6
7
8
9
11
15
12
18
10
14
24
37
16
21
17
19
20
27
87
91
22
33
26
30
35
40
49
59
41
58
47
72
88
177
1
2
3
5
0
4
6
7
8
9
12
15
11
16
10
14
18
24
21
27
17
19
20
30
87
91
33
37
26
32
35
40
49
58
41
43
31
60
88
177
0
1
2
3
4
6
7
8
5
9
12
18
11
15
10
14
23
27
30
31
19
21
16
20
87
91
17
22
26
32
35
37
24
40
41
43
47
49
88
177
1
2
0
3
4
9
5
6
11
12
7
15
8
27
10
14
18
23
30
31
16
17
20
21
87
91
33
37
26
32
22
35
24
40
41
43
19
47
88
177
0
1
3
5
2
4
6
7
9
12
8
11
15
16
10
14
18
23
21
27
17
19
20
30
87
91
22
33
32
40
35
45
24
49
41
43
31
37
88
209
0
1
2
3
4
6
5
7
8
9
11
16
12
15
10
14
24
27
18
21
17
19
20
30
87
91
33
45
26
32
22
37
40
49
41
43
31
47
88
209
0
1
3
5
2
4
6
7
9
11
8
12
15
16
10
17
18
23
21
27
19
25
20
30
87
91
22
45
26
32
35
37
40
49
41
43
31
60
88
177
1
3
2
5
4
6
0
7
9
15
8
11
16
30
10
14
18
23
12
21
17
19
20
27
120
126
22
33
32
40
35
37
24
49
43
47
31
60
88
91
0
1
2
3
6
7
4
5
8
11
9
12
15
18
10
14
23
24
21
27
16
17
20
30
120
150
22
37
26
41
35
40
58
59
43
47
19
31
88
177
0
1
3
5
2
4
7
8
6
9
12
16
15
30
17
18
23
27
10
11
21
22
20
31
87
91
19
37
26
32
35
40
24
58
41
43
47
60
88
209
0
1
2
3
4
6
5
7
8
9
12
15
18
27
10
14
23
24
11
16
17
19
20
21
87
91
37
45
26
32
22
54
40
49
35
41
30
31
88
177
0
1
2
3
4
6
5
7
8
12
9
11
15
16
10
14
18
23
21
31
17
19
20
27
87
91
22
33
30
32
37
40
24
49
35
41
43
47
88
177
0
1
3
5
2
4
7
8
6
9
11
12
15
16
10
14
18
23
27
31
19
21
30
35
87
91
17
22
26
40
37
45
24
49
41
43
20
47
88
177
0
1
2
5
3
4
6
7
8
9
11
12
15
18
10
14
23
24
16
21
17
19
20
27
87
91
22
33
26
30
37
40
49
59
35
43
31
47
177
209
0
2
3
6
1
4
5
9
11
12
7
15
18
27
8
10
23
24
16
21
17
19
20
30
87
91
33
37
26
32
22
35
40
58
41
43
31
47
88
177
1
2
0
3
4
6
5
7
9
11
8
12
15
18
17
28
10
23
16
21
19
22
20
27
87
91
33
37
30
40
35
45
24
49
41
43
31
47
88
177
0
1
2
3
4
6
5
7
8
9
11
12
15
16
14
18
10
24
21
27
19
22
17
30
87
91
33
37
26
32
40
54
49
60
41
47
20
31
88
177
0
1
2
3
4
6
7
8
5
9
12
15
11
18
14
16
10
23
21
27
17
19
20
30
87
91
22
33
26
32
35
37
24
40
41
43
31
47
88
177
0
1
2
3
4
6
7
8
5
9
11
12
15
16
10
14
18
23
21
27
17
22
20
30
87
91
33
37
26
40
35
45
24
49
41
43
31
60
177
209
