8
15
13
14
9
11
16
19
21
25
10
12
28
32
33
77
2
17
29
35
27
40
23
45
42
68
22
38
37
44
31
47
20
36
41
54
67
71
26
61
11
13
10
14
8
9
16
19
21
24
12
28
32
37
33
77
1
2
25
29
27
40
23
45
42
68
22
41
35
44
31
47
20
36
54
59
67
71
17
26
13
15
10
23
9
12
16
19
11
21
28
43
32
37
110
112
1
2
14
25
3
27
47
49
29
33
8
22
44
48
18
31
20
36
41
54
35
67
17
26
8
11
10
13
9
15
16
19
24
32
12
21
28
37
77
112
1
17
14
25
27
40
23
45
29
33
22
38
35
44
18
47
36
80
41
51
71
83
26
54
8
11
10
14
9
12
16
19
15
21
28
37
32
39
33
77
1
2
25
29
40
47
45
49
27
42
22
38
35
44
18
51
20
36
13
59
71
83
17
54
8
11
10
13
9
12
16
19
15
21
28
37
32
39
33
77
1
2
25
29
27
40
45
49
14
42
22
107
35
44
18
23
80
81
41
54
67
83
17
26
11
13
10
14
8
12
9
16
15
21
28
37
39
40
32
33
1
2
25
29
27
47
23
45
42
68
22
38
35
44
18
31
19
36
41
54
67
71
17
26
15
16
10
13
9
11
19
23
21
24
12
28
32
37
33
110
1
2
14
25
8
27
45
47
42
68
22
40
29
35
18
31
36
80
41
44
67
71
17
26
8
11
10
13
9
12
16
19
21
25
28
37
39
43
32
33
17
42
14
35
3
27
45
47
29
68
22
38
44
48
23
31
20
80
41
51
67
71
26
54
8
13
10
14
9
11
19
23
15
24
12
21
16
28
32
77
2
17
25
29
3
27
45
47
33
42
38
40
35
37
18
22
20
36
41
44
67
71
26
54
8
13
10
19
9
12
16
23
11
15
21
28
32
37
33
77
1
2
14
25
27
47
45
50
42
70
22
38
29
35
18
31
20
36
41
44
67
71
17
26
8
13
10
19
9
11
16
23
15
21
12
28
32
37
33
112
1
17
35
46
3
27
45
47
14
29
22
38
25
44
18
31
36
80
41
51
67
71
26
61
8
11
10
13
9
12
16
19
15
21
28
37
32
39
33
77
1
2
14
25
3
27
23
47
29
68
22
38
35
44
18
31
20
36
41
51
67
71
17
26
8
13
10
14
9
11
16
19
15
21
12
28
32
37
33
77
1
17
29
35
3
25
23
45
27
42
22
38
44
48
18
47
20
81
41
51
67
71
26
54
8
13
10
14
9
11
16
19
21
24
12
28
32
37
33
77
1
2
25
29
40
47
45
49
27
68
22
41
44
48
18
23
20
36
54
59
35
67
17
26
8
13
19
23
10
11
9
27
21
24
12
28
16
32
33
77
2
42
14
25
3
40
45
47
29
68
22
38
35
44
18
31
20
36
41
51
67
71
17
26
11
13
10
14
8
9
16
19
15
21
12
28
32
40
33
77
1
2
25
29
3
27
23
45
42
70
41
47
35
37
18
22
20
36
44
51
67
71
17
26
13
15
10
14
8
9
16
19
11
21
12
28
39
40
32
33
1
2
29
35
3
25
23
47
42
68
38
41
44
48
18
22
20
27
51
54
67
71
17
26
8
11
10
13
9
12
16
19
15
24
28
37
21
32
33
77
2
17
29
35
3
25
23
45
14
27
22
38
44
75
31
47
20
81
41
51
67
71
54
61
8
11
10
13
9
12
16
23
21
24
28
43
32
37
33
77
17
42
14
25
3
40
47
49
27
29
22
38
35
44
18
31
36
81
41
51
67
83
26
54
8
11
10
13
12
15
9
16
24
25
21
37
39
40
32
33
1
2
14
28
27
47
23
45
29
68
22
38
35
48
31
51
19
20
54
59
67
71
17
26
8
13
10
14
9
11
16
19
15
21
12
28
37
39
32
33
1
2
25
29
3
27
47
49
68
70
22
38
35
44
18
23
20
36
41
51
67
71
17
26
8
11
10
13
9
14
16
19
24
25
21
28
32
37
33
110
1
2
29
35
3
27
23
45
42
68
12
22
44
77
18
31
20
80
41
51
67
71
26
54
8
11
10
13
9
12
16
19
15
21
28
37
32
39
33
110
1
2
14
25
27
40
23
45
42
72
22
38
29
35
18
31
20
36
44
51
67
71
17
26
8
15
14
19
9
13
16
27
21
24
10
12
28
32
33
77
1
2
25
35
3
40
23
45
42
68
22
38
29
37
18
31
36
82
44
51
67
71
17
26
8
11
10
13
9
12
16
19
15
21
37
43
28
32
33
77
1
2
14
25
27
40
23
45
42
68
22
38
29
35
18
47
20
36
41
44
67
71
17
26
8
11
10
13
9
14
16
23
15
21
12
28
32
37
33
77
1
2
29
35
3
25
47
49
27
42
22
38
48
75
31
61
19
20
41
44
67
71
26
54
8
13
10
14
9
11
16
19
15
21
28
43
32
39
33
77
1
2
25
29
3
27
23
45
42
68
12
22
35
44
18
31
20
36
41
51
67
71
17
26
8
15
10
13
9
11
16
23
21
24
12
28
32
37
77
110
1
2
14
25
3
47
45
50
29
33
22
38
35
44
51
61
19
20
41
59
67
71
17
26
8
13
10
14
9
11
16
19
21
24
12
28
32
37
33
77
1
2
25
35
3
27
23
45
29
42
22
38
75
78
18
31
20
36
41
51
67
71
17
26
11
15
10
13
8
9
16
27
21
25
12
37
28
32
33
77
1
17
14
46
3
40
45
49
42
70
38
41
29
35
18
23
19
20
44
51
67
71
26
54
8
11
10
13
12
14
19
23
21
24
28
37
16
32
33
77
1
2
29
35
3
40
45
47
27
42
38
83
25
44
51
61
20
36
54
59
97
134
26
82
8
11
14
19
9
10
27
28
13
15
21
37
16
32
110
112
1
2
25
29
3
47
23
45
33
42
12
22
35
44
18
31
20
36
54
59
67
71
17
26
8
11
10
13
9
12
16
19
21
24
37
43
28
32
77
110
1
2
14
25
3
27
23
45
29
68
22
38
33
44
18
31
20
35
41
51
67
71
17
54
8
11
10
13
9
12
16
19
15
21
28
37
32
40
77
110
1
17
14
25
3
27
23
45
42
68
22
41
33
35
18
31
20
36
44
51
67
71
26
54
8
11
10
13
9
12
16
27
15
21
37
43
28
39
33
77
1
2
14
25
3
47
45
49
29
42
22
38
44
48
18
23
20
35
51
54
32
67
17
81
8
11
10
13
9
12
16
19
25
42
21
28
32
37
33
77
1
2
14
29
3
47
23
45
27
68
22
38
35
75
18
31
36
80
41
44
67
71
17
26
8
11
19
23
9
10
16
27
13
15
12
21
28
32
33
77
1
2
14
25
3
40
45
47
70
72
22
38
29
35
18
31
20
36
44
54
67
71
26
61
8
11
10
19
9
12
16
35
13
21
28
37
32
39
33
77
1
42
14
25
3
27
23
45
29
68
38
40
44
48
18
22
20
36
41
51
67
83
17
61
8
11
10
13
9
12
16
19
15
24
21
37
32
40
110
112
1
2
25
28
3
47
23
45
14
33
22
38
29
35
18
31
20
27
41
44
67
71
17
26
8
15
10
13
9
11
16
19
21
24
12
37
28
32
33
110
1
42
14
25
3
27
45
69
68
77
22
38
35
48
18
23
20
36
41
44
67
71
17
54
8
11
19
27
9
12
16
28
13
21
10
37
32
39
33
77
1
17
29
35
3
25
23
50
42
68
22
38
44
48
18
31
20
36
41
51
67
83
26
61
11
13
10
14
9
12
19
23
15
21
28
43
16
32
33
77
1
2
25
29
3
8
45
47
27
42
22
83
35
37
31
51
20
36
41
44
67
71
26
54
8
11
10
13
9
12
19
23
15
25
21
28
32
37
16
33
1
2
14
29
3
27
45
69
42
68
22
38
44
48
18
31
20
36
41
51
67
71
17
26
8
11
10
13
9
12
16
19
15
21
28
43
32
37
77
110
1
2
25
29
3
27
45
47
72
115
22
38
35
44
18
23
20
36
14
33
67
134
17
26
8
11
14
19
9
10
16
23
13
15
12
21
28
32
33
77
1
2
25
29
3
27
45
49
42
68
38
40
35
37
18
22
20
36
41
51
71
83
17
26
8
15
10
13
11
12
9
16
21
24
37
83
32
39
33
112
1
2
14
25
27
40
23
45
29
42
22
38
28
35
18
31
19
20
44
54
149
151
17
26
8
13
10
14
9
11
16
19
15
21
12
28
37
39
32
33
2
17
25
35
27
40
23
45
29
42
22
38
44
48
31
47
20
36
41
51
83
97
61
82
11
15
10
13
8
9
16
23
21
24
28
83
32
37
77
110
2
17
25
29
3
40
49
50
14
27
22
38
35
44
18
51
12
19
33
54
67
71
26
61
8
11
13
14
9
12
16
19
15
25
21
28
37
39
32
33
1
2
29
35
27
47
23
45
42
68
10
22
44
48
18
31
36
80
41
51
71
83
17
26
