6
2
1
59
11
40
5
213
93
58
6
2
1
59
11
40
5
213
93
58
6
2
1
59
11
40
5
213
93
58
6
2
1
59
11
40
5
213
93
58
6
2
1
59
11
40
5
213
93
58
6
2
1
59
11
40
5
213
93
58
6
2
1
59
11
40
5
213
93
58
6
2
1
59
11
40
5
213
93
58
6
2
1
59
11
40
5
213
93
58
6
2
1
59
11
40
5
213
93
58
6
2
1
59
11
40
5
213
93
58
6
2
1
59
11
40
5
213
93
58
6
2
1
59
11
40
5
213
93
58
6
2
1
59
11
40
5
213
93
58
6
2
1
59
11
40
5
213
93
58
6
2
1
59
11
40
5
213
93
58
6
2
1
59
11
40
5
213
93
58
6
2
1
59
11
40
5
213
93
58
6
2
1
59
11
40
5
213
93
58
6
2
1
59
11
40
5
213
93
58
6
2
1
59
11
40
5
213
93
58
6
2
1
59
11
40
5
213
93
58
6
2
1
59
11
40
5
213
93
58
6
2
1
59
11
40
5
213
93
58
6
2
1
59
11
40
5
213
93
58
6
2
1
59
11
40
5
213
93
58
6
2
1
59
11
40
5
213
93
58
6
2
1
59
11
40
5
213
93
58
6
2
1
59
11
40
5
213
93
58
6
2
1
59
11
40
5
213
93
58
6
2
1
59
11
40
5
213
93
58
6
2
1
59
11
40
5
213
93
58
6
2
1
59
11
40
5
213
93
58
6
2
1
59
11
40
5
213
93
58
6
2
1
59
11
40
5
213
93
58
6
2
1
59
11
40
5
213
93
58
6
2
1
59
11
40
5
213
93
58
6
2
1
59
11
40
5
213
93
58
6
2
1
59
11
40
5
213
93
58
6
2
1
59
11
40
5
213
93
58
6
2
1
59
11
40
5
213
93
58
6
2
1
59
11
40
5
213
93
58
6
2
1
59
11
40
5
213
93
58
6
2
1
59
11
40
5
213
93
58
6
2
1
59
11
40
5
213
93
58
6
2
1
59
11
40
5
213
93
58
6
2
1
59
11
40
5
213
93
58
6
2
1
59
11
40
5
213
93
58
6
2
1
59
11
40
5
213
93
58
6
2
1
59
11
40
5
213
93
58
