4
110
118
51
177
57
179
34
107
172
4
110
118
51
177
57
179
34
107
172
4
110
118
51
177
57
179
34
107
172
4
110
118
51
177
57
179
34
107
172
4
110
118
51
177
57
179
34
107
172
4
110
118
51
177
57
179
34
107
172
4
110
118
51
177
57
179
34
107
172
4
110
118
51
177
57
179
34
107
172
4
110
118
51
177
57
179
34
107
172
4
110
118
51
177
57
179
34
107
172
4
110
118
51
177
57
179
34
107
172
4
110
118
51
177
57
179
34
107
172
4
110
118
51
177
57
179
34
107
172
4
110
118
51
177
57
179
34
107
172
4
110
118
51
177
57
179
34
107
172
4
110
118
51
177
57
179
34
107
172
4
110
118
51
177
57
179
34
107
172
4
110
118
51
177
57
179
34
107
172
4
110
118
51
177
57
179
34
107
172
4
110
118
51
177
57
179
34
107
172
4
110
118
51
177
57
179
34
107
172
4
110
118
51
177
57
179
34
107
172
4
110
118
51
177
57
179
34
107
172
4
110
118
51
177
57
179
34
107
172
4
110
118
51
177
57
179
34
107
172
4
110
118
51
177
57
179
34
107
172
4
110
118
51
177
57
179
34
107
172
4
110
118
51
177
57
179
34
107
172
4
110
118
51
177
57
179
34
107
172
4
110
118
51
177
57
179
34
107
172
4
110
118
51
177
57
179
34
107
172
4
110
118
51
177
57
179
34
107
172
4
110
118
51
177
57
179
34
107
172
4
110
118
51
177
57
179
34
107
172
4
110
118
51
177
57
179
34
107
172
4
110
118
51
177
57
179
34
107
172
4
110
118
51
177
57
179
34
107
172
4
110
118
51
177
57
179
34
107
172
4
110
118
51
177
57
179
34
107
172
4
110
118
51
177
57
179
34
107
172
4
110
118
51
177
57
179
34
107
172
4
110
118
51
177
57
179
34
107
172
4
110
118
51
177
57
179
34
107
172
4
110
118
51
177
57
179
34
107
172
4
110
118
51
177
57
179
34
107
172
4
110
118
51
177
57
179
34
107
172
4
110
118
51
177
57
179
34
107
172
4
110
118
51
177
57
179
34
107
172
4
110
118
51
177
57
179
34
107
172
4
110
118
51
177
57
179
34
107
172
