3
189
165
79
80
93
87
101
130
183
3
189
165
79
80
93
87
101
130
183
3
189
165
79
80
93
87
101
130
183
3
189
165
79
80
93
87
101
130
183
3
189
165
79
80
93
87
101
130
183
3
189
165
79
80
93
87
101
130
183
3
189
165
79
80
93
87
101
130
183
3
189
165
79
80
93
87
101
130
183
3
189
165
79
80
93
87
101
130
183
3
189
165
79
80
93
87
101
130
183
3
189
165
79
80
93
87
101
130
183
3
189
165
79
80
93
87
101
130
183
3
189
165
79
80
93
87
101
130
183
3
189
165
79
80
93
87
101
130
183
3
189
165
79
80
93
87
101
130
183
3
189
165
79
80
93
87
101
130
183
3
189
165
79
80
93
87
101
130
183
3
189
165
79
80
93
87
101
130
183
3
189
165
79
80
93
87
101
130
183
3
189
165
79
80
93
87
101
130
183
3
189
165
79
80
93
87
101
130
183
3
189
165
79
80
93
87
101
130
183
3
189
165
79
80
93
87
101
130
183
3
189
165
79
80
93
87
101
130
183
3
189
165
79
80
93
87
101
130
183
3
189
165
79
80
93
87
101
130
183
3
189
165
79
80
93
87
101
130
183
3
189
165
79
80
93
87
101
130
183
3
189
165
79
80
93
87
101
130
183
3
189
165
79
80
93
87
101
130
183
3
189
165
79
80
93
87
101
130
183
3
189
165
79
80
93
87
101
130
183
3
189
165
79
80
93
87
101
130
183
3
189
165
79
80
93
87
101
130
183
3
189
165
79
80
93
87
101
130
183
3
189
165
79
80
93
87
101
130
183
3
189
165
79
80
93
87
101
130
183
3
189
165
79
80
93
87
101
130
183
3
189
165
79
80
93
87
101
130
183
3
189
165
79
80
93
87
101
130
183
3
189
165
79
80
93
87
101
130
183
3
189
165
79
80
93
87
101
130
183
3
189
165
79
80
93
87
101
130
183
3
189
165
79
80
93
87
101
130
183
3
189
165
79
80
93
87
101
130
183
3
189
165
79
80
93
87
101
130
183
3
189
165
79
80
93
87
101
130
183
3
189
165
79
80
93
87
101
130
183
3
189
165
79
80
93
87
101
130
183
3
189
165
79
80
93
87
101
130
183
