110
118
51
4
107
177
57
34
179
174
4
179
110
174
107
118
51
57
177
34
107
34
179
51
4
177
118
57
174
110
51
179
4
118
110
174
57
177
107
34
4
57
118
110
174
34
177
51
179
107
110
34
179
57
51
118
107
4
177
174
4
51
107
57
34
177
110
179
118
174
57
51
179
110
4
107
177
174
34
118
4
174
179
177
57
34
118
110
51
107
34
179
57
118
174
107
177
4
110
51
57
51
174
110
177
34
179
118
107
4
118
179
110
51
57
4
34
174
177
107
179
118
174
107
110
51
4
57
177
34
110
34
179
107
174
177
118
57
51
4
57
110
51
174
107
177
179
4
118
34
57
110
179
51
177
174
118
34
4
107
34
110
174
177
51
107
179
57
4
118
118
57
179
34
110
177
107
51
174
4
174
179
57
4
118
107
177
51
34
110
179
34
107
51
177
57
4
174
110
118
57
179
51
177
174
4
118
110
107
34
177
107
174
34
51
4
57
179
118
110
57
107
179
4
174
177
34
110
118
51
34
51
179
174
118
57
107
4
177
110
34
107
174
177
110
51
57
118
179
4
174
4
51
107
110
118
177
57
34
179
4
34
179
110
174
118
51
177
57
107
110
57
174
107
51
4
177
179
118
34
107
51
118
110
57
174
177
4
179
34
34
174
57
110
51
107
4
179
177
118
118
110
107
174
4
57
34
177
51
179
174
107
34
177
51
179
110
118
57
4
51
57
110
107
177
174
34
179
4
118
118
110
57
177
34
179
174
51
107
4
107
179
4
110
118
34
177
57
174
51
177
179
57
107
110
34
4
174
118
51
34
179
51
110
174
177
4
118
107
57
177
107
118
174
34
4
110
57
179
51
57
51
174
110
34
179
177
4
118
107
179
34
57
174
51
177
4
118
110
107
179
174
51
57
118
110
107
34
4
177
4
51
118
177
34
110
57
107
179
174
34
51
4
118
179
177
107
174
57
110
177
51
179
107
174
57
4
34
110
118
57
118
179
110
4
107
34
177
174
51
51
34
118
110
4
57
177
174
107
179
177
34
57
174
107
179
110
118
4
51
57
51
118
110
4
179
177
107
174
34
51
57
174
179
4
34
118
110
107
177
110
57
179
177
4
51
34
118
107
174
