7
995
93
48
44
8
40
1568
98
46
7
995
93
48
44
8
40
1568
98
46
7
995
93
48
44
8
40
1568
98
46
7
995
93
48
44
8
40
1568
98
46
7
995
93
48
44
8
40
1568
98
46
7
995
93
48
44
8
40
1568
98
46
7
995
93
48
44
8
40
1568
98
46
7
995
93
48
44
8
40
1568
98
46
7
995
93
48
44
8
40
1568
98
46
7
995
93
48
44
8
40
1568
98
46
7
995
93
48
44
8
40
1568
98
46
7
995
93
48
44
8
40
1568
98
46
7
995
93
48
44
8
40
1568
98
46
7
995
93
48
44
8
40
1568
98
46
7
995
93
48
44
8
40
1568
98
46
7
995
93
48
44
8
40
1568
98
46
7
995
93
48
44
8
40
1568
98
46
7
995
93
48
44
8
40
1568
98
46
7
995
93
48
44
8
40
1568
98
46
7
995
93
48
44
8
40
1568
98
46
7
995
93
48
44
8
40
1568
98
46
7
995
93
48
44
8
40
1568
98
46
7
995
93
48
44
8
40
1568
98
46
7
995
93
48
44
8
40
1568
98
46
7
995
93
48
44
8
40
1568
98
46
7
995
93
48
44
8
40
1568
98
46
7
995
93
48
44
8
40
1568
98
46
7
995
93
48
44
8
40
1568
98
46
7
995
93
48
44
8
40
1568
98
46
7
995
93
48
44
8
40
1568
98
46
7
995
93
48
44
8
40
1568
98
46
7
995
93
48
44
8
40
1568
98
46
7
995
93
48
44
8
40
1568
98
46
7
995
93
48
44
8
40
1568
98
46
7
995
93
48
44
8
40
1568
98
46
7
995
93
48
44
8
40
1568
98
46
7
995
93
48
44
8
40
1568
98
46
7
995
93
48
44
8
40
1568
98
46
7
995
93
48
44
8
40
1568
98
46
7
995
93
48
44
8
40
1568
98
46
7
995
93
48
44
8
40
1568
98
46
7
995
93
48
44
8
40
1568
98
46
7
995
93
48
44
8
40
1568
98
46
7
995
93
48
44
8
40
1568
98
46
7
995
93
48
44
8
40
1568
98
46
7
995
93
48
44
8
40
1568
98
46
7
995
93
48
44
8
40
1568
98
46
7
995
93
48
44
8
40
1568
98
46
7
995
93
48
44
8
40
1568
98
46
7
995
93
48
44
8
40
1568
98
46
