7
995
85
44
48
93
8
40
231
98
7
995
85
44
48
93
8
40
231
98
7
995
85
44
48
93
8
40
231
98
7
995
85
44
48
93
8
40
231
98
7
995
85
44
48
93
8
40
231
98
7
995
85
44
48
93
8
40
231
98
7
995
85
44
48
93
8
40
231
98
7
995
85
44
48
93
8
40
231
98
7
995
85
44
48
93
8
40
231
98
7
995
85
44
48
93
8
40
231
98
7
995
85
44
48
93
8
40
231
98
7
995
85
44
48
93
8
40
231
98
7
995
85
44
48
93
8
40
231
98
7
995
85
44
48
93
8
40
231
98
7
995
85
44
48
93
8
40
231
98
7
995
85
44
48
93
8
40
231
98
7
995
85
44
48
93
8
40
231
98
7
995
85
44
48
93
8
40
231
98
7
995
85
44
48
93
8
40
231
98
7
995
85
44
48
93
8
40
231
98
7
995
85
44
48
93
8
40
231
98
7
995
85
44
48
93
8
40
231
98
7
995
85
44
48
93
8
40
231
98
7
995
85
44
48
93
8
40
231
98
7
995
85
44
48
93
8
40
231
98
7
995
85
44
48
93
8
40
231
98
7
995
85
44
48
93
8
40
231
98
7
995
85
44
48
93
8
40
231
98
7
995
85
44
48
93
8
40
231
98
7
995
85
44
48
93
8
40
231
98
7
995
85
44
48
93
8
40
231
98
7
995
85
44
48
93
8
40
231
98
7
995
85
44
48
93
8
40
231
98
7
995
85
44
48
93
8
40
231
98
7
995
85
44
48
93
8
40
231
98
7
995
85
44
48
93
8
40
231
98
7
995
85
44
48
93
8
40
231
98
7
995
85
44
48
93
8
40
231
98
7
995
85
44
48
93
8
40
231
98
7
995
85
44
48
93
8
40
231
98
7
995
85
44
48
93
8
40
231
98
7
995
85
44
48
93
8
40
231
98
7
995
85
44
48
93
8
40
231
98
7
995
85
44
48
93
8
40
231
98
7
995
85
44
48
93
8
40
231
98
7
995
85
44
48
93
8
40
231
98
7
995
85
44
48
93
8
40
231
98
7
995
85
44
48
93
8
40
231
98
7
995
85
44
48
93
8
40
231
98
7
995
85
44
48
93
8
40
231
98
