814
283
375
715
636
827
868
2156
2655
1166
814
283
375
715
636
827
868
2156
2655
1166
814
283
375
715
636
827
868
2156
2655
1166
814
283
375
715
636
827
868
2156
2655
1166
814
283
375
715
636
827
868
2156
2655
1166
814
283
375
715
636
827
868
2156
2655
1166
814
283
375
715
636
827
868
2156
2655
1166
814
283
375
715
636
827
868
2156
2655
1166
814
283
375
715
636
827
868
2156
2655
1166
814
283
375
715
636
827
868
2156
2655
1166
814
283
375
715
636
827
868
2156
2655
1166
814
283
375
715
636
827
868
2156
2655
1166
814
283
375
715
636
827
868
2156
2655
1166
814
283
375
715
636
827
868
2156
2655
1166
814
283
375
715
636
827
868
2156
2655
1166
814
283
375
715
636
827
868
2156
2655
1166
814
283
375
715
636
827
868
2156
2655
1166
814
283
375
715
636
827
868
2156
2655
1166
814
283
375
715
636
827
868
2156
2655
1166
814
283
375
715
636
827
868
2156
2655
1166
814
283
375
715
636
827
868
2156
2655
1166
814
283
375
715
636
827
868
2156
2655
1166
814
283
375
715
636
827
868
2156
2655
1166
814
283
375
715
636
827
868
2156
2655
1166
814
283
375
715
636
827
868
2156
2655
1166
814
283
375
715
636
827
868
2156
2655
1166
814
283
375
715
636
827
868
2156
2655
1166
814
283
375
715
636
827
868
2156
2655
1166
814
283
375
715
636
827
868
2156
2655
1166
814
283
375
715
636
827
868
2156
2655
1166
814
283
375
715
636
827
868
2156
2655
1166
814
283
375
715
636
827
868
2156
2655
1166
814
283
375
715
636
827
868
2156
2655
1166
814
283
375
715
636
827
868
2156
2655
1166
814
283
375
715
636
827
868
2156
2655
1166
814
283
375
715
636
827
868
2156
2655
1166
814
283
375
715
636
827
868
2156
2655
1166
814
283
375
715
636
827
868
2156
2655
1166
814
283
375
715
636
827
868
2156
2655
1166
814
283
375
715
636
827
868
2156
2655
1166
814
283
375
715
636
827
868
2156
2655
1166
814
283
375
715
636
827
868
2156
2655
1166
814
283
375
715
636
827
868
2156
2655
1166
814
283
375
715
636
827
868
2156
2655
1166
814
283
375
715
636
827
868
2156
2655
1166
814
283
375
715
636
827
868
2156
2655
1166
814
283
375
715
636
827
868
2156
2655
1166
814
283
375
715
636
827
868
2156
2655
1166
814
283
375
715
636
827
868
2156
2655
1166
814
283
375
715
636
827
868
2156
2655
1166
