681
85
139
666
135
260
582
963
169
384
681
85
139
666
135
260
582
963
169
384
681
85
139
666
135
260
582
963
169
384
681
85
139
666
135
260
582
963
169
384
681
85
139
666
135
260
582
963
169
384
681
85
139
666
135
260
582
963
169
384
681
85
139
666
135
260
582
963
169
384
681
85
139
666
135
260
582
963
169
384
681
85
139
666
135
260
582
963
169
384
681
85
139
666
135
260
582
963
169
384
681
85
139
666
135
260
582
963
169
384
681
85
139
666
135
260
582
963
169
384
681
85
139
666
135
260
582
963
169
384
681
85
139
666
135
260
582
963
169
384
681
85
139
666
135
260
582
963
169
384
681
85
139
666
135
260
582
963
169
384
681
85
139
666
135
260
582
963
169
384
681
85
139
666
135
260
582
963
169
384
681
85
139
666
135
260
582
963
169
384
681
85
139
666
135
260
582
963
169
384
681
85
139
666
135
260
582
963
169
384
681
85
139
666
135
260
582
963
169
384
681
85
139
666
135
260
582
963
169
384
681
85
139
666
135
260
582
963
169
384
681
85
139
666
135
260
582
963
169
384
681
85
139
666
135
260
582
963
169
384
681
85
139
666
135
260
582
963
169
384
681
85
139
666
135
260
582
963
169
384
681
85
139
666
135
260
582
963
169
384
681
85
139
666
135
260
582
963
169
384
681
85
139
666
135
260
582
963
169
384
681
85
139
666
135
260
582
963
169
384
681
85
139
666
135
260
582
963
169
384
681
85
139
666
135
260
582
963
169
384
681
85
139
666
135
260
582
963
169
384
681
85
139
666
135
260
582
963
169
384
681
85
139
666
135
260
582
963
169
384
681
85
139
666
135
260
582
963
169
384
681
85
139
666
135
260
582
963
169
384
681
85
139
666
135
260
582
963
169
384
681
85
139
666
135
260
582
963
169
384
681
85
139
666
135
260
582
963
169
384
681
85
139
666
135
260
582
963
169
384
681
85
139
666
135
260
582
963
169
384
681
85
139
666
135
260
582
963
169
384
681
85
139
666
135
260
582
963
169
384
681
85
139
666
135
260
582
963
169
384
681
85
139
666
135
260
582
963
169
384
681
85
139
666
135
260
582
963
169
384
681
85
139
666
135
260
582
963
169
384
