54
75
56
53
115
11
113
17
108
111
54
75
56
53
115
11
113
17
108
111
54
75
56
53
115
11
113
17
108
111
54
75
56
53
115
11
113
17
108
111
54
75
56
53
115
11
113
17
108
111
54
75
56
53
115
11
113
17
108
111
54
75
56
53
115
11
113
17
108
111
54
75
56
53
115
11
113
17
108
111
54
75
56
53
115
11
113
17
108
111
54
75
56
53
115
11
113
17
108
111
54
75
56
53
115
11
113
17
108
111
54
75
56
53
115
11
113
17
108
111
54
75
56
53
115
11
113
17
108
111
54
75
56
53
115
11
113
17
108
111
54
75
56
53
115
11
113
17
108
111
54
75
56
53
115
11
113
17
108
111
54
75
56
53
115
11
113
17
108
111
54
75
56
53
115
11
113
17
108
111
54
75
56
53
115
11
113
17
108
111
54
75
56
53
115
11
113
17
108
111
54
75
56
53
115
11
113
17
108
111
54
75
56
53
115
11
113
17
108
111
54
75
56
53
115
11
113
17
108
111
54
75
56
53
115
11
113
17
108
111
54
75
56
53
115
11
113
17
108
111
54
75
56
53
115
11
113
17
108
111
54
75
56
53
115
11
113
17
108
111
54
75
56
53
115
11
113
17
108
111
54
75
56
53
115
11
113
17
108
111
54
75
56
53
115
11
113
17
108
111
54
75
56
53
115
11
113
17
108
111
54
75
56
53
115
11
113
17
108
111
54
75
56
53
115
11
113
17
108
111
54
75
56
53
115
11
113
17
108
111
54
75
56
53
115
11
113
17
108
111
54
75
56
53
115
11
113
17
108
111
54
75
56
53
115
11
113
17
108
111
54
75
56
53
115
11
113
17
108
111
54
75
56
53
115
11
113
17
108
111
54
75
56
53
115
11
113
17
108
111
54
75
56
53
115
11
113
17
108
111
54
75
56
53
115
11
113
17
108
111
54
75
56
53
115
11
113
17
108
111
54
75
56
53
115
11
113
17
108
111
54
75
56
53
115
11
113
17
108
111
54
75
56
53
115
11
113
17
108
111
54
75
56
53
115
11
113
17
108
111
54
75
56
53
115
11
113
17
108
111
54
75
56
53
115
11
113
17
108
111
54
75
56
53
115
11
113
17
108
111
