56
98
108
13
246
257
248
20
185
17
56
98
108
13
246
257
248
20
185
17
56
98
108
13
246
257
248
20
185
17
56
98
108
13
246
257
248
20
185
17
56
98
108
13
246
257
248
20
185
17
56
98
108
13
246
257
248
20
185
17
56
98
108
13
246
257
248
20
185
17
56
98
108
13
246
257
248
20
185
17
56
98
108
13
246
257
248
20
185
17
56
98
108
13
246
257
248
20
185
17
56
98
108
13
246
257
248
20
185
17
56
98
108
13
246
257
248
20
185
17
56
98
108
13
246
257
248
20
185
17
56
98
108
13
246
257
248
20
185
17
56
98
108
13
246
257
248
20
185
17
56
98
108
13
246
257
248
20
185
17
56
98
108
13
246
257
248
20
185
17
56
98
108
13
246
257
248
20
185
17
56
98
108
13
246
257
248
20
185
17
56
98
108
13
246
257
248
20
185
17
56
98
108
13
246
257
248
20
185
17
56
98
108
13
246
257
248
20
185
17
56
98
108
13
246
257
248
20
185
17
56
98
108
13
246
257
248
20
185
17
56
98
108
13
246
257
248
20
185
17
56
98
108
13
246
257
248
20
185
17
56
98
108
13
246
257
248
20
185
17
56
98
108
13
246
257
248
20
185
17
56
98
108
13
246
257
248
20
185
17
56
98
108
13
246
257
248
20
185
17
56
98
108
13
246
257
248
20
185
17
56
98
108
13
246
257
248
20
185
17
56
98
108
13
246
257
248
20
185
17
56
98
108
13
246
257
248
20
185
17
56
98
108
13
246
257
248
20
185
17
56
98
108
13
246
257
248
20
185
17
56
98
108
13
246
257
248
20
185
17
56
98
108
13
246
257
248
20
185
17
56
98
108
13
246
257
248
20
185
17
56
98
108
13
246
257
248
20
185
17
56
98
108
13
246
257
248
20
185
17
56
98
108
13
246
257
248
20
185
17
56
98
108
13
246
257
248
20
185
17
56
98
108
13
246
257
248
20
185
17
56
98
108
13
246
257
248
20
185
17
56
98
108
13
246
257
248
20
185
17
56
98
108
13
246
257
248
20
185
17
56
98
108
13
246
257
248
20
185
17
56
98
108
13
246
257
248
20
185
17
56
98
108
13
246
257
248
20
185
17
