3
13
170
8
4
222
61
40
12
223
3
13
170
8
4
222
61
40
12
223
3
13
170
8
4
222
61
40
12
223
3
13
170
8
4
222
61
40
12
223
3
13
170
8
4
222
61
40
12
223
3
13
170
8
4
222
61
40
12
223
3
13
170
8
4
222
61
40
12
223
3
13
170
8
4
222
61
40
12
223
3
13
170
8
4
222
61
40
12
223
3
13
170
8
4
222
61
40
12
223
3
13
170
8
4
222
61
40
12
223
3
13
170
8
4
222
61
40
12
223
3
13
170
8
4
222
61
40
12
223
3
13
170
8
4
222
61
40
12
223
3
13
170
8
4
222
61
40
12
223
3
13
170
8
4
222
61
40
12
223
3
13
170
8
4
222
61
40
12
223
3
13
170
8
4
222
61
40
12
223
3
13
170
8
4
222
61
40
12
223
3
13
170
8
4
222
61
40
12
223
3
13
170
8
4
222
61
40
12
223
3
13
170
8
4
222
61
40
12
223
3
13
170
8
4
222
61
40
12
223
3
13
170
8
4
222
61
40
12
223
3
13
170
8
4
222
61
40
12
223
3
13
170
8
4
222
61
40
12
223
3
13
170
8
4
222
61
40
12
223
3
13
170
8
4
222
61
40
12
223
3
13
170
8
4
222
61
40
12
223
3
13
170
8
4
222
61
40
12
223
3
13
170
8
4
222
61
40
12
223
3
13
170
8
4
222
61
40
12
223
3
13
170
8
4
222
61
40
12
223
3
13
170
8
4
222
61
40
12
223
3
13
170
8
4
222
61
40
12
223
3
13
170
8
4
222
61
40
12
223
3
13
170
8
4
222
61
40
12
223
3
13
170
8
4
222
61
40
12
223
3
13
170
8
4
222
61
40
12
223
3
13
170
8
4
222
61
40
12
223
3
13
170
8
4
222
61
40
12
223
3
13
170
8
4
222
61
40
12
223
3
13
170
8
4
222
61
40
12
223
3
13
170
8
4
222
61
40
12
223
3
13
170
8
4
222
61
40
12
223
3
13
170
8
4
222
61
40
12
223
3
13
170
8
4
222
61
40
12
223
3
13
170
8
4
222
61
40
12
223
3
13
170
8
4
222
61
40
12
223
3
13
170
8
4
222
61
40
12
223
