137
50
51
132
49
94
24
86
29
52
137
50
51
132
49
94
24
86
29
52
137
50
51
132
49
94
24
86
29
52
137
50
51
132
49
94
24
86
29
52
137
50
51
132
49
94
24
86
29
52
137
50
51
132
49
94
24
86
29
52
137
50
51
132
49
94
24
86
29
52
137
50
51
132
49
94
24
86
29
52
137
50
51
132
49
94
24
86
29
52
137
50
51
132
49
94
24
86
29
52
137
50
51
132
49
94
24
86
29
52
137
50
51
132
49
94
24
86
29
52
137
50
51
132
49
94
24
86
29
52
137
50
51
132
49
94
24
86
29
52
137
50
51
132
49
94
24
86
29
52
137
50
51
132
49
94
24
86
29
52
137
50
51
132
49
94
24
86
29
52
137
50
51
132
49
94
24
86
29
52
137
50
51
132
49
94
24
86
29
52
137
50
51
132
49
94
24
86
29
52
137
50
51
132
49
94
24
86
29
52
137
50
51
132
49
94
24
86
29
52
137
50
51
132
49
94
24
86
29
52
137
50
51
132
49
94
24
86
29
52
137
50
51
132
49
94
24
86
29
52
137
50
51
132
49
94
24
86
29
52
137
50
51
132
49
94
24
86
29
52
137
50
51
132
49
94
24
86
29
52
137
50
51
132
49
94
24
86
29
52
137
50
51
132
49
94
24
86
29
52
137
50
51
132
49
94
24
86
29
52
137
50
51
132
49
94
24
86
29
52
137
50
51
132
49
94
24
86
29
52
137
50
51
132
49
94
24
86
29
52
137
50
51
132
49
94
24
86
29
52
137
50
51
132
49
94
24
86
29
52
137
50
51
132
49
94
24
86
29
52
137
50
51
132
49
94
24
86
29
52
137
50
51
132
49
94
24
86
29
52
137
50
51
132
49
94
24
86
29
52
137
50
51
132
49
94
24
86
29
52
137
50
51
132
49
94
24
86
29
52
137
50
51
132
49
94
24
86
29
52
137
50
51
132
49
94
24
86
29
52
137
50
51
132
49
94
24
86
29
52
137
50
51
132
49
94
24
86
29
52
137
50
51
132
49
94
24
86
29
52
137
50
51
132
49
94
24
86
29
52
137
50
51
132
49
94
24
86
29
52
137
50
51
132
49
94
24
86
29
52
