73
62
104
97
6
217
93
60
101
223
73
62
104
97
6
217
93
60
101
223
73
62
104
97
6
217
93
60
101
223
73
62
104
97
6
217
93
60
101
223
73
62
104
97
6
217
93
60
101
223
73
62
104
97
6
217
93
60
101
223
73
62
104
97
6
217
93
60
101
223
73
62
104
97
6
217
93
60
101
223
73
62
104
97
6
217
93
60
101
223
73
62
104
97
6
217
93
60
101
223
73
62
104
97
6
217
93
60
101
223
73
62
104
97
6
217
93
60
101
223
73
62
104
97
6
217
93
60
101
223
73
62
104
97
6
217
93
60
101
223
73
62
104
97
6
217
93
60
101
223
73
62
104
97
6
217
93
60
101
223
73
62
104
97
6
217
93
60
101
223
73
62
104
97
6
217
93
60
101
223
73
62
104
97
6
217
93
60
101
223
73
62
104
97
6
217
93
60
101
223
73
62
104
97
6
217
93
60
101
223
73
62
104
97
6
217
93
60
101
223
73
62
104
97
6
217
93
60
101
223
73
62
104
97
6
217
93
60
101
223
73
62
104
97
6
217
93
60
101
223
73
62
104
97
6
217
93
60
101
223
73
62
104
97
6
217
93
60
101
223
73
62
104
97
6
217
93
60
101
223
73
62
104
97
6
217
93
60
101
223
73
62
104
97
6
217
93
60
101
223
73
62
104
97
6
217
93
60
101
223
73
62
104
97
6
217
93
60
101
223
73
62
104
97
6
217
93
60
101
223
73
62
104
97
6
217
93
60
101
223
73
62
104
97
6
217
93
60
101
223
73
62
104
97
6
217
93
60
101
223
73
62
104
97
6
217
93
60
101
223
73
62
104
97
6
217
93
60
101
223
73
62
104
97
6
217
93
60
101
223
73
62
104
97
6
217
93
60
101
223
73
62
104
97
6
217
93
60
101
223
73
62
104
97
6
217
93
60
101
223
73
62
104
97
6
217
93
60
101
223
73
62
104
97
6
217
93
60
101
223
73
62
104
97
6
217
93
60
101
223
73
62
104
97
6
217
93
60
101
223
73
62
104
97
6
217
93
60
101
223
73
62
104
97
6
217
93
60
101
223
73
62
104
97
6
217
93
60
101
223
73
62
104
97
6
217
93
60
101
223
