106
7
122
60
30
44
53
128
66
9
106
7
122
60
30
44
53
128
66
9
106
7
122
60
30
44
53
128
66
9
106
7
122
60
30
44
53
128
66
9
106
7
122
60
30
44
53
128
66
9
106
7
122
60
30
44
53
128
66
9
106
7
122
60
30
44
53
128
66
9
106
7
122
60
30
44
53
128
66
9
106
7
122
60
30
44
53
128
66
9
106
7
122
60
30
44
53
128
66
9
106
7
122
60
30
44
53
128
66
9
106
7
122
60
30
44
53
128
66
9
106
7
122
60
30
44
53
128
66
9
106
7
122
60
30
44
53
128
66
9
106
7
122
60
30
44
53
128
66
9
106
7
122
60
30
44
53
128
66
9
106
7
122
60
30
44
53
128
66
9
106
7
122
60
30
44
53
128
66
9
106
7
122
60
30
44
53
128
66
9
106
7
122
60
30
44
53
128
66
9
106
7
122
60
30
44
53
128
66
9
106
7
122
60
30
44
53
128
66
9
106
7
122
60
30
44
53
128
66
9
106
7
122
60
30
44
53
128
66
9
106
7
122
60
30
44
53
128
66
9
106
7
122
60
30
44
53
128
66
9
106
7
122
60
30
44
53
128
66
9
106
7
122
60
30
44
53
128
66
9
106
7
122
60
30
44
53
128
66
9
106
7
122
60
30
44
53
128
66
9
106
7
122
60
30
44
53
128
66
9
106
7
122
60
30
44
53
128
66
9
106
7
122
60
30
44
53
128
66
9
106
7
122
60
30
44
53
128
66
9
106
7
122
60
30
44
53
128
66
9
106
7
122
60
30
44
53
128
66
9
106
7
122
60
30
44
53
128
66
9
106
7
122
60
30
44
53
128
66
9
106
7
122
60
30
44
53
128
66
9
106
7
122
60
30
44
53
128
66
9
106
7
122
60
30
44
53
128
66
9
106
7
122
60
30
44
53
128
66
9
106
7
122
60
30
44
53
128
66
9
106
7
122
60
30
44
53
128
66
9
106
7
122
60
30
44
53
128
66
9
106
7
122
60
30
44
53
128
66
9
106
7
122
60
30
44
53
128
66
9
106
7
122
60
30
44
53
128
66
9
106
7
122
60
30
44
53
128
66
9
106
7
122
60
30
44
53
128
66
9
