8
215
67
10
69
214
68
258
26
219
8
215
67
10
69
214
68
258
26
219
8
215
67
10
69
214
68
258
26
219
8
215
67
10
69
214
68
258
26
219
8
215
67
10
69
214
68
258
26
219
8
215
67
10
69
214
68
258
26
219
8
215
67
10
69
214
68
258
26
219
8
215
67
10
69
214
68
258
26
219
8
215
67
10
69
214
68
258
26
219
8
215
67
10
69
214
68
258
26
219
8
215
67
10
69
214
68
258
26
219
8
215
67
10
69
214
68
258
26
219
8
215
67
10
69
214
68
258
26
219
8
215
67
10
69
214
68
258
26
219
8
215
67
10
69
214
68
258
26
219
8
215
67
10
69
214
68
258
26
219
8
215
67
10
69
214
68
258
26
219
8
215
67
10
69
214
68
258
26
219
8
215
67
10
69
214
68
258
26
219
8
215
67
10
69
214
68
258
26
219
8
215
67
10
69
214
68
258
26
219
8
215
67
10
69
214
68
258
26
219
8
215
67
10
69
214
68
258
26
219
8
215
67
10
69
214
68
258
26
219
8
215
67
10
69
214
68
258
26
219
8
215
67
10
69
214
68
258
26
219
8
215
67
10
69
214
68
258
26
219
8
215
67
10
69
214
68
258
26
219
8
215
67
10
69
214
68
258
26
219
8
215
67
10
69
214
68
258
26
219
8
215
67
10
69
214
68
258
26
219
8
215
67
10
69
214
68
258
26
219
8
215
67
10
69
214
68
258
26
219
8
215
67
10
69
214
68
258
26
219
8
215
67
10
69
214
68
258
26
219
8
215
67
10
69
214
68
258
26
219
8
215
67
10
69
214
68
258
26
219
8
215
67
10
69
214
68
258
26
219
8
215
67
10
69
214
68
258
26
219
8
215
67
10
69
214
68
258
26
219
8
215
67
10
69
214
68
258
26
219
8
215
67
10
69
214
68
258
26
219
8
215
67
10
69
214
68
258
26
219
8
215
67
10
69
214
68
258
26
219
8
215
67
10
69
214
68
258
26
219
8
215
67
10
69
214
68
258
26
219
8
215
67
10
69
214
68
258
26
219
8
215
67
10
69
214
68
258
26
219
8
215
67
10
69
214
68
258
26
219
8
215
67
10
69
214
68
258
26
219
