57
4
10
174
128
118
110
177
34
172
57
4
10
174
128
118
110
177
34
172
57
4
10
174
128
118
110
177
34
172
57
4
10
174
128
118
110
177
34
172
57
4
10
174
128
118
110
177
34
172
57
4
10
174
128
118
110
177
34
172
57
4
10
174
128
118
110
177
34
172
57
4
10
174
128
118
110
177
34
172
57
4
10
174
128
118
110
177
34
172
57
4
10
174
128
118
110
177
34
172
57
4
10
174
128
118
110
177
34
172
57
4
10
174
128
118
110
177
34
172
57
4
10
174
128
118
110
177
34
172
57
4
10
174
128
118
110
177
34
172
57
4
10
174
128
118
110
177
34
172
57
4
10
174
128
118
110
177
34
172
57
4
10
174
128
118
110
177
34
172
57
4
10
174
128
118
110
177
34
172
57
4
10
174
128
118
110
177
34
172
57
4
10
174
128
118
110
177
34
172
57
4
10
174
128
118
110
177
34
172
57
4
10
174
128
118
110
177
34
172
57
4
10
174
128
118
110
177
34
172
57
4
10
174
128
118
110
177
34
172
57
4
10
174
128
118
110
177
34
172
57
4
10
174
128
118
110
177
34
172
57
4
10
174
128
118
110
177
34
172
57
4
10
174
128
118
110
177
34
172
57
4
10
174
128
118
110
177
34
172
57
4
10
174
128
118
110
177
34
172
57
4
10
174
128
118
110
177
34
172
57
4
10
174
128
118
110
177
34
172
57
4
10
174
128
118
110
177
34
172
57
4
10
174
128
118
110
177
34
172
57
4
10
174
128
118
110
177
34
172
57
4
10
174
128
118
110
177
34
172
57
4
10
174
128
118
110
177
34
172
57
4
10
174
128
118
110
177
34
172
57
4
10
174
128
118
110
177
34
172
57
4
10
174
128
118
110
177
34
172
57
4
10
174
128
118
110
177
34
172
57
4
10
174
128
118
110
177
34
172
57
4
10
174
128
118
110
177
34
172
57
4
10
174
128
118
110
177
34
172
57
4
10
174
128
118
110
177
34
172
57
4
10
174
128
118
110
177
34
172
57
4
10
174
128
118
110
177
34
172
57
4
10
174
128
118
110
177
34
172
57
4
10
174
128
118
110
177
34
172
57
4
10
174
128
118
110
177
34
172
