183
111
7
27
90
243
132
246
13
129
183
111
7
27
90
243
132
246
13
129
183
111
7
27
90
243
132
246
13
129
183
111
7
27
90
243
132
246
13
129
183
111
7
27
90
243
132
246
13
129
183
111
7
27
90
243
132
246
13
129
183
111
7
27
90
243
132
246
13
129
183
111
7
27
90
243
132
246
13
129
183
111
7
27
90
243
132
246
13
129
183
111
7
27
90
243
132
246
13
129
183
111
7
27
90
243
132
246
13
129
183
111
7
27
90
243
132
246
13
129
183
111
7
27
90
243
132
246
13
129
183
111
7
27
90
243
132
246
13
129
183
111
7
27
90
243
132
246
13
129
183
111
7
27
90
243
132
246
13
129
183
111
7
27
90
243
132
246
13
129
183
111
7
27
90
243
132
246
13
129
183
111
7
27
90
243
132
246
13
129
183
111
7
27
90
243
132
246
13
129
183
111
7
27
90
243
132
246
13
129
183
111
7
27
90
243
132
246
13
129
183
111
7
27
90
243
132
246
13
129
183
111
7
27
90
243
132
246
13
129
183
111
7
27
90
243
132
246
13
129
183
111
7
27
90
243
132
246
13
129
183
111
7
27
90
243
132
246
13
129
183
111
7
27
90
243
132
246
13
129
183
111
7
27
90
243
132
246
13
129
183
111
7
27
90
243
132
246
13
129
183
111
7
27
90
243
132
246
13
129
183
111
7
27
90
243
132
246
13
129
183
111
7
27
90
243
132
246
13
129
183
111
7
27
90
243
132
246
13
129
183
111
7
27
90
243
132
246
13
129
183
111
7
27
90
243
132
246
13
129
183
111
7
27
90
243
132
246
13
129
183
111
7
27
90
243
132
246
13
129
183
111
7
27
90
243
132
246
13
129
183
111
7
27
90
243
132
246
13
129
183
111
7
27
90
243
132
246
13
129
183
111
7
27
90
243
132
246
13
129
183
111
7
27
90
243
132
246
13
129
183
111
7
27
90
243
132
246
13
129
183
111
7
27
90
243
132
246
13
129
183
111
7
27
90
243
132
246
13
129
183
111
7
27
90
243
132
246
13
129
183
111
7
27
90
243
132
246
13
129
183
111
7
27
90
243
132
246
13
129
183
111
7
27
90
243
132
246
13
129
