121
1
123
4
89
34
50
2
6
223
121
1
123
4
89
34
50
2
6
223
121
1
123
4
89
34
50
2
6
223
121
1
123
4
89
34
50
2
6
223
121
1
123
4
89
34
50
2
6
223
121
1
123
4
89
34
50
2
6
223
121
1
123
4
89
34
50
2
6
223
121
1
123
4
89
34
50
2
6
223
121
1
123
4
89
34
50
2
6
223
121
1
123
4
89
34
50
2
6
223
121
1
123
4
89
34
50
2
6
223
121
1
123
4
89
34
50
2
6
223
121
1
123
4
89
34
50
2
6
223
121
1
123
4
89
34
50
2
6
223
121
1
123
4
89
34
50
2
6
223
121
1
123
4
89
34
50
2
6
223
121
1
123
4
89
34
50
2
6
223
121
1
123
4
89
34
50
2
6
223
121
1
123
4
89
34
50
2
6
223
121
1
123
4
89
34
50
2
6
223
121
1
123
4
89
34
50
2
6
223
121
1
123
4
89
34
50
2
6
223
121
1
123
4
89
34
50
2
6
223
121
1
123
4
89
34
50
2
6
223
121
1
123
4
89
34
50
2
6
223
121
1
123
4
89
34
50
2
6
223
121
1
123
4
89
34
50
2
6
223
121
1
123
4
89
34
50
2
6
223
121
1
123
4
89
34
50
2
6
223
121
1
123
4
89
34
50
2
6
223
121
1
123
4
89
34
50
2
6
223
121
1
123
4
89
34
50
2
6
223
121
1
123
4
89
34
50
2
6
223
121
1
123
4
89
34
50
2
6
223
121
1
123
4
89
34
50
2
6
223
121
1
123
4
89
34
50
2
6
223
121
1
123
4
89
34
50
2
6
223
121
1
123
4
89
34
50
2
6
223
121
1
123
4
89
34
50
2
6
223
121
1
123
4
89
34
50
2
6
223
121
1
123
4
89
34
50
2
6
223
121
1
123
4
89
34
50
2
6
223
121
1
123
4
89
34
50
2
6
223
121
1
123
4
89
34
50
2
6
223
121
1
123
4
89
34
50
2
6
223
121
1
123
4
89
34
50
2
6
223
121
1
123
4
89
34
50
2
6
223
121
1
123
4
89
34
50
2
6
223
121
1
123
4
89
34
50
2
6
223
121
1
123
4
89
34
50
2
6
223
