111
38
74
1
87
73
204
112
28
15
111
38
74
1
87
73
204
112
28
15
111
38
74
1
87
73
204
112
28
15
111
38
74
1
87
73
204
112
28
15
111
38
74
1
87
73
204
112
28
15
111
38
74
1
87
73
204
112
28
15
111
38
74
1
87
73
204
112
28
15
111
38
74
1
87
73
204
112
28
15
111
38
74
1
87
73
204
112
28
15
111
38
74
1
87
73
204
112
28
15
111
38
74
1
87
73
204
112
28
15
111
38
74
1
87
73
204
112
28
15
111
38
74
1
87
73
204
112
28
15
111
38
74
1
87
73
204
112
28
15
111
38
74
1
87
73
204
112
28
15
111
38
74
1
87
73
204
112
28
15
111
38
74
1
87
73
204
112
28
15
111
38
74
1
87
73
204
112
28
15
111
38
74
1
87
73
204
112
28
15
111
38
74
1
87
73
204
112
28
15
111
38
74
1
87
73
204
112
28
15
111
38
74
1
87
73
204
112
28
15
111
38
74
1
87
73
204
112
28
15
111
38
74
1
87
73
204
112
28
15
111
38
74
1
87
73
204
112
28
15
111
38
74
1
87
73
204
112
28
15
111
38
74
1
87
73
204
112
28
15
111
38
74
1
87
73
204
112
28
15
111
38
74
1
87
73
204
112
28
15
111
38
74
1
87
73
204
112
28
15
111
38
74
1
87
73
204
112
28
15
111
38
74
1
87
73
204
112
28
15
111
38
74
1
87
73
204
112
28
15
111
38
74
1
87
73
204
112
28
15
111
38
74
1
87
73
204
112
28
15
111
38
74
1
87
73
204
112
28
15
111
38
74
1
87
73
204
112
28
15
111
38
74
1
87
73
204
112
28
15
111
38
74
1
87
73
204
112
28
15
111
38
74
1
87
73
204
112
28
15
111
38
74
1
87
73
204
112
28
15
111
38
74
1
87
73
204
112
28
15
111
38
74
1
87
73
204
112
28
15
111
38
74
1
87
73
204
112
28
15
111
38
74
1
87
73
204
112
28
15
111
38
74
1
87
73
204
112
28
15
111
38
74
1
87
73
204
112
28
15
111
38
74
1
87
73
204
112
28
15
111
38
74
1
87
73
204
112
28
15
111
38
74
1
87
73
204
112
28
15
