25
23
227
130
96
88
73
69
84
91
25
23
227
130
96
88
73
69
84
91
25
23
227
130
96
88
73
69
84
91
25
23
227
130
96
88
73
69
84
91
25
23
227
130
96
88
73
69
84
91
25
23
227
130
96
88
73
69
84
91
25
23
227
130
96
88
73
69
84
91
25
23
227
130
96
88
73
69
84
91
25
23
227
130
96
88
73
69
84
91
25
23
227
130
96
88
73
69
84
91
25
23
227
130
96
88
73
69
84
91
25
23
227
130
96
88
73
69
84
91
25
23
227
130
96
88
73
69
84
91
25
23
227
130
96
88
73
69
84
91
25
23
227
130
96
88
73
69
84
91
25
23
227
130
96
88
73
69
84
91
25
23
227
130
96
88
73
69
84
91
25
23
227
130
96
88
73
69
84
91
25
23
227
130
96
88
73
69
84
91
25
23
227
130
96
88
73
69
84
91
25
23
227
130
96
88
73
69
84
91
25
23
227
130
96
88
73
69
84
91
25
23
227
130
96
88
73
69
84
91
25
23
227
130
96
88
73
69
84
91
25
23
227
130
96
88
73
69
84
91
25
23
227
130
96
88
73
69
84
91
25
23
227
130
96
88
73
69
84
91
25
23
227
130
96
88
73
69
84
91
25
23
227
130
96
88
73
69
84
91
25
23
227
130
96
88
73
69
84
91
25
23
227
130
96
88
73
69
84
91
25
23
227
130
96
88
73
69
84
91
25
23
227
130
96
88
73
69
84
91
25
23
227
130
96
88
73
69
84
91
25
23
227
130
96
88
73
69
84
91
25
23
227
130
96
88
73
69
84
91
25
23
227
130
96
88
73
69
84
91
25
23
227
130
96
88
73
69
84
91
25
23
227
130
96
88
73
69
84
91
25
23
227
130
96
88
73
69
84
91
25
23
227
130
96
88
73
69
84
91
25
23
227
130
96
88
73
69
84
91
25
23
227
130
96
88
73
69
84
91
25
23
227
130
96
88
73
69
84
91
25
23
227
130
96
88
73
69
84
91
25
23
227
130
96
88
73
69
84
91
25
23
227
130
96
88
73
69
84
91
25
23
227
130
96
88
73
69
84
91
25
23
227
130
96
88
73
69
84
91
25
23
227
130
96
88
73
69
84
91
