14
10
5
13
62
14
10
5
13
62
14
10
5
13
62
14
10
5
13
62
14
10
5
13
62
14
10
5
13
62
14
10
5
13
62
14
10
5
13
62
14
10
5
13
62
14
10
5
13
62
14
10
5
13
62
14
10
5
13
62
14
10
5
13
62
14
10
5
13
62
14
10
5
13
62
14
10
5
13
62
14
10
5
13
62
14
10
5
13
62
14
10
5
13
62
14
10
5
13
62
14
10
5
13
62
14
10
5
13
62
14
10
5
13
62
14
10
5
13
62
14
10
5
13
62
14
10
5
13
62
14
10
5
13
62
14
10
5
13
62
14
10
5
13
62
14
10
5
13
62
14
10
5
13
62
14
10
5
13
62
14
10
5
13
62
14
10
5
13
62
14
10
5
13
62
14
10
5
13
62
14
10
5
13
62
14
10
5
13
62
14
10
5
13
62
14
10
5
13
62
14
10
5
13
62
14
10
5
13
62
14
10
5
13
62
14
10
5
13
62
14
10
5
13
62
14
10
5
13
62
14
10
5
13
62
14
10
5
13
62
14
10
5
13
62
14
10
5
13
62
