18
5
1
29
30
18
5
1
29
30
18
5
1
29
30
18
5
1
29
30
18
5
1
29
30
18
5
1
29
30
18
5
1
29
30
18
5
1
29
30
18
5
1
29
30
18
5
1
29
30
18
5
1
29
30
18
5
1
29
30
18
5
1
29
30
18
5
1
29
30
18
5
1
29
30
18
5
1
29
30
18
5
1
29
30
18
5
1
29
30
18
5
1
29
30
18
5
1
29
30
18
5
1
29
30
18
5
1
29
30
18
5
1
29
30
18
5
1
29
30
18
5
1
29
30
18
5
1
29
30
18
5
1
29
30
18
5
1
29
30
18
5
1
29
30
18
5
1
29
30
18
5
1
29
30
18
5
1
29
30
18
5
1
29
30
18
5
1
29
30
18
5
1
29
30
18
5
1
29
30
18
5
1
29
30
18
5
1
29
30
18
5
1
29
30
18
5
1
29
30
18
5
1
29
30
18
5
1
29
30
18
5
1
29
30
18
5
1
29
30
18
5
1
29
30
18
5
1
29
30
18
5
1
29
30
18
5
1
29
30
18
5
1
29
30
18
5
1
29
30
