269
23
228
4
32
282
217
22
124
28
269
23
228
4
32
282
217
22
124
28
269
23
228
4
32
282
217
22
124
28
269
23
228
4
32
282
217
22
124
28
269
23
228
4
32
282
217
22
124
28
269
23
228
4
32
282
217
22
124
28
269
23
228
4
32
282
217
22
124
28
269
23
228
4
32
282
217
22
124
28
269
23
228
4
32
282
217
22
124
28
269
23
228
4
32
282
217
22
124
28
269
23
228
4
32
282
217
22
124
28
269
23
228
4
32
282
217
22
124
28
269
23
228
4
32
282
217
22
124
28
269
23
228
4
32
282
217
22
124
28
269
23
228
4
32
282
217
22
124
28
269
23
228
4
32
282
217
22
124
28
269
23
228
4
32
282
217
22
124
28
269
23
228
4
32
282
217
22
124
28
269
23
228
4
32
282
217
22
124
28
269
23
228
4
32
282
217
22
124
28
269
23
228
4
32
282
217
22
124
28
269
23
228
4
32
282
217
22
124
28
269
23
228
4
32
282
217
22
124
28
269
23
228
4
32
282
217
22
124
28
269
23
228
4
32
282
217
22
124
28
269
23
228
4
32
282
217
22
124
28
269
23
228
4
32
282
217
22
124
28
269
23
228
4
32
282
217
22
124
28
269
23
228
4
32
282
217
22
124
28
269
23
228
4
32
282
217
22
124
28
269
23
228
4
32
282
217
22
124
28
269
23
228
4
32
282
217
22
124
28
269
23
228
4
32
282
217
22
124
28
269
23
228
4
32
282
217
22
124
28
269
23
228
4
32
282
217
22
124
28
269
23
228
4
32
282
217
22
124
28
269
23
228
4
32
282
217
22
124
28
269
23
228
4
32
282
217
22
124
28
269
23
228
4
32
282
217
22
124
28
269
23
228
4
32
282
217
22
124
28
269
23
228
4
32
282
217
22
124
28
269
23
228
4
32
282
217
22
124
28
269
23
228
4
32
282
217
22
124
28
269
23
228
4
32
282
217
22
124
28
269
23
228
4
32
282
217
22
124
28
269
23
228
4
32
282
217
22
124
28
269
23
228
4
32
282
217
22
124
28
269
23
228
4
32
282
217
22
124
28
269
23
228
4
32
282
217
22
124
28
269
23
228
4
32
282
217
22
124
28
