43
83
60
82
88
91
79
95
86
77
43
83
60
82
88
91
79
95
86
77
43
83
60
82
88
91
79
95
86
77
43
83
60
82
88
91
79
95
86
77
43
83
60
82
88
91
79
95
86
77
43
83
60
82
88
91
79
95
86
77
43
83
60
82
88
91
79
95
86
77
43
83
60
82
88
91
79
95
86
77
43
83
60
82
88
91
79
95
86
77
43
83
60
82
88
91
79
95
86
77
43
83
60
82
88
91
79
95
86
77
43
83
60
82
88
91
79
95
86
77
43
83
60
82
88
91
79
95
86
77
43
83
60
82
88
91
79
95
86
77
43
83
60
82
88
91
79
95
86
77
43
83
60
82
88
91
79
95
86
77
43
83
60
82
88
91
79
95
86
77
43
83
60
82
88
91
79
95
86
77
43
83
60
82
88
91
79
95
86
77
43
83
60
82
88
91
79
95
86
77
43
83
60
82
88
91
79
95
86
77
43
83
60
82
88
91
79
95
86
77
43
83
60
82
88
91
79
95
86
77
43
83
60
82
88
91
79
95
86
77
43
83
60
82
88
91
79
95
86
77
43
83
60
82
88
91
79
95
86
77
43
83
60
82
88
91
79
95
86
77
43
83
60
82
88
91
79
95
86
77
43
83
60
82
88
91
79
95
86
77
43
83
60
82
88
91
79
95
86
77
43
83
60
82
88
91
79
95
86
77
43
83
60
82
88
91
79
95
86
77
43
83
60
82
88
91
79
95
86
77
43
83
60
82
88
91
79
95
86
77
43
83
60
82
88
91
79
95
86
77
43
83
60
82
88
91
79
95
86
77
43
83
60
82
88
91
79
95
86
77
43
83
60
82
88
91
79
95
86
77
43
83
60
82
88
91
79
95
86
77
43
83
60
82
88
91
79
95
86
77
43
83
60
82
88
91
79
95
86
77
43
83
60
82
88
91
79
95
86
77
43
83
60
82
88
91
79
95
86
77
43
83
60
82
88
91
79
95
86
77
43
83
60
82
88
91
79
95
86
77
43
83
60
82
88
91
79
95
86
77
43
83
60
82
88
91
79
95
86
77
43
83
60
82
88
91
79
95
86
77
43
83
60
82
88
91
79
95
86
77
43
83
60
82
88
91
79
95
86
77
