48
109
81
88
49
77
167
138
136
78
48
109
81
88
49
77
167
138
136
78
48
109
81
88
49
77
167
138
136
78
48
109
81
88
49
77
167
138
136
78
48
109
81
88
49
77
167
138
136
78
48
109
81
88
49
77
167
138
136
78
48
109
81
88
49
77
167
138
136
78
48
109
81
88
49
77
167
138
136
78
48
109
81
88
49
77
167
138
136
78
48
109
81
88
49
77
167
138
136
78
48
109
81
88
49
77
167
138
136
78
48
109
81
88
49
77
167
138
136
78
48
109
81
88
49
77
167
138
136
78
48
109
81
88
49
77
167
138
136
78
48
109
81
88
49
77
167
138
136
78
48
109
81
88
49
77
167
138
136
78
48
109
81
88
49
77
167
138
136
78
48
109
81
88
49
77
167
138
136
78
48
109
81
88
49
77
167
138
136
78
48
109
81
88
49
77
167
138
136
78
48
109
81
88
49
77
167
138
136
78
48
109
81
88
49
77
167
138
136
78
48
109
81
88
49
77
167
138
136
78
48
109
81
88
49
77
167
138
136
78
48
109
81
88
49
77
167
138
136
78
48
109
81
88
49
77
167
138
136
78
48
109
81
88
49
77
167
138
136
78
48
109
81
88
49
77
167
138
136
78
48
109
81
88
49
77
167
138
136
78
48
109
81
88
49
77
167
138
136
78
48
109
81
88
49
77
167
138
136
78
48
109
81
88
49
77
167
138
136
78
48
109
81
88
49
77
167
138
136
78
48
109
81
88
49
77
167
138
136
78
48
109
81
88
49
77
167
138
136
78
48
109
81
88
49
77
167
138
136
78
48
109
81
88
49
77
167
138
136
78
48
109
81
88
49
77
167
138
136
78
48
109
81
88
49
77
167
138
136
78
48
109
81
88
49
77
167
138
136
78
48
109
81
88
49
77
167
138
136
78
48
109
81
88
49
77
167
138
136
78
48
109
81
88
49
77
167
138
136
78
48
109
81
88
49
77
167
138
136
78
48
109
81
88
49
77
167
138
136
78
48
109
81
88
49
77
167
138
136
78
48
109
81
88
49
77
167
138
136
78
48
109
81
88
49
77
167
138
136
78
48
109
81
88
49
77
167
138
136
78
48
109
81
88
49
77
167
138
136
78
