219
252
3
50
4
1
36
80
8
58
77
168
171
185
85
251
124
126
109
4
17
18
8
50
58
121
1
52
85
126
17
8
50
77
88
119
80
79
19
75
123
297
51
88
17
350
4
224
253
136
121
94
17
51
140
1
232
178
88
42
17
18
8
50
58
121
1
52
85
126
17
8
50
77
88
119
80
79
19
75
84
18
117
18
84
111
8
146
88
135
61
219
122
18
134
186
236
318
1
206
17
18
8
50
58
121
1
52
85
126
17
8
50
77
88
119
80
79
19
75
109
202
18
89
16
109
116
251
88
52
4
18
90
108
261
77
138
258
33
58
17
18
8
50
58
121
1
52
85
126
17
8
50
77
88
119
80
79
19
75
217
121
109
38
84
185
80
58
167
61
1
85
8
107
2
34
80
33
33
202
17
18
8
50
58
121
1
52
85
126
17
8
50
77
88
119
80
79
19
75
51
123
3
77
144
23
82
177
142
23
17
52
2
18
42
36
58
84
33
88
17
18
8
50
58
121
1
52
85
126
17
8
50
77
88
119
80
79
19
75
98
17
85
17
180
118
88
119
92
58
301
84
84
126
77
8
119
88
172
143
17
18
8
50
58
121
1
52
85
126
17
8
50
77
88
119
80
79
19
75
16
118
18
493
88
91
150
84
137
58
119
18
218
49
121
167
1
206
50
17
17
18
8
50
58
121
1
52
85
126
17
8
50
77
88
119
80
79
19
75
178
4
315
124
3
10
172
77
90
1
52
33
89
17
3
126
16
18
133
17
17
18
8
50
58
121
1
52
85
126
17
8
50
77
88
119
80
79
19
75
121
17
256
260
166
51
268
165
126
180
257
259
218
35
119
4
301
16
58
123
17
18
8
50
58
121
1
52
85
126
17
8
50
77
88
119
80
79
19
75
115
131
6
121
251
196
79
222
1
17
36
9
110
17
177
51
79
79
117
79
17
18
8
50
58
121
1
52
85
126
17
8
50
77
88
119
80
79
19
75
2
80
137
177
119
17
80
114
316
133
1
88
80
167
202
248
246
124
36
60
17
18
8
50
58
121
1
52
85
126
17
8
50
77
88
119
80
79
19
75
196
122
216
195
85
262
2
87
35
80
88
301
8
18
135
135
172
2
50
123
