7
41
4
14
405
2
229
35
8
135
7
41
4
14
405
2
229
35
8
135
7
41
4
14
405
2
229
35
8
135
7
41
4
14
405
2
229
35
8
135
7
41
4
14
405
2
229
35
8
135
7
41
4
14
405
2
229
35
8
135
7
41
4
14
405
2
229
35
8
135
7
41
4
14
405
2
229
35
8
135
7
41
4
14
405
2
229
35
8
135
7
41
4
14
405
2
229
35
8
135
7
41
4
14
405
2
229
35
8
135
7
41
4
14
405
2
229
35
8
135
7
41
4
14
405
2
229
35
8
135
7
41
4
14
405
2
229
35
8
135
7
41
4
14
405
2
229
35
8
135
7
41
4
14
405
2
229
35
8
135
7
41
4
14
405
2
229
35
8
135
7
41
4
14
405
2
229
35
8
135
7
41
4
14
405
2
229
35
8
135
7
41
4
14
405
2
229
35
8
135
7
41
4
14
405
2
229
35
8
135
7
41
4
14
405
2
229
35
8
135
7
41
4
14
405
2
229
35
8
135
7
41
4
14
405
2
229
35
8
135
7
41
4
14
405
2
229
35
8
135
7
41
4
14
405
2
229
35
8
135
7
41
4
14
405
2
229
35
8
135
7
41
4
14
405
2
229
35
8
135
7
41
4
14
405
2
229
35
8
135
7
41
4
14
405
2
229
35
8
135
7
41
4
14
405
2
229
35
8
135
7
41
4
14
405
2
229
35
8
135
7
41
4
14
405
2
229
35
8
135
7
41
4
14
405
2
229
35
8
135
7
41
4
14
405
2
229
35
8
135
7
41
4
14
405
2
229
35
8
135
7
41
4
14
405
2
229
35
8
135
7
41
4
14
405
2
229
35
8
135
7
41
4
14
405
2
229
35
8
135
7
41
4
14
405
2
229
35
8
135
7
41
4
14
405
2
229
35
8
135
7
41
4
14
405
2
229
35
8
135
7
41
4
14
405
2
229
35
8
135
7
41
4
14
405
2
229
35
8
135
7
41
4
14
405
2
229
35
8
135
7
41
4
14
405
2
229
35
8
135
7
41
4
14
405
2
229
35
8
135
7
41
4
14
405
2
229
35
8
135
7
41
4
14
405
2
229
35
8
135
7
41
4
14
405
2
229
35
8
135
