82
95
403
1
84
265
110
149
2
108
200
415
176
37
46
58
58
13
80
236
11
147
11
45
51
237
80
44
110
114
46
83
9
200
236
86
80
45
404
1
1
290
106
84
80
39
7
255
143
112
84
1
5
16
236
161
46
87
41
78
43
94
156
181
82
94
271
81
200
86
1
90
80
7
290
30
2
115
8
87
8
83
165
6
259
182
115
146
41
83
83
103
106
10
226
1
1
92
43
127
86
80
103
9
80
4
1
43
11
343
33
156
92
7
7
80
210
120
91
7
95
43
98
86
68
106
103
98
284
184
2
80
84
116
284
43
9
150
33
129
3
189
145
114
211
124
94
11
109
137
319
37
245
16
48
85
4
93
83
147
114
386
158
162
83
49
131
80
50
103
179
102
235
24
287
157
90
81
368
44
83
237
55
151
51
20
43
20
2
118
114
66
110
204
86
290
151
181
7
101
109
37
44
255
49
371
44
95
168
148
44
289
275
201
43
277
237
83
2
178
281
84
9
99
14
4
281
47
6
87
91
93
327
44
277
244
48
270
58
367
40
2
102
212
397
84
146
11
86
146
98
84
83
1
236
102
200
9
90
346
156
108
16
109
11
50
43
236
9
93
254
49
11
169
175
49
284
236
46
7
102
158
16
41
11
221
103
305
43
151
290
83
11
373
102
115
95
20
103
3
148
182
114
236
145
161
286
211
86
145
103
25
63
201
397
46
143
366
13
3
33
114
200
5
115
213
160
58
185
1
6
181
168
276
87
13
43
146
265
110
9
3
143
295
213
30
176
281
6
32
437
2
82
11
86
1
68
386
120
8
30
414
3
43
200
3
344
110
2
319
246
84
103
83
16
111
119
49
4
181
98
149
218
115
112
20
239
43
256
98
95
451
3
108
3
246
4
109
37
95
99
236
343
19
98
200
11
114
8
2
14
176
282
215
119
152
2
184
3
211
3
17
7
3
114
307
8
58
188
88
44
83
115
238
45
42
86
16
386
179
43
42
101
66
369
62
1
275
11
11
7
51
11
1
96
238
144
93
322
48
87
110
91
10
83
13
137
209
83
204
115
98
12
366
33
59
111
349
208
133
227
143
11
265
177
43
2
41
20
2
294
13
469
61
346
14
145
14
168
93
