147
154
23
21
24
142
193
187
191
27
147
154
23
21
24
142
193
187
191
27
147
154
23
21
24
142
193
187
191
27
147
154
23
21
24
142
193
187
191
27
147
154
23
21
24
142
193
187
191
27
147
154
23
21
24
142
193
187
191
27
147
154
23
21
24
142
193
187
191
27
147
154
23
21
24
142
193
187
191
27
147
154
23
21
24
142
193
187
191
27
147
154
23
21
24
142
193
187
191
27
147
154
23
21
24
142
193
187
191
27
147
154
23
21
24
142
193
187
191
27
147
154
23
21
24
142
193
187
191
27
147
154
23
21
24
142
193
187
191
27
147
154
23
21
24
142
193
187
191
27
147
154
23
21
24
142
193
187
191
27
147
154
23
21
24
142
193
187
191
27
147
154
23
21
24
142
193
187
191
27
147
154
23
21
24
142
193
187
191
27
147
154
23
21
24
142
193
187
191
27
147
154
23
21
24
142
193
187
191
27
147
154
23
21
24
142
193
187
191
27
147
154
23
21
24
142
193
187
191
27
147
154
23
21
24
142
193
187
191
27
147
154
23
21
24
142
193
187
191
27
147
154
23
21
24
142
193
187
191
27
147
154
23
21
24
142
193
187
191
27
147
154
23
21
24
142
193
187
191
27
147
154
23
21
24
142
193
187
191
27
147
154
23
21
24
142
193
187
191
27
147
154
23
21
24
142
193
187
191
27
147
154
23
21
24
142
193
187
191
27
147
154
23
21
24
142
193
187
191
27
147
154
23
21
24
142
193
187
191
27
147
154
23
21
24
142
193
187
191
27
147
154
23
21
24
142
193
187
191
27
147
154
23
21
24
142
193
187
191
27
147
154
23
21
24
142
193
187
191
27
147
154
23
21
24
142
193
187
191
27
147
154
23
21
24
142
193
187
191
27
147
154
23
21
24
142
193
187
191
27
147
154
23
21
24
142
193
187
191
27
147
154
23
21
24
142
193
187
191
27
147
154
23
21
24
142
193
187
191
27
147
154
23
21
24
142
193
187
191
27
147
154
23
21
24
142
193
187
191
27
147
154
23
21
24
142
193
187
191
27
147
154
23
21
24
142
193
187
191
27
147
154
23
21
24
142
193
187
191
27
147
154
23
21
24
142
193
187
191
27
