259
10
22
134
177
185
473
294
2
16
54
198
71
377
913
170
331
299
976
153
259
10
22
134
177
185
473
294
2
16
54
198
71
377
913
170
331
299
976
153
259
10
22
134
177
185
473
294
2
16
54
198
71
377
913
170
331
299
976
153
259
10
22
134
177
185
473
294
2
16
54
198
71
377
913
170
331
299
976
153
259
10
22
134
177
185
473
294
2
16
54
198
71
377
913
170
331
299
976
153
259
10
22
134
177
185
473
294
2
16
54
198
71
377
913
170
331
299
976
153
259
10
22
134
177
185
473
294
2
16
54
198
71
377
913
170
331
299
976
153
259
10
22
134
177
185
473
294
2
16
54
198
71
377
913
170
331
299
976
153
259
10
22
134
177
185
473
294
2
16
54
198
71
377
913
170
331
299
976
153
259
10
22
134
177
185
473
294
2
16
54
198
71
377
913
170
331
299
976
153
259
10
22
134
177
185
473
294
2
16
54
198
71
377
913
170
331
299
976
153
259
10
22
134
177
185
473
294
2
16
54
198
71
377
913
170
331
299
976
153
259
10
22
134
177
185
473
294
2
16
54
198
71
377
913
170
331
299
976
153
259
10
22
134
177
185
473
294
2
16
54
198
71
377
913
170
331
299
976
153
259
10
22
134
177
185
473
294
2
16
54
198
71
377
913
170
331
299
976
153
259
10
22
134
177
185
473
294
2
16
54
198
71
377
913
170
331
299
976
153
259
10
22
134
177
185
473
294
2
16
54
198
71
377
913
170
331
299
976
153
259
10
22
134
177
185
473
294
2
16
54
198
71
377
913
170
331
299
976
153
259
10
22
134
177
185
473
294
2
16
54
198
71
377
913
170
331
299
976
153
259
10
22
134
177
185
473
294
2
16
54
198
71
377
913
170
331
299
976
153
259
10
22
134
177
185
473
294
2
16
54
198
71
377
913
170
331
299
976
153
259
10
22
134
177
185
473
294
2
16
54
198
71
377
913
170
331
299
976
153
259
10
22
134
177
185
473
294
2
16
54
198
71
377
913
170
331
299
976
153
259
10
22
134
177
185
473
294
2
16
54
198
71
377
913
170
331
299
976
153
259
10
22
134
177
185
473
294
2
16
54
198
71
377
913
170
331
299
976
153
259
10
22
134
177
185
473
294
2
16
54
198
71
377
913
170
331
299
976
153
259
10
22
134
177
185
473
294
2
16
54
198
71
377
913
170
331
299
976
153
259
10
22
134
177
185
473
294
2
16
54
198
71
377
913
170
331
299
976
153
259
10
22
134
177
185
473
294
2
16
54
198
71
377
913
170
331
299
976
153
259
10
22
134
177
185
473
294
2
16
54
198
71
377
913
170
331
299
976
153
259
10
22
134
177
185
473
294
2
16
54
198
71
377
913
170
331
299
976
153
259
10
22
134
177
185
473
294
2
16
54
198
71
377
913
170
331
299
976
153
259
10
22
134
177
185
473
294
2
16
54
198
71
377
913
170
331
299
976
153
259
10
22
134
177
185
473
294
2
16
54
198
71
377
913
170
331
299
976
153
259
10
22
134
177
185
473
294
2
16
54
198
71
377
913
170
331
299
976
153
259
10
22
134
177
185
473
294
2
16
54
198
71
377
913
170
331
299
976
153
259
10
22
134
177
185
473
294
2
16
54
198
71
377
913
170
331
299
976
153
259
10
22
134
177
185
473
294
2
16
54
198
71
377
913
170
331
299
976
153
259
10
22
134
177
185
473
294
2
16
54
198
71
377
913
170
331
299
976
153
259
10
22
134
177
185
473
294
2
16
54
198
71
377
913
170
331
299
976
153
259
10
22
134
177
185
473
294
2
16
54
198
71
377
913
170
331
299
976
153
259
10
22
134
177
185
473
294
2
16
54
198
71
377
913
170
331
299
976
153
259
10
22
134
177
185
473
294
2
16
54
198
71
377
913
170
331
299
976
153
259
10
22
134
177
185
473
294
2
16
54
198
71
377
913
170
331
299
976
153
259
10
22
134
177
185
473
294
2
16
54
198
71
377
913
170
331
299
976
153
259
10
22
134
177
185
473
294
2
16
54
198
71
377
913
170
331
299
976
153
259
10
22
134
177
185
473
294
2
16
54
198
71
377
913
170
331
299
976
153
259
10
22
134
177
185
473
294
2
16
54
198
71
377
913
170
331
299
976
153
259
10
22
134
177
185
473
294
2
16
54
198
71
377
913
170
331
299
976
153
259
10
22
134
177
185
473
294
2
16
54
198
71
377
913
170
331
299
976
153
