3
42
1
2
18
3
42
1
2
18
3
42
1
2
18
3
42
1
2
18
3
42
1
2
18
3
42
1
2
18
3
42
1
2
18
3
42
1
2
18
3
42
1
2
18
3
42
1
2
18
3
42
1
2
18
3
42
1
2
18
3
42
1
2
18
3
42
1
2
18
3
42
1
2
18
3
42
1
2
18
3
42
1
2
18
3
42
1
2
18
3
42
1
2
18
3
42
1
2
18
3
42
1
2
18
3
42
1
2
18
3
42
1
2
18
3
42
1
2
18
3
42
1
2
18
3
42
1
2
18
3
42
1
2
18
3
42
1
2
18
3
42
1
2
18
3
42
1
2
18
3
42
1
2
18
3
42
1
2
18
3
42
1
2
18
3
42
1
2
18
3
42
1
2
18
3
42
1
2
18
3
42
1
2
18
3
42
1
2
18
3
42
1
2
18
3
42
1
2
18
3
42
1
2
18
3
42
1
2
18
3
42
1
2
18
3
42
1
2
18
3
42
1
2
18
3
42
1
2
18
3
42
1
2
18
3
42
1
2
18
3
42
1
2
18
3
42
1
2
18
