112
26
88
110
147
112
26
88
110
147
112
26
88
110
147
112
26
88
110
147
112
26
88
110
147
112
26
88
110
147
112
26
88
110
147
112
26
88
110
147
112
26
88
110
147
112
26
88
110
147
112
26
88
110
147
112
26
88
110
147
112
26
88
110
147
112
26
88
110
147
112
26
88
110
147
112
26
88
110
147
112
26
88
110
147
112
26
88
110
147
112
26
88
110
147
112
26
88
110
147
112
26
88
110
147
112
26
88
110
147
112
26
88
110
147
112
26
88
110
147
112
26
88
110
147
112
26
88
110
147
112
26
88
110
147
112
26
88
110
147
112
26
88
110
147
112
26
88
110
147
112
26
88
110
147
112
26
88
110
147
112
26
88
110
147
112
26
88
110
147
112
26
88
110
147
112
26
88
110
147
112
26
88
110
147
112
26
88
110
147
112
26
88
110
147
112
26
88
110
147
112
26
88
110
147
112
26
88
110
147
112
26
88
110
147
112
26
88
110
147
112
26
88
110
147
112
26
88
110
147
112
26
88
110
147
112
26
88
110
147
112
26
88
110
147
112
26
88
110
147
