109
45
33
7
12
109
45
33
7
12
109
45
33
7
12
109
45
33
7
12
109
45
33
7
12
109
45
33
7
12
109
45
33
7
12
109
45
33
7
12
109
45
33
7
12
109
45
33
7
12
109
45
33
7
12
109
45
33
7
12
109
45
33
7
12
109
45
33
7
12
109
45
33
7
12
109
45
33
7
12
109
45
33
7
12
109
45
33
7
12
109
45
33
7
12
109
45
33
7
12
109
45
33
7
12
109
45
33
7
12
109
45
33
7
12
109
45
33
7
12
109
45
33
7
12
109
45
33
7
12
109
45
33
7
12
109
45
33
7
12
109
45
33
7
12
109
45
33
7
12
109
45
33
7
12
109
45
33
7
12
109
45
33
7
12
109
45
33
7
12
109
45
33
7
12
109
45
33
7
12
109
45
33
7
12
109
45
33
7
12
109
45
33
7
12
109
45
33
7
12
109
45
33
7
12
109
45
33
7
12
109
45
33
7
12
109
45
33
7
12
109
45
33
7
12
109
45
33
7
12
109
45
33
7
12
109
45
33
7
12
109
45
33
7
12
109
45
33
7
12
