19
53
30
15
5
36
16
34
3
73
49
36
20
3
73
49
36
20
3
73
19
53
30
15
5
36
16
34
3
73
49
36
20
3
73
49
36
20
3
73
19
53
30
15
5
36
16
34
3
73
49
36
20
3
73
49
36
20
3
73
19
53
30
15
5
36
16
34
3
73
49
36
20
3
73
49
36
20
3
73
19
53
30
15
5
36
16
34
3
73
49
36
20
3
73
49
36
20
3
73
19
53
30
15
5
36
16
34
3
73
49
36
20
3
73
49
36
20
3
73
19
53
30
15
5
36
16
34
3
73
49
36
20
3
73
49
36
20
3
73
19
53
30
15
5
36
16
34
3
73
49
36
20
3
73
49
36
20
3
73
19
53
30
15
5
36
16
34
3
73
49
36
20
3
73
49
36
20
3
73
19
53
30
15
5
36
16
34
3
73
49
36
20
3
73
49
36
20
3
73
19
53
30
15
5
36
16
34
3
73
49
36
20
3
73
49
36
20
3
73
19
53
30
15
5
36
16
34
3
73
49
36
20
3
73
49
36
20
3
73
19
53
30
15
5
36
16
34
3
73
