54
117
50
149
13
18
16
66
64
51
115
117
189
54
131
522
124
486
290
534
368
417
19
398
162
165
55
51
488
116
54
117
50
149
13
18
16
66
64
51
273
275
115
92
54
654
661
388
280
382
157
53
487
153
211
127
216
54
789
157
54
117
50
149
13
18
16
66
64
51
115
117
136
248
54
133
126
486
221
382
315
86
22
361
52
272
312
115
268
289
54
117
50
149
13
18
16
66
64
51
659
115
755
189
54
219
556
133
291
382
282
261
57
52
59
9
69
273
586
81
54
117
50
149
13
18
16
66
64
51
115
92
54
131
242
654
291
137
486
382
26
10
262
40
8
53
116
332
21
92
54
117
50
149
13
18
16
66
64
51
309
115
516
248
54
131
661
124
291
382
705
117
28
134
8
262
218
16
382
64
54
117
50
149
13
18
16
66
64
51
275
115
189
54
131
654
661
655
382
534
131
315
382
111
298
116
11
104
333
6
54
117
50
149
13
18
16
66
64
51
273
115
117
81
54
131
661
124
486
290
19
54
149
285
352
333
58
407
397
184
54
117
50
149
13
18
16
66
64
51
275
115
228
564
190
265
54
661
522
291
149
398
291
386
409
301
137
64
16
79
54
117
50
149
13
18
16
66
64
51
115
189
54
219
528
661
398
388
486
382
91
10
404
385
115
58
54
57
16
216
54
117
50
149
13
18
16
66
64
51
115
117
189
54
242
131
528
436
586
382
68
32
114
191
91
262
189
30
16
382
54
117
50
149
13
18
16
66
64
51
115
159
189
54
661
171
436
124
586
382
126
121
267
54
25
655
113
282
191
129
54
117
50
149
13
18
16
66
64
51
275
115
54
131
163
124
586
511
382
24
17
100
13
8
301
95
8
55
279
262
54
117
50
149
13
18
16
66
64
51
4
115
92
117
248
54
131
654
486
290
92
661
289
149
39
54
189
140
58
9
54
117
50
149
13
18
16
66
64
51
115
117
189
382
54
131
661
124
586
256
403
332
291
92
398
152
547
14
247
131
54
117
50
149
13
18
16
66
64
51
326
115
228
248
189
54
131
388
436
382
11
162
89
267
53
149
218
59
8
331
54
117
50
149
13
18
16
66
64
51
115
516
117
54
131
398
522
126
291
290
