89
1068
918
193
188
478
175
232
526
265
89
1068
918
193
188
478
175
232
526
265
89
1068
918
193
188
478
175
232
526
265
89
1068
918
193
188
478
175
232
526
265
89
1068
918
193
188
478
175
232
526
265
89
1068
918
193
188
478
175
232
526
265
89
1068
918
193
188
478
175
232
526
265
89
1068
918
193
188
478
175
232
526
265
89
1068
918
193
188
478
175
232
526
265
89
1068
918
193
188
478
175
232
526
265
89
1068
918
193
188
478
175
232
526
265
1202
89
1068
918
478
175
232
526
265
672
1202
89
1068
918
478
175
232
526
265
672
89
1068
918
193
188
478
175
232
526
265
89
1068
918
193
188
478
175
232
526
265
1202
89
1068
918
478
175
232
526
265
672
89
1068
918
193
188
478
175
232
526
265
89
1068
918
193
188
478
175
232
526
265
89
1068
918
193
188
478
175
232
526
265
89
1068
918
193
188
478
175
232
526
265
89
1068
918
193
188
478
175
232
526
265
89
1068
918
193
188
478
175
232
526
265
89
1068
918
193
188
478
175
232
526
265
89
1068
918
193
188
478
175
232
526
265
89
1068
918
193
188
478
175
232
526
265
89
1068
918
193
188
478
175
232
526
265
89
1068
918
193
188
478
175
232
526
265
1202
89
1068
918
478
175
232
526
265
672
89
1068
918
193
188
478
175
232
526
265
89
1068
918
193
188
478
175
232
526
265
89
1068
918
193
188
478
175
232
526
265
89
1068
918
193
188
478
175
232
526
265
89
1068
918
193
188
478
175
232
526
265
1202
89
1068
918
478
175
232
526
265
672
89
1068
918
193
188
478
175
232
526
265
1202
89
1068
918
478
175
232
526
265
672
89
1068
918
193
188
478
175
232
526
265
89
1068
918
193
188
478
175
232
526
265
89
1068
918
193
188
478
175
232
526
265
1202
89
1068
918
478
175
232
526
265
672
89
1068
918
193
188
478
175
232
526
265
89
1068
918
193
188
478
175
232
526
265
1202
89
1068
918
478
175
232
526
265
672
89
1068
918
193
188
478
175
232
526
265
89
1068
918
193
188
478
175
232
526
265
1202
89
1068
918
478
175
232
526
265
672
1202
89
1068
918
478
175
232
526
265
672
89
1068
918
193
188
478
175
232
526
265
89
1068
918
193
188
478
175
232
526
265
89
1068
918
193
188
478
175
232
526
265
