229
453
221
277
454
24
26
305
21
120
229
453
221
277
454
24
26
305
21
120
229
453
221
277
454
24
26
305
21
120
229
453
221
277
454
24
26
305
21
120
229
453
221
277
454
24
26
305
21
120
229
453
221
277
454
24
26
305
21
120
229
453
221
277
454
24
26
305
21
120
229
453
221
277
454
24
26
305
21
120
229
453
221
277
454
24
26
305
21
120
229
453
221
277
454
24
26
305
21
120
229
453
221
277
454
24
26
305
21
120
229
453
221
277
454
24
26
305
21
120
229
453
221
277
454
24
26
305
21
120
229
453
221
277
454
24
26
305
21
120
229
453
221
277
454
24
26
305
21
120
229
453
221
277
454
24
26
305
21
120
229
453
221
277
454
24
26
305
21
120
229
453
221
277
454
24
26
305
21
120
229
453
221
277
454
24
26
305
21
120
229
453
221
277
454
24
26
305
21
120
229
453
221
277
454
24
26
305
21
120
229
453
221
277
454
24
26
305
21
120
229
453
221
277
454
24
26
305
21
120
229
453
221
277
454
24
26
305
21
120
229
453
221
277
454
24
26
305
21
120
229
453
221
277
454
24
26
305
21
120
229
453
221
277
454
24
26
305
21
120
229
453
221
277
454
24
26
305
21
120
229
453
221
277
454
24
26
305
21
120
229
453
221
277
454
24
26
305
21
120
229
453
221
277
454
24
26
305
21
120
229
453
221
277
454
24
26
305
21
120
229
453
221
277
454
24
26
305
21
120
229
453
221
277
454
24
26
305
21
120
229
453
221
277
454
24
26
305
21
120
229
453
221
277
454
24
26
305
21
120
229
453
221
277
454
24
26
305
21
120
229
453
221
277
454
24
26
305
21
120
229
453
221
277
454
24
26
305
21
120
229
453
221
277
454
24
26
305
21
120
229
453
221
277
454
24
26
305
21
120
229
453
221
277
454
24
26
305
21
120
229
453
221
277
454
24
26
305
21
120
229
453
221
277
454
24
26
305
21
120
229
453
221
277
454
24
26
305
21
120
229
453
221
277
454
24
26
305
21
120
229
453
221
277
454
24
26
305
21
120
229
453
221
277
454
24
26
305
21
120
229
453
221
277
454
24
26
305
21
120
229
453
221
277
454
24
26
305
21
120
