520
188
478
444
265
78
526
146
336
228
520
188
478
444
265
78
526
146
336
228
520
188
478
444
265
78
526
146
336
228
520
188
478
444
265
78
526
146
336
228
520
188
478
444
265
78
526
146
336
228
520
188
478
444
265
78
526
146
336
228
520
188
478
444
265
78
526
146
336
228
520
188
478
444
265
78
526
146
336
228
520
188
478
444
265
78
526
146
336
228
520
188
478
444
265
78
526
146
336
228
520
188
478
444
265
78
526
146
336
228
520
188
478
444
265
78
526
146
336
228
520
188
478
444
265
78
526
146
336
228
520
188
478
444
265
78
526
146
336
228
520
188
478
444
265
78
526
146
336
228
520
188
478
444
265
78
526
146
336
228
520
188
478
444
265
78
526
146
336
228
520
188
478
444
265
78
526
146
336
228
520
188
478
444
265
78
526
146
336
228
520
188
478
444
265
78
526
146
336
228
520
188
478
444
265
78
526
146
336
228
520
188
478
444
265
78
526
146
336
228
520
188
478
444
265
78
526
146
336
228
520
188
478
444
265
78
526
146
336
228
520
188
478
444
265
78
526
146
336
228
520
188
478
444
265
78
526
146
336
228
520
188
478
444
265
78
526
146
336
228
520
188
478
444
265
78
526
146
336
228
520
188
478
444
265
78
526
146
336
228
520
188
478
444
265
78
526
146
336
228
520
188
478
444
265
78
526
146
336
228
520
188
478
444
265
78
526
146
336
228
520
188
478
444
265
78
526
146
336
228
520
188
478
444
265
78
526
146
336
228
520
188
478
444
265
78
526
146
336
228
520
188
478
444
265
78
526
146
336
228
520
188
478
444
265
78
526
146
336
228
520
188
478
444
265
78
526
146
336
228
520
188
478
444
265
78
526
146
336
228
520
188
478
444
265
78
526
146
336
228
520
188
478
444
265
78
526
146
336
228
520
188
478
444
265
78
526
146
336
228
520
188
478
444
265
78
526
146
336
228
520
188
478
444
265
78
526
146
336
228
520
188
478
444
265
78
526
146
336
228
520
188
478
444
265
78
526
146
336
228
520
188
478
444
265
78
526
146
336
228
520
188
478
444
265
78
526
146
336
228
520
188
478
444
265
78
526
146
336
228
520
188
478
444
265
78
526
146
336
228
