54
117
50
149
13
18
16
66
64
51
115
136
26
54
484
131
600
655
486
290
115
117
54
394
131
522
729
234
291
382
54
117
50
149
13
18
16
66
64
51
115
92
516
117
597
54
126
124
394
382
115
117
189
54
131
654
124
291
382
534
54
117
50
149
13
18
16
66
64
51
275
115
248
136
189
54
131
388
486
382
115
117
189
54
131
661
600
414
382
534
54
117
50
149
13
18
16
66
64
51
275
115
117
26
54
661
126
280
486
382
158
115
189
54
131
661
654
27
291
382
54
117
50
149
13
18
16
66
64
51
115
248
54
131
654
661
436
124
586
382
275
117
248
597
189
54
654
388
586
382
54
117
50
149
13
18
16
66
64
51
275
115
228
659
248
189
54
131
388
382
115
191
189
54
242
661
133
171
122
382
54
117
50
149
13
18
16
66
64
51
275
115
92
516
117
54
661
153
71
382
597
396
54
131
138
661
600
388
664
382
54
117
50
149
13
18
16
66
64
51
659
189
26
54
131
661
436
124
486
382
115
117
189
54
131
138
528
133
124
290
54
117
50
149
13
18
16
66
64
51
4
115
117
248
54
528
661
436
291
382
115
516
189
26
54
131
436
586
137
382
54
117
50
149
13
18
16
66
64
51
115
117
189
44
54
131
163
124
486
382
115
92
117
597
26
54
131
272
290
382
54
117
50
149
13
18
16
66
64
51
115
54
661
729
388
171
124
586
436
382
115
117
284
189
54
131
397
88
382
534
54
117
50
149
13
18
16
66
64
51
659
117
189
54
661
388
88
414
586
382
275
115
117
81
54
131
436
291
382
24
54
117
50
149
13
18
16
66
64
51
158
115
189
54
661
234
388
586
486
382
275
115
189
54
131
522
586
486
382
534
54
117
50
149
13
18
16
66
64
51
275
326
189
54
131
661
586
486
425
382
659
115
275
117
189
54
131
388
291
382
54
117
50
149
13
18
16
66
64
51
117
248
396
189
54
131
661
388
290
24
115
189
54
131
661
124
586
290
382
534
54
117
50
149
13
18
16
66
64
51
115
117
189
54
528
739
436
215
394
382
273
158
115
516
189
54
131
113
729
382
54
117
50
149
13
18
16
66
64
51
326
486
115
189
54
131
138
342
291
382
