371
453
244
4
321
191
41
249
198
157
371
453
244
4
321
191
41
249
198
157
371
453
244
4
321
191
41
249
198
157
371
453
244
4
321
191
41
249
198
157
371
453
244
4
321
191
41
249
198
157
371
453
244
4
321
191
41
249
198
157
371
453
244
4
321
191
41
249
198
157
371
453
244
4
321
191
41
249
198
157
371
453
244
4
321
191
41
249
198
157
371
453
244
4
321
191
41
249
198
157
371
453
244
4
321
191
41
249
198
157
371
453
244
4
321
191
41
249
198
157
371
453
244
4
321
191
41
249
198
157
371
453
244
4
321
191
41
249
198
157
371
453
244
4
321
191
41
249
198
157
371
453
244
4
321
191
41
249
198
157
371
453
244
4
321
191
41
249
198
157
371
453
244
4
321
191
41
249
198
157
371
453
244
4
321
191
41
249
198
157
371
453
244
4
321
191
41
249
198
157
371
453
244
4
321
191
41
249
198
157
371
453
244
4
321
191
41
249
198
157
371
453
244
4
321
191
41
249
198
157
371
453
244
4
321
191
41
249
198
157
371
453
244
4
321
191
41
249
198
157
371
453
244
4
321
191
41
249
198
157
371
453
244
4
321
191
41
249
198
157
371
453
244
4
321
191
41
249
198
157
371
453
244
4
321
191
41
249
198
157
371
453
244
4
321
191
41
249
198
157
371
453
244
4
321
191
41
249
198
157
371
453
244
4
321
191
41
249
198
157
371
453
244
4
321
191
41
249
198
157
371
453
244
4
321
191
41
249
198
157
371
453
244
4
321
191
41
249
198
157
371
453
244
4
321
191
41
249
198
157
371
453
244
4
321
191
41
249
198
157
371
453
244
4
321
191
41
249
198
157
371
453
244
4
321
191
41
249
198
157
371
453
244
4
321
191
41
249
198
157
371
453
244
4
321
191
41
249
198
157
371
453
244
4
321
191
41
249
198
157
371
453
244
4
321
191
41
249
198
157
371
453
244
4
321
191
41
249
198
157
371
453
244
4
321
191
41
249
198
157
371
453
244
4
321
191
41
249
198
157
371
453
244
4
321
191
41
249
198
157
371
453
244
4
321
191
41
249
198
157
371
453
244
4
321
191
41
249
198
157
371
453
244
4
321
191
41
249
198
157
