78
231
492
130
396
179
304
424
95
431
231
58
189
308
157
185
195
406
424
385
78
231
492
130
396
179
195
406
424
385
78
231
492
130
396
179
304
424
95
431
231
58
189
308
157
185
195
424
95
385
78
231
492
130
396
179
304
424
95
431
78
231
492
130
396
179
304
424
95
431
78
231
492
130
396
179
304
424
95
431
78
231
492
130
396
179
195
406
424
385
78
231
492
130
396
179
304
424
95
431
78
231
492
130
396
179
304
424
95
431
78
231
492
130
396
179
304
424
95
431
78
231
492
130
396
179
304
424
95
431
78
231
492
130
396
179
195
406
424
385
78
231
492
130
396
179
195
406
424
385
231
58
189
308
157
185
406
195
424
385
78
231
492
130
396
179
304
424
95
431
231
58
189
308
157
185
195
206
37
7
231
58
189
308
157
185
406
195
424
385
78
231
492
130
396
179
304
424
95
431
78
231
492
130
396
179
304
424
95
431
78
231
492
130
396
179
195
406
424
385
78
231
492
130
396
179
304
424
95
431
78
231
492
130
396
179
195
406
424
385
78
231
492
130
396
179
195
406
424
385
231
58
189
308
157
185
406
195
424
385
231
58
189
308
157
185
195
406
424
385
78
231
492
130
396
179
195
406
424
385
231
58
189
308
157
185
195
206
37
7
78
231
492
130
396
179
304
424
95
431
78
231
492
130
396
179
304
424
95
431
231
58
189
308
157
185
195
206
37
7
231
58
189
308
157
185
406
195
424
385
78
231
492
130
396
179
195
406
424
385
78
231
492
130
396
179
304
424
95
431
78
231
492
130
396
179
304
424
95
431
78
231
492
130
396
179
195
406
424
385
78
231
492
130
396
179
304
424
95
431
78
231
492
130
396
179
304
424
95
431
231
58
189
308
157
185
195
206
37
7
78
231
492
130
396
179
195
406
424
385
78
231
492
130
396
179
195
406
424
385
78
231
492
130
396
179
304
424
95
431
78
231
492
130
396
179
304
424
95
431
78
231
492
130
396
179
195
406
424
385
78
231
492
130
396
179
304
424
95
431
78
231
492
130
396
179
304
424
95
431
231
58
189
308
157
185
195
206
37
7
78
231
492
130
396
179
195
406
424
385
78
231
492
130
396
179
304
424
95
431
