221
359
168
524
182
68
1
238
180
301
221
359
168
524
182
68
1
238
180
301
221
359
168
524
182
68
1
238
180
301
221
359
168
524
182
68
1
238
180
301
221
359
168
524
182
68
1
238
180
301
221
359
168
524
182
68
1
238
180
301
221
359
168
524
182
68
1
238
180
301
221
359
168
524
182
68
1
238
180
301
221
359
168
524
182
68
1
238
180
301
221
359
168
524
182
68
1
238
180
301
221
359
168
524
182
68
1
238
180
301
221
359
168
524
182
68
1
238
180
301
221
359
168
524
182
68
1
238
180
301
221
359
168
524
182
68
1
238
180
301
221
359
168
524
182
68
1
238
180
301
221
359
168
524
182
68
1
238
180
301
221
359
168
524
182
68
1
238
180
301
221
359
168
524
182
68
1
238
180
301
221
359
168
524
182
68
1
238
180
301
221
359
168
524
182
68
1
238
180
301
221
359
168
524
182
68
1
238
180
301
221
359
168
524
182
68
1
238
180
301
221
359
168
524
182
68
1
238
180
301
221
359
168
524
182
68
1
238
180
301
221
359
168
524
182
68
1
238
180
301
221
359
168
524
182
68
1
238
180
301
221
359
168
524
182
68
1
238
180
301
221
359
168
524
182
68
1
238
180
301
221
359
168
524
182
68
1
238
180
301
221
359
168
524
182
68
1
238
180
301
221
359
168
524
182
68
1
238
180
301
221
359
168
524
182
68
1
238
180
301
221
359
168
524
182
68
1
238
180
301
221
359
168
524
182
68
1
238
180
301
221
359
168
524
182
68
1
238
180
301
221
359
168
524
182
68
1
238
180
301
221
359
168
524
182
68
1
238
180
301
221
359
168
524
182
68
1
238
180
301
221
359
168
524
182
68
1
238
180
301
221
359
168
524
182
68
1
238
180
301
221
359
168
524
182
68
1
238
180
301
221
359
168
524
182
68
1
238
180
301
221
359
168
524
182
68
1
238
180
301
221
359
168
524
182
68
1
238
180
301
221
359
168
524
182
68
1
238
180
301
221
359
168
524
182
68
1
238
180
301
221
359
168
524
182
68
1
238
180
301
221
359
168
524
182
68
1
238
180
301
221
359
168
524
182
68
1
238
180
301
221
359
168
524
182
68
1
238
180
301
