257
131
245
217
75
133
354
94
257
587
128
187
97
431
137
349
147
162
82
325
25
582
38
332
206
431
300
86
99
87
821
263
489
251
344
218
354
155
354
450
260
356
330
143
694
96
261
212
220
450
54
126
132
505
137
75
137
354
273
131
170
241
187
131
588
183
86
218
137
333
333
167
147
137
319
137
141
95
41
142
150
24
617
171
184
129
354
265
308
91
457
38
563
200
349
267
208
225
128
88
346
43
284
550
486
347
51
270
423
82
88
369
79
82
128
269
312
473
80
511
302
586
656
352
452
143
21
586
177
261
131
533
176
21
12
153
100
46
582
581
82
264
186
167
131
48
154
333
124
204
1
150
350
107
104
80
155
217
155
82
48
350
147
264
36
268
485
518
125
187
261
482
204
193
814
381
487
218
214
82
503
39
172
186
150
80
80
86
42
226
350
86
38
140
270
22
183
87
155
130
150
218
264
586
104
198
1
673
87
332
390
96
38
345
187
175
13
82
518
143
187
468
37
703
139
268
313
274
496
581
342
263
158
423
53
21
131
522
152
210
254
460
80
202
184
420
86
152
38
38
124
206
110
448
92
129
313
834
496
362
81
172
137
175
427
82
210
390
153
354
125
452
141
425
375
354
128
139
390
527
143
225
468
171
237
143
167
188
162
486
38
354
264
160
131
162
381
420
193
222
354
51
238
574
129
218
161
131
183
530
260
85
115
479
376
263
260
344
38
376
330
330
160
216
696
421
131
213
536
143
439
302
45
100
130
451
99
184
415
82
144
346
80
100
13
271
79
677
81
204
126
152
493
303
391
405
519
206
137
193
756
126
427
177
186
521
80
150
225
424
7
95
230
125
330
330
303
350
354
97
256
288
24
349
563
449
7
182
124
157
38
161
308
84
150
330
137
300
427
285
432
206
182
361
21
832
38
702
446
82
150
138
137
63
33
85
354
177
167
479
781
813
82
479
167
150
25
75
95
586
56
521
131
83
187
261
50
349
348
198
354
311
40
137
354
38
144
106
220
132
218
80
206
181
263
131
38
167
381
659
146
126
331
129
274
388
349
150
268
142
23
186
91
813
187
585
187
64
360
167
245
183
452
261
94
505
84
302
350
378
175
505
988
415
425
128
252
259
12
86
