527
44
491
338
26
296
23
24
233
11
174
52
267
10
120
47
246
354
27
335
527
44
491
338
26
296
23
24
233
11
174
52
267
10
120
47
246
354
27
335
527
44
491
338
26
296
23
24
233
11
174
52
267
10
120
47
246
354
27
335
527
44
491
338
26
296
23
24
233
11
174
52
267
10
120
47
246
354
27
335
527
44
491
338
26
296
23
24
233
11
174
52
267
10
120
47
246
354
27
335
527
44
491
338
26
296
23
24
233
11
174
52
267
10
120
47
246
354
27
335
527
44
491
338
26
296
23
24
233
11
174
52
267
10
120
47
246
354
27
335
527
44
491
338
26
296
23
24
233
11
174
52
267
10
120
47
246
354
27
335
527
44
491
338
26
296
23
24
233
11
174
52
267
10
120
47
246
354
27
335
527
44
491
338
26
296
23
24
233
11
174
52
267
10
120
47
246
354
27
335
527
44
491
338
26
296
23
24
233
11
174
52
267
10
120
47
246
354
27
335
527
44
491
338
26
296
23
24
233
11
174
52
267
10
120
47
246
354
27
335
527
44
491
338
26
296
23
24
233
11
174
52
267
10
120
47
246
354
27
335
527
44
491
338
26
296
23
24
233
11
174
52
267
10
120
47
246
354
27
335
527
44
491
338
26
296
23
24
233
11
174
52
267
10
120
47
246
354
27
335
527
44
491
338
26
296
23
24
233
11
174
52
267
10
120
47
246
354
27
335
527
44
491
338
26
296
23
24
233
11
174
52
267
10
120
47
246
354
27
335
527
44
491
338
26
296
23
24
233
11
174
52
267
10
120
47
246
354
27
335
527
44
491
338
26
296
23
24
233
11
174
52
267
10
120
47
246
354
27
335
527
44
491
338
26
296
23
24
233
11
174
52
267
10
120
47
246
354
27
335
527
44
491
338
26
296
23
24
233
11
174
52
267
10
120
47
246
354
27
335
527
44
491
338
26
296
23
24
233
11
174
52
267
10
120
47
246
354
27
335
527
44
491
338
26
296
23
24
233
11
174
52
267
10
120
47
246
354
27
335
527
44
491
338
26
296
23
24
233
11
174
52
267
10
120
47
246
354
27
335
527
44
491
338
26
296
23
24
233
11
174
52
267
10
120
47
246
354
27
335
527
44
491
338
26
296
23
24
233
11
174
52
267
10
120
47
246
354
27
335
527
44
491
338
26
296
23
24
233
11
174
52
267
10
120
47
246
354
27
335
527
44
491
338
26
296
23
24
233
11
174
52
267
10
120
47
246
354
27
335
527
44
491
338
26
296
23
24
233
11
174
52
267
10
120
47
246
354
27
335
527
44
491
338
26
296
23
24
233
11
174
52
267
10
120
47
246
354
27
335
527
44
491
338
26
296
23
24
233
11
174
52
267
10
120
47
246
354
27
335
527
44
491
338
26
296
23
24
233
11
174
52
267
10
120
47
246
354
27
335
527
44
491
338
26
296
23
24
233
11
174
52
267
10
120
47
246
354
27
335
527
44
491
338
26
296
23
24
233
11
174
52
267
10
120
47
246
354
27
335
527
44
491
338
26
296
23
24
233
11
174
52
267
10
120
47
246
354
27
335
527
44
491
338
26
296
23
24
233
11
174
52
267
10
120
47
246
354
27
335
527
44
491
338
26
296
23
24
233
11
174
52
267
10
120
47
246
354
27
335
527
44
491
338
26
296
23
24
233
11
174
52
267
10
120
47
246
354
27
335
527
44
491
338
26
296
23
24
233
11
174
52
267
10
120
47
246
354
27
335
527
44
491
338
26
296
23
24
233
11
174
52
267
10
120
47
246
354
27
335
527
44
491
338
26
296
23
24
233
11
174
52
267
10
120
47
246
354
27
335
527
44
491
338
26
296
23
24
233
11
174
52
267
10
120
47
246
354
27
335
527
44
491
338
26
296
23
24
233
11
174
52
267
10
120
47
246
354
27
335
527
44
491
338
26
296
23
24
233
11
174
52
267
10
120
47
246
354
27
335
527
44
491
338
26
296
23
24
233
11
174
52
267
10
120
47
246
354
27
335
527
44
491
338
26
296
23
24
233
11
174
52
267
10
120
47
246
354
27
335
527
44
491
338
26
296
23
24
233
11
174
52
267
10
120
47
246
354
27
335
527
44
491
338
26
296
23
24
233
11
174
52
267
10
120
47
246
354
27
335
527
44
491
338
26
296
23
24
233
11
174
52
267
10
120
47
246
354
27
335
527
44
491
338
26
296
23
24
233
11
174
52
267
10
120
47
246
354
27
335
