283
379
277
273
161
410
490
158
197
98
785
147
284
264
780
819
766
504
786
614
283
379
273
277
161
410
155
490
197
98
785
147
284
264
780
819
766
504
786
614
410
490
155
158
377
29
86
594
197
98
785
147
284
264
780
819
766
504
786
614
410
490
155
158
377
29
86
594
197
98
785
147
284
264
780
819
766
504
786
614
283
379
277
273
161
410
155
490
197
98
785
147
284
264
780
819
766
504
786
614
410
490
155
158
377
29
594
86
197
98
785
147
284
264
780
819
766
504
786
614
410
490
155
158
377
29
86
594
197
98
785
147
284
264
780
819
766
504
786
614
490
155
410
158
377
29
86
594
197
98
785
147
284
264
780
819
766
786
504
614
283
379
273
277
161
410
155
490
197
98
785
147
284
264
780
819
766
504
786
614
410
490
155
158
377
29
86
594
197
98
785
147
284
264
780
819
766
504
786
614
283
379
273
277
161
410
155
490
197
98
785
147
284
264
780
819
766
504
786
614
283
379
273
277
161
410
155
490
197
98
785
147
284
264
780
819
766
504
786
614
283
379
273
277
161
410
155
490
197
98
785
147
284
264
780
819
766
504
786
614
283
379
277
273
161
410
155
490
197
98
785
147
284
264
780
819
766
504
786
614
410
490
155
158
377
29
594
86
197
98
785
147
284
264
780
819
766
504
786
614
490
155
410
158
377
29
86
594
197
98
785
147
284
264
780
819
766
786
504
614
490
155
410
158
377
29
86
594
197
98
785
147
284
264
780
819
766
786
504
614
490
155
410
158
377
29
86
594
197
98
785
147
284
264
780
819
766
786
504
614
410
490
155
158
377
29
86
594
197
98
785
147
284
264
780
819
766
504
786
614
283
379
273
277
161
410
155
490
197
98
785
147
284
264
780
819
766
504
786
614
410
490
155
158
377
29
86
594
197
98
785
147
284
264
780
819
766
504
786
614
410
490
155
158
377
29
86
594
197
98
785
147
284
264
780
819
766
504
786
614
490
155
410
158
377
29
86
594
197
98
785
147
284
264
780
819
766
786
504
614
283
379
273
277
161
410
155
490
197
98
785
147
284
264
780
819
766
504
786
614
490
155
410
158
377
29
86
594
197
98
785
147
284
264
780
819
766
786
504
614
283
379
273
277
161
410
155
490
197
98
785
147
284
264
780
819
766
504
786
614
283
379
273
277
161
410
155
490
197
98
785
147
284
264
780
819
766
504
786
614
490
155
410
158
377
29
86
594
197
98
785
147
284
264
780
819
766
786
504
614
283
379
277
273
161
410
490
158
197
98
785
147
284
264
780
819
766
504
786
614
490
155
410
158
377
29
86
594
197
98
785
147
284
264
780
819
766
786
504
614
490
155
410
158
377
29
86
594
197
98
785
147
284
264
780
819
766
786
504
614
410
490
155
158
377
29
86
594
197
98
785
147
284
264
780
819
766
786
504
614
410
490
155
158
377
29
594
86
197
98
785
147
284
264
780
819
766
504
786
614
283
379
273
277
161
410
155
490
197
98
785
147
284
264
780
819
766
504
786
614
410
490
155
158
377
29
86
594
197
98
785
147
284
264
780
819
766
504
786
614
283
379
277
273
161
410
155
490
197
98
785
147
284
264
780
819
766
504
786
614
155
410
490
158
377
29
86
594
197
98
785
147
284
264
780
819
766
786
504
614
410
490
155
158
377
29
86
594
197
98
785
147
284
264
780
819
766
504
786
614
410
490
155
158
377
29
86
594
197
98
785
147
284
264
780
819
766
504
786
614
410
490
155
158
377
29
86
594
197
98
785
147
284
264
780
819
766
786
504
614
283
379
273
277
161
410
155
490
197
98
785
147
284
264
780
819
766
504
786
614
283
379
277
273
161
410
155
490
197
98
785
147
284
264
780
819
766
504
786
614
410
490
155
158
377
29
86
594
197
98
785
147
284
264
780
819
766
786
504
614
490
155
410
158
377
29
86
594
197
98
785
147
284
264
780
819
766
786
504
614
410
490
155
158
377
29
594
86
197
98
785
147
284
264
780
819
766
504
786
614
410
490
155
158
377
29
86
594
197
98
785
147
284
264
780
819
766
504
786
614
410
490
155
158
377
29
86
594
197
98
785
147
284
264
780
819
766
786
504
614
490
155
410
158
377
29
86
594
197
98
785
147
284
264
780
819
766
786
504
614
283
379
277
273
161
410
155
490
197
98
785
147
284
264
780
819
766
504
786
614
410
490
155
158
377
29
86
594
197
98
785
147
284
264
780
819
766
504
786
614
