113
243
241
321
252
368
251
520
28
167
442
820
132
529
651
662
367
94
669
843
113
243
241
321
252
368
251
520
28
167
442
820
132
529
651
662
367
94
669
843
113
243
241
321
252
368
251
520
28
167
442
820
132
529
651
662
367
94
669
843
113
243
241
321
252
368
251
520
28
167
442
820
132
529
651
662
367
94
669
843
113
243
241
321
252
368
251
520
28
167
442
820
132
529
651
662
367
94
669
843
113
243
241
321
252
368
251
520
28
167
442
820
132
529
651
662
367
94
669
843
113
243
241
321
252
368
251
520
28
167
442
820
132
529
651
662
367
94
669
843
113
243
241
321
252
368
251
520
28
167
442
820
132
529
651
662
367
94
669
843
113
243
241
321
252
368
251
520
28
167
442
820
132
529
651
662
367
94
669
843
113
243
241
321
252
368
251
520
28
167
442
820
132
529
651
662
367
94
669
843
113
243
241
321
252
368
251
520
28
167
442
820
132
529
651
662
367
94
669
843
113
243
241
321
252
368
251
520
28
167
442
820
132
529
651
662
367
94
669
843
113
243
241
321
252
368
251
520
28
167
442
820
132
529
651
662
367
94
669
843
113
243
241
321
252
368
251
520
28
167
442
820
132
529
651
662
367
94
669
843
113
243
241
321
252
368
251
520
28
167
442
820
132
529
651
662
367
94
669
843
113
243
241
321
252
368
251
520
28
167
442
820
132
529
651
662
367
94
669
843
113
243
241
321
252
368
251
520
28
167
442
820
132
529
651
662
367
94
669
843
113
243
241
321
252
368
251
520
28
167
442
820
132
529
651
662
367
94
669
843
113
243
241
321
252
368
251
520
28
167
442
820
132
529
651
662
367
94
669
843
113
243
241
321
252
368
251
520
28
167
442
820
132
529
651
662
367
94
669
843
113
243
241
321
252
368
251
520
28
167
442
820
132
529
651
662
367
94
669
843
113
243
241
321
252
368
251
520
28
167
442
820
132
529
651
662
367
94
669
843
113
243
241
321
252
368
251
520
28
167
442
820
132
529
651
662
367
94
669
843
113
243
241
321
252
368
251
520
28
167
442
820
132
529
651
662
367
94
669
843
113
243
241
321
252
368
251
520
28
167
442
820
132
529
651
662
367
94
669
843
113
243
241
321
252
368
251
520
28
167
442
820
132
529
651
662
367
94
669
843
113
243
241
321
252
368
251
520
28
167
442
820
132
529
651
662
367
94
669
843
113
243
241
321
252
368
251
520
28
167
442
820
132
529
651
662
367
94
669
843
113
243
241
321
252
368
251
520
28
167
442
820
132
529
651
662
367
94
669
843
113
243
241
321
252
368
251
520
28
167
442
820
132
529
651
662
367
94
669
843
113
243
241
321
252
368
251
520
28
167
442
820
132
529
651
662
367
94
669
843
113
243
241
321
252
368
251
520
28
167
442
820
132
529
651
662
367
94
669
843
113
243
241
321
252
368
251
520
28
167
442
820
132
529
651
662
367
94
669
843
113
243
241
321
252
368
251
520
28
167
442
820
132
529
651
662
367
94
669
843
113
243
241
321
252
368
251
520
28
167
442
820
132
529
651
662
367
94
669
843
113
243
241
321
252
368
251
520
28
167
442
820
132
529
651
662
367
94
669
843
113
243
241
321
252
368
251
520
28
167
442
820
132
529
651
662
367
94
669
843
113
243
241
321
252
368
251
520
28
167
442
820
132
529
651
662
367
94
669
843
113
243
241
321
252
368
251
520
28
167
442
820
132
529
651
662
367
94
669
843
113
243
241
321
252
368
251
520
28
167
442
820
132
529
651
662
367
94
669
843
113
243
241
321
252
368
251
520
28
167
442
820
132
529
651
662
367
94
669
843
113
243
241
321
252
368
251
520
28
167
442
820
132
529
651
662
367
94
669
843
113
243
241
321
252
368
251
520
28
167
442
820
132
529
651
662
367
94
669
843
113
243
241
321
252
368
251
520
28
167
442
820
132
529
651
662
367
94
669
843
113
243
241
321
252
368
251
520
28
167
442
820
132
529
651
662
367
94
669
843
113
243
241
321
252
368
251
520
28
167
442
820
132
529
651
662
367
94
669
843
113
243
241
321
252
368
251
520
28
167
442
820
132
529
651
662
367
94
669
843
113
243
241
321
252
368
251
520
28
167
442
820
132
529
651
662
367
94
669
843
113
243
241
321
252
368
251
520
28
167
442
820
132
529
651
662
367
94
669
843
113
243
241
321
252
368
251
520
28
167
442
820
132
529
651
662
367
94
669
843
