109
267
116
326
209
785
509
44
50
211
43
195
803
90
517
110
28
591
768
787
109
267
116
326
209
785
509
44
50
211
43
195
803
90
517
110
28
591
768
787
109
267
116
326
209
785
509
44
50
211
43
195
803
90
517
110
28
591
768
787
109
267
116
326
209
785
509
44
50
211
43
195
803
90
517
110
28
591
768
787
109
267
116
326
209
785
509
44
50
211
43
195
803
90
517
110
28
591
768
787
109
267
116
326
209
785
509
44
50
211
43
195
803
90
517
110
28
591
768
787
109
267
116
326
209
785
509
44
50
211
43
195
803
90
517
110
28
591
768
787
109
267
116
326
209
785
509
44
50
211
43
195
803
90
517
110
28
591
768
787
109
267
116
326
209
785
509
44
50
211
43
195
803
90
517
110
28
591
768
787
109
267
116
326
209
785
509
44
50
211
43
195
803
90
517
110
28
591
768
787
109
267
116
326
209
785
509
44
50
211
43
195
803
90
517
110
28
591
768
787
109
267
116
326
209
785
509
44
50
211
43
195
803
90
517
110
28
591
768
787
109
267
116
326
209
785
509
44
50
211
43
195
803
90
517
110
28
591
768
787
109
267
116
326
209
785
509
44
50
211
43
195
803
90
517
110
28
591
768
787
109
267
116
326
209
785
509
44
50
211
43
195
803
90
517
110
28
591
768
787
109
267
116
326
209
785
509
44
50
211
43
195
803
90
517
110
28
591
768
787
109
267
116
326
209
785
509
44
50
211
43
195
803
90
517
110
28
591
768
787
109
267
116
326
209
785
509
44
50
211
43
195
803
90
517
110
28
591
768
787
109
267
116
326
209
785
509
44
50
211
43
195
803
90
517
110
28
591
768
787
109
267
116
326
209
785
509
44
50
211
43
195
803
90
517
110
28
591
768
787
109
267
116
326
209
785
509
44
50
211
43
195
803
90
517
110
28
591
768
787
109
267
116
326
209
785
509
44
50
211
43
195
803
90
517
110
28
591
768
787
109
267
116
326
209
785
509
44
50
211
43
195
803
90
517
110
28
591
768
787
109
267
116
326
209
785
509
44
50
211
43
195
803
90
517
110
28
591
768
787
109
267
116
326
209
785
509
44
50
211
43
195
803
90
517
110
28
591
768
787
109
267
116
326
209
785
509
44
50
211
43
195
803
90
517
110
28
591
768
787
109
267
116
326
209
785
509
44
50
211
43
195
803
90
517
110
28
591
768
787
109
267
116
326
209
785
509
44
50
211
43
195
803
90
517
110
28
591
768
787
109
267
116
326
209
785
509
44
50
211
43
195
803
90
517
110
28
591
768
787
109
267
116
326
209
785
509
44
50
211
43
195
803
90
517
110
28
591
768
787
109
267
116
326
209
785
509
44
50
211
43
195
803
90
517
110
28
591
768
787
109
267
116
326
209
785
509
44
50
211
43
195
803
90
517
110
28
591
768
787
109
267
116
326
209
785
509
44
50
211
43
195
803
90
517
110
28
591
768
787
109
267
116
326
209
785
509
44
50
211
43
195
803
90
517
110
28
591
768
787
109
267
116
326
209
785
509
44
50
211
43
195
803
90
517
110
28
591
768
787
109
267
116
326
209
785
509
44
50
211
43
195
803
90
517
110
28
591
768
787
109
267
116
326
209
785
509
44
50
211
43
195
803
90
517
110
28
591
768
787
109
267
116
326
209
785
509
44
50
211
43
195
803
90
517
110
28
591
768
787
109
267
116
326
209
785
509
44
50
211
43
195
803
90
517
110
28
591
768
787
109
267
116
326
209
785
509
44
50
211
43
195
803
90
517
110
28
591
768
787
109
267
116
326
209
785
509
44
50
211
43
195
803
90
517
110
28
591
768
787
109
267
116
326
209
785
509
44
50
211
43
195
803
90
517
110
28
591
768
787
109
267
116
326
209
785
509
44
50
211
43
195
803
90
517
110
28
591
768
787
109
267
116
326
209
785
509
44
50
211
43
195
803
90
517
110
28
591
768
787
109
267
116
326
209
785
509
44
50
211
43
195
803
90
517
110
28
591
768
787
109
267
116
326
209
785
509
44
50
211
43
195
803
90
517
110
28
591
768
787
109
267
116
326
209
785
509
44
50
211
43
195
803
90
517
110
28
591
768
787
109
267
116
326
209
785
509
44
50
211
43
195
803
90
517
110
28
591
768
787
109
267
116
326
209
785
509
44
50
211
43
195
803
90
517
110
28
591
768
787
109
267
116
326
209
785
509
44
50
211
43
195
803
90
517
110
28
591
768
787
