482
744
471
615
576
672
79
16
264
265
570
851
569
666
584
111
131
660
70
410
482
744
471
615
576
672
79
16
264
265
570
851
569
666
584
111
131
660
70
410
482
744
471
615
576
672
79
16
264
265
570
851
569
666
584
111
131
660
70
410
482
744
471
615
576
672
79
16
264
265
570
851
569
666
584
111
131
660
70
410
482
744
471
615
576
672
79
16
264
265
570
851
569
666
584
111
131
660
70
410
482
744
471
615
576
672
79
16
264
265
570
851
569
666
584
111
131
660
70
410
482
744
471
615
576
672
79
16
264
265
570
851
569
666
584
111
131
660
70
410
482
744
471
615
576
672
79
16
264
265
570
851
569
666
584
111
131
660
70
410
482
744
471
615
576
672
79
16
264
265
570
851
569
666
584
111
131
660
70
410
482
744
471
615
576
672
79
16
264
265
570
851
569
666
584
111
131
660
70
410
482
744
471
615
576
672
79
16
264
265
570
851
569
666
584
111
131
660
70
410
482
744
471
615
576
672
79
16
264
265
570
851
569
666
584
111
131
660
70
410
482
744
471
615
576
672
79
16
264
265
570
851
569
666
584
111
131
660
70
410
482
744
471
615
576
672
79
16
264
265
570
851
569
666
584
111
131
660
70
410
482
744
471
615
576
672
79
16
264
265
570
851
569
666
584
111
131
660
70
410
482
744
471
615
576
672
79
16
264
265
570
851
569
666
584
111
131
660
70
410
482
744
471
615
576
672
79
16
264
265
570
851
569
666
584
111
131
660
70
410
482
744
471
615
576
672
79
16
264
265
570
851
569
666
584
111
131
660
70
410
482
744
471
615
576
672
79
16
264
265
570
851
569
666
584
111
131
660
70
410
482
744
471
615
576
672
79
16
264
265
570
851
569
666
584
111
131
660
70
410
482
744
471
615
576
672
79
16
264
265
570
851
569
666
584
111
131
660
70
410
482
744
471
615
576
672
79
16
264
265
570
851
569
666
584
111
131
660
70
410
482
744
471
615
576
672
79
16
264
265
570
851
569
666
584
111
131
660
70
410
482
744
471
615
576
672
79
16
264
265
570
851
569
666
584
111
131
660
70
410
482
744
471
615
576
672
79
16
264
265
570
851
569
666
584
111
131
660
70
410
482
744
471
615
576
672
79
16
264
265
570
851
569
666
584
111
131
660
70
410
482
744
471
615
576
672
79
16
264
265
570
851
569
666
584
111
131
660
70
410
482
744
471
615
576
672
79
16
264
265
570
851
569
666
584
111
131
660
70
410
482
744
471
615
576
672
79
16
264
265
570
851
569
666
584
111
131
660
70
410
482
744
471
615
576
672
79
16
264
265
570
851
569
666
584
111
131
660
70
410
482
744
471
615
576
672
79
16
264
265
570
851
569
666
584
111
131
660
70
410
482
744
471
615
576
672
79
16
264
265
570
851
569
666
584
111
131
660
70
410
482
744
471
615
576
672
79
16
264
265
570
851
569
666
584
111
131
660
70
410
482
744
471
615
576
672
79
16
264
265
570
851
569
666
584
111
131
660
70
410
482
744
471
615
576
672
79
16
264
265
570
851
569
666
584
111
131
660
70
410
482
744
471
615
576
672
79
16
264
265
570
851
569
666
584
111
131
660
70
410
482
744
471
615
576
672
79
16
264
265
570
851
569
666
584
111
131
660
70
410
482
744
471
615
576
672
79
16
264
265
570
851
569
666
584
111
131
660
70
410
482
744
471
615
576
672
79
16
264
265
570
851
569
666
584
111
131
660
70
410
482
744
471
615
576
672
79
16
264
265
570
851
569
666
584
111
131
660
70
410
482
744
471
615
576
672
79
16
264
265
570
851
569
666
584
111
131
660
70
410
482
744
471
615
576
672
79
16
264
265
570
851
569
666
584
111
131
660
70
410
482
744
471
615
576
672
79
16
264
265
570
851
569
666
584
111
131
660
70
410
482
744
471
615
576
672
79
16
264
265
570
851
569
666
584
111
131
660
70
410
482
744
471
615
576
672
79
16
264
265
570
851
569
666
584
111
131
660
70
410
482
744
471
615
576
672
79
16
264
265
570
851
569
666
584
111
131
660
70
410
482
744
471
615
576
672
79
16
264
265
570
851
569
666
584
111
131
660
70
410
482
744
471
615
576
672
79
16
264
265
570
851
569
666
584
111
131
660
70
410
482
744
471
615
576
672
79
16
264
265
570
851
569
666
584
111
131
660
70
410
482
744
471
615
576
672
79
16
264
265
570
851
569
666
584
111
131
660
70
410
