159
1067
522
769
283
250
520
3530
251
2260
734
294
24
749
689
740
827
690
742
779
159
1067
522
769
283
250
520
3530
251
2260
734
294
24
749
689
740
827
690
742
845
159
1067
522
769
283
250
520
3530
251
2260
734
294
24
749
689
740
827
690
742
779
1397
159
1067
522
528
1141
769
97
1437
734
294
24
749
689
740
827
690
742
845
779
1397
522
528
769
94
1236
250
1883
1101
2253
734
294
24
749
689
740
827
690
742
845
1397
159
1067
522
528
1141
1437
769
97
94
734
294
24
749
689
740
827
690
742
845
159
1067
522
769
283
250
520
3530
251
2260
734
294
24
749
689
740
827
690
742
845
1397
159
1067
522
528
1141
769
1437
97
734
294
24
749
689
740
827
690
742
845
779
159
1067
522
769
283
250
520
3530
251
2260
734
294
24
749
689
740
827
690
742
779
159
1067
522
769
283
250
520
3530
251
2260
734
294
24
749
689
740
827
690
742
845
159
1067
522
769
283
250
520
3530
251
2260
734
294
24
749
689
740
827
690
742
779
159
1067
522
769
283
250
520
3530
251
2260
734
294
24
749
689
740
827
690
742
779
159
1067
522
769
283
250
520
3530
251
2260
734
294
24
749
689
740
827
690
742
779
159
1067
522
769
283
250
520
3530
251
2260
734
294
24
749
689
740
827
690
742
779
159
1067
522
769
283
250
520
3530
251
2260
734
294
24
749
689
740
827
690
742
779
1397
159
1067
522
528
1141
1437
769
97
734
294
24
749
689
740
827
690
742
845
779
159
1067
522
769
250
283
520
3530
251
2260
734
294
24
749
689
740
827
690
742
845
1397
159
1067
522
528
1141
1437
769
94
734
294
24
749
689
740
827
690
742
845
779
159
1067
522
769
283
250
520
3530
251
2260
734
294
24
749
689
740
827
690
742
845
1397
159
1067
522
528
1141
1437
769
97
734
294
24
749
689
740
827
690
742
845
779
159
1067
522
769
283
250
520
3530
251
2260
734
294
24
749
689
740
827
690
742
779
1397
159
1067
522
528
1141
1437
769
97
94
734
294
24
749
689
740
827
690
742
845
1397
159
1067
522
528
1141
769
1437
97
734
294
24
749
689
740
827
690
845
742
779
159
1067
522
769
283
250
520
3530
251
2260
734
294
24
749
689
740
827
690
742
779
159
1067
522
769
283
250
520
3530
251
2260
734
294
24
749
689
740
827
690
742
845
159
1067
522
769
283
250
520
3530
251
2260
734
294
24
749
689
740
827
690
742
779
159
1067
522
769
283
250
520
3530
251
2260
734
294
24
749
689
740
827
690
742
845
1397
159
1067
522
528
1141
1437
769
97
734
294
24
749
689
740
827
690
742
845
779
159
1067
522
769
283
250
520
3530
251
2260
734
294
24
749
689
740
827
690
742
779
159
1067
522
769
283
250
520
3530
251
2260
734
294
24
749
689
740
827
690
742
845
159
1067
522
769
283
250
520
3530
251
2260
734
294
24
749
689
740
827
690
742
779
159
1067
522
769
283
250
520
3530
251
2260
734
294
24
749
689
740
827
690
742
779
159
1067
522
769
283
250
520
3530
251
2260
734
294
24
749
689
740
827
690
742
845
159
1067
522
769
250
283
520
3530
251
2260
734
294
24
749
689
740
827
690
742
845
159
1067
522
769
283
250
520
3530
251
2260
734
294
24
749
689
740
827
690
742
845
159
1067
522
769
283
250
520
3530
251
2260
734
294
24
749
689
740
827
690
742
845
1397
159
1067
522
528
1141
769
97
1437
734
294
24
749
689
740
827
690
845
742
779
159
1067
522
769
283
250
520
3530
251
2260
734
294
24
749
689
740
827
690
742
779
159
1067
522
769
283
250
520
3530
251
2260
734
294
24
749
689
740
827
690
742
845
1397
159
1067
522
528
1141
1437
769
97
734
294
24
749
689
740
827
690
742
845
779
159
1067
522
769
283
250
520
3530
251
2260
734
294
24
749
689
740
827
690
742
779
159
1067
522
769
283
250
520
3530
251
2260
734
294
24
749
689
740
827
690
742
845
1397
522
528
769
94
1236
250
1883
1101
734
294
24
749
689
740
827
690
742
845
779
159
1067
522
769
283
250
520
3530
251
2260
734
294
24
749
689
740
827
690
742
845
159
1067
522
769
283
250
520
3530
251
2260
734
294
24
749
689
740
827
690
742
779
159
1067
522
769
283
250
520
3530
251
2260
734
294
24
749
689
740
827
690
742
779
1397
159
1067
522
528
1141
769
1437
97
734
294
24
749
689
740
827
690
742
845
779
159
1067
522
769
283
250
520
3530
251
2260
734
294
24
749
689
740
827
690
742
845
159
1067
522
769
283
250
520
3530
251
2260
734
294
24
749
689
740
827
690
742
779
159
1067
522
769
283
250
520
3530
251
2260
734
294
24
749
689
740
827
690
742
779
