314
137
1
308
63
478
606
153
449
160
39
133
251
2
677
340
710
715
711
713
314
137
1
308
63
478
606
153
449
160
39
133
251
2
677
340
710
715
711
713
314
137
1
308
63
478
606
153
449
160
39
133
251
2
677
340
710
715
711
713
314
137
1
308
63
478
606
153
449
160
39
133
251
2
677
340
710
715
711
713
314
137
1
308
63
478
606
153
449
160
39
133
251
2
677
340
710
715
711
713
314
137
1
308
63
478
606
153
449
160
39
133
251
2
677
340
710
715
711
713
314
137
1
308
63
478
606
153
449
160
39
133
251
2
677
340
710
715
711
713
314
137
1
308
63
478
606
153
449
160
39
133
251
2
677
340
710
715
711
713
314
137
1
308
63
478
606
153
449
160
39
133
251
2
677
340
710
715
711
713
314
137
1
308
63
478
606
153
449
160
39
133
251
2
677
340
710
715
711
713
314
137
1
308
63
478
606
153
449
160
39
133
251
2
677
340
710
715
711
713
314
137
1
308
63
478
606
153
449
160
39
133
251
2
677
340
710
715
711
713
314
137
1
308
63
478
606
153
449
160
39
133
251
2
677
340
710
715
711
713
314
137
1
308
63
478
606
153
449
160
39
133
251
2
677
340
710
715
711
713
314
137
1
308
63
478
606
153
449
160
39
133
251
2
677
340
710
715
711
713
314
137
1
308
63
478
606
153
449
160
39
133
251
2
677
340
710
715
711
713
314
137
1
308
63
478
606
153
449
160
39
133
251
2
677
340
710
715
711
713
314
137
1
308
63
478
606
153
449
160
39
133
251
2
677
340
710
715
711
713
314
137
1
308
63
478
606
153
449
160
39
133
251
2
677
340
710
715
711
713
314
137
1
308
63
478
606
153
449
160
39
133
251
2
677
340
710
715
711
713
314
137
1
308
63
478
606
153
449
160
39
133
251
2
677
340
710
715
711
713
314
137
1
308
63
478
606
153
449
160
39
133
251
2
677
340
710
715
711
713
314
137
1
308
63
478
606
153
449
160
39
133
251
2
677
340
710
715
711
713
314
137
1
308
63
478
606
153
449
160
39
133
251
2
677
340
710
715
711
713
314
137
1
308
63
478
606
153
449
160
39
133
251
2
677
340
710
715
711
713
314
137
1
308
63
478
606
153
449
160
39
133
251
2
677
340
710
715
711
713
314
137
1
308
63
478
606
153
449
160
39
133
251
2
677
340
710
715
711
713
314
137
1
308
63
478
606
153
449
160
39
133
251
2
677
340
710
715
711
713
314
137
1
308
63
478
606
153
449
160
39
133
251
2
677
340
710
715
711
713
314
137
1
308
63
478
606
153
449
160
39
133
251
2
677
340
710
715
711
713
314
137
1
308
63
478
606
153
449
160
39
133
251
2
677
340
710
715
711
713
314
137
1
308
63
478
606
153
449
160
39
133
251
2
677
340
710
715
711
713
314
137
1
308
63
478
606
153
449
160
39
133
251
2
677
340
710
715
711
713
314
137
1
308
63
478
606
153
449
160
39
133
251
2
677
340
710
715
711
713
314
137
1
308
63
478
606
153
449
160
39
133
251
2
677
340
710
715
711
713
314
137
1
308
63
478
606
153
449
160
39
133
251
2
677
340
710
715
711
713
314
137
1
308
63
478
606
153
449
160
39
133
251
2
677
340
710
715
711
713
314
137
1
308
63
478
606
153
449
160
39
133
251
2
677
340
710
715
711
713
314
137
1
308
63
478
606
153
449
160
39
133
251
2
677
340
710
715
711
713
314
137
1
308
63
478
606
153
449
160
39
133
251
2
677
340
710
715
711
713
314
137
1
308
63
478
606
153
449
160
39
133
251
2
677
340
710
715
711
713
314
137
1
308
63
478
606
153
449
160
39
133
251
2
677
340
710
715
711
713
314
137
1
308
63
478
606
153
449
160
39
133
251
2
677
340
710
715
711
713
314
137
1
308
63
478
606
153
449
160
39
133
251
2
677
340
710
715
711
713
314
137
1
308
63
478
606
153
449
160
39
133
251
2
677
340
710
715
711
713
314
137
1
308
63
478
606
153
449
160
39
133
251
2
677
340
710
715
711
713
314
137
1
308
63
478
606
153
449
160
39
133
251
2
677
340
710
715
711
713
314
137
1
308
63
478
606
153
449
160
39
133
251
2
677
340
710
715
711
713
314
137
1
308
63
478
606
153
449
160
39
133
251
2
677
340
710
715
711
713
314
137
1
308
63
478
606
153
449
160
39
133
251
2
677
340
710
715
711
713
