1229
65
209
1703
412
619
1040
1398
818
417
413
1137
1237
338
1169
2519
781
1643
312
2012
1229
65
209
1703
412
619
1040
1398
818
417
413
1137
1237
338
1169
2519
781
1643
312
2012
1229
65
209
1703
412
619
1040
1398
818
417
413
1137
1237
338
1169
2519
781
1643
312
2012
1229
65
209
1703
412
619
1040
1398
818
417
413
1137
1237
338
1169
2519
781
1643
312
2012
1229
65
209
1703
412
619
1040
1398
818
417
413
1137
1237
338
1169
2519
781
1643
312
2012
1229
65
209
1703
412
619
1040
1398
818
417
413
1137
1237
338
1169
2519
781
1643
312
2012
1229
65
209
1703
412
619
1040
1398
818
417
413
1137
1237
338
1169
2519
781
1643
312
2012
1229
65
209
1703
412
619
1040
1398
818
417
413
1137
1237
338
1169
2519
781
1643
312
2012
1229
65
209
1703
412
619
1040
1398
818
417
413
1137
1237
338
1169
2519
781
1643
312
2012
1229
65
209
1703
412
619
1040
1398
818
417
413
1137
1237
338
1169
2519
781
1643
312
2012
1229
65
209
1703
412
619
1040
1398
818
417
413
1137
1237
338
1169
2519
781
1643
312
2012
1229
65
209
1703
412
619
1040
1398
818
417
413
1137
1237
338
1169
2519
781
1643
312
2012
1229
65
209
1703
412
619
1040
1398
818
417
413
1137
1237
338
1169
2519
781
1643
312
2012
1229
65
209
1703
412
619
1040
1398
818
417
413
1137
1237
338
1169
2519
781
1643
312
2012
1229
65
209
1703
412
619
1040
1398
818
417
413
1137
1237
338
1169
2519
781
1643
312
2012
1229
65
209
1703
412
619
1040
1398
818
417
413
1137
1237
338
1169
2519
781
1643
312
2012
1229
65
209
1703
412
619
1040
1398
818
417
413
1137
1237
338
1169
2519
781
1643
312
2012
1229
65
209
1703
412
619
1040
1398
818
417
413
1137
1237
338
1169
2519
781
1643
312
2012
1229
65
209
1703
412
619
1040
1398
818
417
413
1137
1237
338
1169
2519
781
1643
312
2012
1229
65
209
1703
412
619
1040
1398
818
417
413
1137
1237
338
1169
2519
781
1643
312
2012
1229
65
209
1703
412
619
1040
1398
818
417
413
1137
1237
338
1169
2519
781
1643
312
2012
1229
65
209
1703
412
619
1040
1398
818
417
413
1137
1237
338
1169
2519
781
1643
312
2012
1229
65
209
1703
412
619
1040
1398
818
417
413
1137
1237
338
1169
2519
781
1643
312
2012
1229
65
209
1703
412
619
1040
1398
818
417
413
1137
1237
338
1169
2519
781
1643
312
2012
1229
65
209
1703
412
619
1040
1398
818
417
413
1137
1237
338
1169
2519
781
1643
312
2012
1229
65
209
1703
412
619
1040
1398
818
417
413
1137
1237
338
1169
2519
781
1643
312
2012
1229
65
209
1703
412
619
1040
1398
818
417
413
1137
1237
338
1169
2519
781
1643
312
2012
1229
65
209
1703
412
619
1040
1398
818
417
413
1137
1237
338
1169
2519
781
1643
312
2012
1229
65
209
1703
412
619
1040
1398
818
417
413
1137
1237
338
1169
2519
781
1643
312
2012
1229
65
209
1703
412
619
1040
1398
818
417
413
1137
1237
338
1169
2519
781
1643
312
2012
1229
65
209
1703
412
619
1040
1398
818
417
413
1137
1237
338
1169
2519
781
1643
312
2012
1229
65
209
1703
412
619
1040
1398
818
417
413
1137
1237
338
1169
2519
781
1643
312
2012
1229
65
209
1703
412
619
1040
1398
818
417
413
1137
1237
338
1169
2519
781
1643
312
2012
1229
65
209
1703
412
619
1040
1398
818
417
413
1137
1237
338
1169
2519
781
1643
312
2012
1229
65
209
1703
412
619
1040
1398
818
417
413
1137
1237
338
1169
2519
781
1643
312
2012
1229
65
209
1703
412
619
1040
1398
818
417
413
1137
1237
338
1169
2519
781
1643
312
2012
1229
65
209
1703
412
619
1040
1398
818
417
413
1137
1237
338
1169
2519
781
1643
312
2012
1229
65
209
1703
412
619
1040
1398
818
417
413
1137
1237
338
1169
2519
781
1643
312
2012
1229
65
209
1703
412
619
1040
1398
818
417
413
1137
1237
338
1169
2519
781
1643
312
2012
1229
65
209
1703
412
619
1040
1398
818
417
413
1137
1237
338
1169
2519
781
1643
312
2012
1229
65
209
1703
412
619
1040
1398
818
417
413
1137
1237
338
1169
2519
781
1643
312
2012
1229
65
209
1703
412
619
1040
1398
818
417
413
1137
1237
338
1169
2519
781
1643
312
2012
1229
65
209
1703
412
619
1040
1398
818
417
413
1137
1237
338
1169
2519
781
1643
312
2012
1229
65
209
1703
412
619
1040
1398
818
417
413
1137
1237
338
1169
2519
781
1643
312
2012
1229
65
209
1703
412
619
1040
1398
818
417
413
1137
1237
338
1169
2519
781
1643
312
2012
1229
65
209
1703
412
619
1040
1398
818
417
413
1137
1237
338
1169
2519
781
1643
312
2012
1229
65
209
1703
412
619
1040
1398
818
417
413
1137
1237
338
1169
2519
781
1643
312
2012
1229
65
209
1703
412
619
1040
1398
818
417
413
1137
1237
338
1169
2519
781
1643
312
2012
1229
65
209
1703
412
619
1040
1398
818
417
413
1137
1237
338
1169
2519
781
1643
312
2012
1229
65
209
1703
412
619
1040
1398
818
417
413
1137
1237
338
1169
2519
781
1643
312
2012
