141
121
104
664
398
240
20
280
130
425
138
679
668
591
599
671
723
381
676
678
429
1045
243
48
833
765
474
177
280
143
33
40
1217
664
482
608
1359
760
464
683
141
121
104
664
398
240
20
280
130
425
138
679
668
591
599
671
723
381
676
678
46
429
828
660
238
170
179
765
407
280
888
127
665
664
1043
1030
968
872
464
768
141
121
104
664
398
240
20
280
130
425
138
679
668
591
599
671
723
381
676
678
46
408
585
1045
48
833
62
1417
687
1124
888
586
47
167
396
664
608
136
464
768
141
121
104
664
398
240
20
280
130
425
138
679
668
591
599
671
723
381
676
678
46
822
429
585
1045
1239
48
425
833
407
1106
888
1215
167
40
664
608
1359
398
464
141
121
104
664
398
240
20
280
130
425
138
679
668
591
599
671
723
381
676
678
46
429
408
596
1045
1239
48
419
833
407
280
888
40
617
1098
664
608
136
677
464
141
121
104
664
398
240
20
280
130
425
138
679
668
591
599
671
723
381
676
678
46
429
653
1045
635
150
238
170
888
167
601
127
33
614
664
187
1359
823
760
313
141
121
104
664
398
240
20
280
130
425
138
679
668
591
599
671
723
381
676
678
46
429
1045
243
48
830
833
885
971
888
167
40
664
608
286
677
398
760
464
768
141
121
104
664
398
240
20
280
130
425
138
679
668
591
599
671
723
381
676
678
429
408
585
660
1239
48
833
885
1106
1124
888
174
167
33
40
664
608
1043
136
612
141
121
104
664
398
240
20
280
130
425
138
679
668
591
599
671
723
381
676
678
46
429
408
585
1045
243
833
170
466
280
167
601
127
33
40
1217
664
608
760
418
141
121
104
664
398
240
20
280
130
425
138
679
668
591
599
671
723
381
676
678
46
429
408
585
300
1045
1239
48
723
833
466
407
888
167
40
287
664
136
242
464
141
121
104
664
398
240
20
280
130
425
138
679
668
591
599
671
723
381
676
678
420
429
1045
1097
48
833
293
188
971
177
280
888
221
593
33
40
664
136
760
464
141
121
104
664
398
240
20
280
130
425
138
679
668
591
599
671
723
381
676
678
46
429
828
408
839
1045
1239
18
723
238
170
407
1106
280
139
664
1359
464
768
211
141
121
104
664
398
240
20
280
130
425
138
679
668
591
599
671
723
381
676
678
46
420
429
828
585
1045
48
833
170
888
47
167
127
40
664
608
1359
242
1066
464
141
121
104
664
398
240
20
280
130
425
138
679
668
591
599
671
723
381
676
678
986
429
828
660
1045
48
723
238
885
1106
888
593
601
127
664
1359
242
760
464
493
141
121
104
664
398
240
20
280
130
425
138
679
668
591
599
671
723
381
676
678
46
429
408
1045
243
48
723
833
1135
971
407
1106
888
593
33
40
664
608
136
464
141
121
104
664
398
240
20
280
130
425
138
679
668
591
599
671
723
381
676
678
986
46
429
1045
48
833
177
593
47
167
127
40
664
231
240
608
175
872
612
486
141
121
104
664
398
240
20
280
130
425
138
679
668
591
599
671
723
381
676
678
986
429
585
839
1045
1239
48
833
170
971
407
2
888
127
40
664
608
136
760
464
141
121
104
664
398
240
20
280
130
425
138
679
668
591
599
671
723
381
676
678
429
1045
243
48
833
170
971
1106
177
888
394
33
40
664
240
608
398
464
186
768
141
121
104
664
398
240
20
280
130
425
138
679
668
591
599
671
723
381
676
678
46
420
429
585
839
1045
723
833
2
888
174
396
934
666
40
664
240
136
760
464
141
121
104
664
398
240
20
280
130
425
138
679
668
591
599
671
723
381
676
678
46
429
828
660
1045
243
833
170
179
188
678
167
127
40
664
136
1359
967
464
768
141
121
104
664
398
240
20
280
130
425
138
679
668
591
599
671
723
381
676
678
279
429
408
596
1045
1239
48
833
170
188
971
289
666
40
664
608
136
286
760
464
141
121
104
664
398
240
20
280
130
425
138
679
668
591
599
671
723
381
676
678
429
585
684
1045
48
830
833
170
280
888
524
167
40
664
608
136
175
760
464
418
141
121
104
664
398
240
20
280
130
425
138
679
668
591
599
671
723
381
676
678
429
828
1045
48
723
833
179
407
177
888
167
387
601
127
40
664
136
872
768
612
141
121
104
664
398
240
20
280
130
425
138
679
668
591
599
671
723
381
676
678
46
429
408
1045
243
48
162
1106
888
221
130
617
664
240
608
136
677
760
464
140
141
121
104
664
398
240
20
280
130
425
138
679
668
591
599
671
723
381
676
678
429
1045
243
48
833
170
971
466
407
888
127
666
40
665
664
608
136
175
464
768
