575
626
701
556
627
610
657
688
709
840
585
788
667
779
713
705
154
125
359
18
197
234
137
1672
233
575
626
701
556
627
610
657
688
709
840
585
788
667
779
713
705
154
125
359
18
197
234
137
1672
233
575
626
701
556
627
610
657
688
709
840
585
788
667
779
713
705
154
125
359
18
197
234
137
1672
233
575
626
701
556
627
610
657
688
709
840
585
788
667
779
713
705
154
125
359
18
197
234
137
1672
233
575
626
701
556
627
610
657
688
709
840
585
788
667
779
713
705
154
125
359
18
197
234
137
1672
233
575
626
701
556
627
610
657
688
709
840
585
788
667
779
713
705
154
125
359
18
197
234
137
1672
233
575
626
701
556
627
610
657
688
709
840
585
788
667
779
713
705
154
125
359
18
197
234
137
1672
233
575
626
701
556
627
610
657
688
709
840
585
788
667
779
713
705
154
125
359
18
197
234
137
1672
233
575
626
701
556
627
610
657
688
709
840
585
788
667
779
713
705
154
125
359
18
197
234
137
1672
233
575
626
701
556
627
610
657
688
709
840
585
788
667
779
713
705
154
125
359
18
197
234
137
1672
233
575
626
701
556
627
610
657
688
709
840
585
788
667
779
713
705
154
125
359
18
197
234
137
1672
233
575
626
701
556
627
610
657
688
709
840
585
788
667
779
713
705
154
125
359
18
197
234
137
1672
233
575
626
701
556
627
610
657
688
709
840
585
788
667
779
713
705
154
125
359
18
197
234
137
1672
233
575
626
701
556
627
610
657
688
709
840
585
788
667
779
713
705
154
125
359
18
197
234
137
1672
233
575
626
701
556
627
610
657
688
709
840
585
788
667
779
713
705
154
125
359
18
197
234
137
1672
233
575
626
701
556
627
610
657
688
709
840
585
788
667
779
713
705
154
125
359
18
197
234
137
1672
233
575
626
701
556
627
610
657
688
709
840
585
788
667
779
713
705
154
125
359
18
197
234
137
1672
233
575
626
701
556
627
610
657
688
709
840
585
788
667
779
713
705
154
125
359
18
197
234
137
1672
233
575
626
701
556
627
610
657
688
709
840
585
788
667
779
713
705
154
125
359
18
197
234
137
1672
233
575
626
701
556
627
610
657
688
709
840
585
788
667
779
713
705
154
125
359
18
197
234
137
1672
233
575
626
701
556
627
610
657
688
709
840
585
788
667
779
713
705
154
125
359
18
197
234
137
1672
233
575
626
701
556
627
610
657
688
709
840
585
788
667
779
713
705
154
125
359
18
197
234
137
1672
233
575
626
701
556
627
610
657
688
709
840
585
788
667
779
713
705
154
125
359
18
197
234
137
1672
233
575
626
701
556
627
610
657
688
709
840
585
788
667
779
713
705
154
125
359
18
197
234
137
1672
233
575
626
701
556
627
610
657
688
709
840
585
788
667
779
713
705
154
125
359
18
197
234
137
1672
233
575
626
701
556
627
610
657
688
709
840
585
788
667
779
713
705
154
125
359
18
197
234
137
1672
233
575
626
701
556
627
610
657
688
709
840
585
788
667
779
713
705
154
125
359
18
197
234
137
1672
233
575
626
701
556
627
610
657
688
709
840
585
788
667
779
713
705
154
125
359
18
197
234
137
1672
233
575
626
701
556
627
610
657
688
709
840
585
788
667
779
713
705
154
125
359
18
197
234
137
1672
233
575
626
701
556
627
610
657
688
709
840
585
788
667
779
713
705
154
125
359
18
197
234
137
1672
233
575
626
701
556
627
610
657
688
709
840
585
788
667
779
713
705
154
125
359
18
197
234
137
1672
233
575
626
701
556
627
610
657
688
709
840
585
788
667
779
713
705
154
125
359
18
197
234
137
1672
233
575
626
701
556
627
610
657
688
709
840
585
788
667
779
713
705
154
125
359
18
197
234
137
1672
233
575
626
701
556
627
610
657
688
709
840
585
788
667
779
713
705
154
125
359
18
197
234
137
1672
233
575
626
701
556
627
610
657
688
709
840
585
788
667
779
713
705
154
125
359
18
197
234
137
1672
233
575
626
701
556
627
610
657
688
709
840
585
788
667
779
713
705
154
125
359
18
197
234
137
1672
233
575
626
701
556
627
610
657
688
709
840
585
788
667
779
713
705
154
125
359
18
197
234
137
1672
233
575
626
701
556
627
610
657
688
709
840
585
788
667
779
713
705
154
125
359
18
197
234
137
1672
233
575
626
701
556
627
610
657
688
709
840
585
788
667
779
713
705
154
125
359
18
197
234
137
1672
233
575
626
701
556
627
610
657
688
709
840
585
788
667
779
713
705
154
125
359
18
197
234
137
1672
233
575
626
701
556
627
610
657
688
709
840
585
788
667
779
713
705
154
125
359
18
197
234
137
1672
233
575
626
701
556
627
610
657
688
709
840
585
788
667
779
713
705
154
125
359
18
197
234
137
1672
233
575
626
701
556
627
610
657
688
709
840
585
788
667
779
713
705
154
125
359
18
197
234
137
1672
233
575
626
701
556
627
610
657
688
709
840
585
788
667
779
713
705
154
125
359
18
197
234
137
1672
233
575
626
701
556
627
610
657
688
709
840
585
788
667
779
713
705
154
125
359
18
197
234
137
1672
233
575
626
701
556
627
610
657
688
709
840
585
788
667
779
713
705
154
125
359
18
197
234
137
1672
233
575
626
701
556
627
610
657
688
709
840
585
788
667
779
713
705
154
125
359
18
197
234
137
1672
233
575
626
701
556
627
610
657
688
709
840
585
788
667
779
713
705
154
125
359
18
197
234
137
1672
233
575
626
701
556
627
610
657
688
709
840
585
788
667
779
713
705
154
125
359
18
197
234
137
1672
233
575
626
701
556
627
610
657
688
709
840
585
788
667
779
713
705
154
125
359
18
197
234
137
1672
233
