2314
1171
887
2328
890
1146
2172
735
552
1274
893
1183
184
2961
1900
2050
648
1259
4229
1581
318
2375
722
2806
2364
2085
755
647
964
264
228
782
282
1345
2298
1021
1357
1470
788
1696
1186
1524
2717
503
391
1263
1613
122
1033
1718
463
2145
1544
662
792
11
83
738
361
2546
1078
326
1845
2697
2921
2265
788
3521
3042
17
466
670
1615
871
1287
1743
117
650
624
602
2842
1695
1154
480
1775
1882
643
545
1234
1107
2238
1340
2038
341
1121
706
975
1534
168
1343
382
318
2109
456
2953
517
828
949
560
1109
452
328
57
533
1229
2761
2443
1439
464
1306
4006
2675
1631
3369
635
2306
1471
1684
629
2560
2776
1373
3564
411
494
1912
1430
705
1712
3039
2318
959
590
141
2129
485
621
2104
806
803
1975
965
1446
184
1090
545
1534
451
1541
5
333
319
978
1495
2190
1287
3776
771
951
428
378
160
2200
1655
465
317
1885
594
633
4031
1364
3126
2292
1556
1538
1049
2786
808
2979
1540
1181
2051
2253
157
807
876
137
977
546
398
1180
554
633
1160
2909
2847
743
2270
1904
1678
991
2843
358
2711
1492
263
321
673
905
2624
1892
604
1613
1409
592
331
565
618
1098
1085
1452
628
462
322
1635
359
451
726
638
3426
66
802
1275
447
4203
51
2217
2195
1025
963
1160
3160
3035
1775
156
629
73
933
1806
958
59
40
495
1843
2488
4252
1171
1723
3068
2469
827
1873
767
1932
388
444
1912
2525
5
1163
536
1015
1417
705
1712
2489
232
1837
885
3210
545
3225
864
227
731
1669
1152
497
886
1602
393
1126
991
1583
150
137
372
1750
401
1610
950
1883
2327
923
366
2708
560
400
810
685
82
1271
445
3081
2006
591
1019
1982
2425
642
3529
184
1709
1806
411
445
717
526
906
640
451
455
1218
1840
1395
479
1259
2545
260
1003
1225
410
1187
1777
144
806
3725
496
903
2718
1739
3065
558
2627
928
2377
362
739
1598
670
4174
388
1373
1171
1862
772
1516
4350
1721
455
1279
70
1024
1518
1400
1601
851
4251
695
750
681
4797
889
1085
1802
396
2658
463
830
729
823
393
479
2419
491
2198
1545
2238
820
7
884
1903
2168
1511
476
389
3025
2031
184
120
251
12
2359
627
3299
1345
2422
420
724
1212
3904
77
708
2398
988
726
466
1516
2335
1316
514
2180
3527
996
1344
4245
520
596
821
2601
374
2170
1139
259
864
2187
2870
2835
157
3251
649
2860
447
2881
631
1447
732
1079
743
2040
1742
301
3248
1438
1964
2081
1563
4565
369
1076
464
2775
1026
1007
1448
799
383
1206
1841
614
3262
1123
2390
1451
2342
1388
804
1242
69
85
1409
2466
1009
328
237
774
263
387
656
255
512
545
6
3235
116
182
1194
717
2
3051
976
301
1035
910
354
3068
280
1326
799
1662
826
2022
732
586
1976
375
388
451
601
785
659
2275
2144
466
428
2185
1287
950
2583
372
1015
1501
1083
1158
2424
2200
356
175
498
9
447
369
905
364
1094
2707
1575
271
2093
1805
705
137
30
1128
1499
604
633
608
695
1506
745
1960
1126
479
1386
781
554
1959
601
2429
861
795
1511
2600
2987
1870
120
2658
145
624
1537
2263
2253
1431
2337
355
4120
3155
1601
359
549
589
2289
3350
1668
1629
767
749
2614
1560
2359
1697
695
228
975
2419
452
605
1630
787
410
6
335
2179
4271
257
280
90
669
254
1611
3469
2200
1849
14
555
2424
579
27
2802
3511
378
983
2919
1712
2096
1846
1356
1857
553
1219
1296
2914
256
861
1541
591
2893
813
2681
401
1749
2831
1417
2703
1050
1317
3215
670
2554
3270
2081
510
2303
1281
39
1490
277
1182
1960
1407
389
834
976
443
923
119
1338
632
1272
1503
810
2025
21
1578
2253
2077
752
17
2290
428
1274
627
260
1959
923
901
503
2346
629
3578
1430
3088
443
787
3049
1284
1171
4544
794
36
4426
616
2292
550
83
1563
3398
549
1
557
1853
1168
1361
891
1488
2205
2773
1723
7
729
700
622
666
396
566
4748
2609
1607
1000
1541
375
995
3184
2423
184
1625
1970
444
1658
1835
556
663
1686
2129
1999
1036
769
1367
607
226
1088
3137
1577
1075
705
515
125
2241
1091
4000
1437
423
263
405
923
261
993
1900
467
2560
594
785
426
655
526
85
3771
389
2408
318
1195
120
2094
2853
2385
901
795
264
507
66
789
2077
826
137
1525
1268
1075
1318
1182
4538
789
1533
254
398
166
4624
2003
496
1547
1601
1160
2892
825
1103
1544
445
750
1194
600
397
787
2106
2796
353
1718
2443
837
797
1031
146
702
1536
300
546
184
2944
958
778
118
649
500
2654
602
1
2056
898
1774
2
2945
120
550
1469
1272
124
545
355
1798
1866
1289
826
618
647
496
164
3568
3777
705
1438
3039
3825
732
904
2246
17
3964
7
1442
2492
1074
1180
353
2306
254
957
640
1898
2816
1006
496
2324
451
2030
2200
1658
1011
1271
575
2625
1400
204
3272
1248
811
511
3609
1396
306
1877
2932
1552
229
1337
466
767
2321
489
3085
3453
19
362
876
451
2703
2478
2672
3119
958
449
1845
2337
3578
1811
2319
388
1363
793
549
2497
1364
481
2339
326
2175
1788
1630
1181
403
2050
501
557
1468
1721
724
868
781
1559
1539
1609
601
2188
627
571
685
3350
386
2279
53
2288
450
1585
968
916
2221
549
81
98
1444
772
61
1770
984
1029
1834
2904
1221
1277
490
328
1085
471
422
2212
4392
1442
1210
2625
1203
875
1030
1102
500
2981
354
656
210
3523
260
569
189
187
2072
256
2843
1884
966
291
2352
2644
596
3838
6
1454
2012
1006
546
479
826
2679
2836
1666
454
372
187
168
410
161
72
1643
617
813
695
766
2209
1898
3737
754
1278
167
891
3408
923
479
1417
2666
1865
36
2004
587
1038
2477
1738
188
2771
2
2829
2394
853
2242
562
2910
2106
1342
67
358
496
2306
3904
1098
488
483
1888
1222
378
799
2146
2109
1719
255
1183
460
1326
903
481
735
31
479
461
1475
1451
2151
640
121
1472
3646
608
2266
881
236
2412
1317
2555
715
1139
752
784
2226
624
4152
1247
306
2479
849
1683
1432
1631
961
1343
728
79
460
262
845
469
1275
4404
888
241
3791
496
3286
590
1978
628
1142
1023
3846
2697
738
931
2416
1318
4273
2104
370
974
256
284
1594
1313
709
874
1648
321
2198
2400
529
496
549
1510
3517
579
1837
2935
1340
984
730
354
490
453
736
902
1073
1061
479
1008
1187
1347
84
2747
1579
710
437
592
3527
1069
228
1249
271
605
2507
545
3609
3095
1707
576
1345
318
3102
172
2238
1784
87
659
3107
525
1814
587
365
507
