437
106
120
102
88
307
107
346
8
356
343
237
116
161
15
14
244
55
333
1635
339
194
111
460
1620
72
462
245
174
1250
437
106
120
102
88
307
107
346
8
356
343
237
116
161
15
14
244
55
333
1635
339
194
111
460
1620
72
462
245
174
1250
437
106
120
102
88
307
107
346
8
356
343
237
116
161
15
14
244
55
333
1635
339
194
111
460
1620
72
462
245
174
1250
437
106
120
102
88
307
107
346
8
356
343
237
116
161
15
14
244
55
333
1635
339
194
111
460
1620
72
462
245
174
1250
437
106
120
102
88
307
107
346
8
356
343
237
116
161
15
14
244
55
333
1635
339
194
111
460
1620
72
462
245
174
1250
437
106
120
102
88
307
107
346
8
356
343
237
116
161
15
14
244
55
333
1635
339
194
111
460
1620
72
462
245
174
1250
437
106
120
102
88
307
107
346
8
356
343
237
116
161
15
14
244
55
333
1635
339
194
111
460
1620
72
462
245
174
1250
437
106
120
102
88
307
107
346
8
356
343
237
116
161
15
14
244
55
333
1635
339
194
111
460
1620
72
462
245
174
1250
437
106
120
102
88
307
107
346
8
356
343
237
116
161
15
14
244
55
333
1635
339
194
111
460
1620
72
462
245
174
1250
437
106
120
102
88
307
107
346
8
356
343
237
116
161
15
14
244
55
333
1635
339
194
111
460
1620
72
462
245
174
1250
437
106
120
102
88
307
107
346
8
356
343
237
116
161
15
14
244
55
333
1635
339
194
111
460
1620
72
462
245
174
1250
437
106
120
102
88
307
107
346
8
356
343
237
116
161
15
14
244
55
333
1635
339
194
111
460
1620
72
462
245
174
1250
437
106
120
102
88
307
107
346
8
356
343
237
116
161
15
14
244
55
333
1635
339
194
111
460
1620
72
462
245
174
1250
437
106
120
102
88
307
107
346
8
356
343
237
116
161
15
14
244
55
333
1635
339
194
111
460
1620
72
462
245
174
1250
437
106
120
102
88
307
107
346
8
356
343
237
116
161
15
14
244
55
333
1635
339
194
111
460
1620
72
462
245
174
1250
437
106
120
102
88
307
107
346
8
356
343
237
116
161
15
14
244
55
333
1635
339
194
111
460
1620
72
462
245
174
1250
437
106
120
102
88
307
107
346
8
356
343
237
116
161
15
14
244
55
333
1635
339
194
111
460
1620
72
462
245
174
1250
437
106
120
102
88
307
107
346
8
356
343
237
116
161
15
14
244
55
333
1635
339
194
111
460
1620
72
462
245
174
1250
437
106
120
102
88
307
107
346
8
356
343
237
116
161
15
14
244
55
333
1635
339
194
111
460
1620
72
462
245
174
1250
437
106
120
102
88
307
107
346
8
356
343
237
116
161
15
14
244
55
333
1635
339
194
111
460
1620
72
462
245
174
1250
437
106
120
102
88
307
107
346
8
356
343
237
116
161
15
14
244
55
333
1635
339
194
111
460
1620
72
462
245
174
1250
437
106
120
102
88
307
107
346
8
356
343
237
116
161
15
14
244
55
333
1635
339
194
111
460
1620
72
462
245
174
1250
437
106
120
102
88
307
107
346
8
356
343
237
116
161
15
14
244
55
333
1635
339
194
111
460
1620
72
462
245
174
1250
437
106
120
102
88
307
107
346
8
356
343
237
116
161
15
14
244
55
333
1635
339
194
111
460
1620
72
462
245
174
1250
437
106
120
102
88
307
107
346
8
356
343
237
116
161
15
14
244
55
333
1635
339
194
111
460
1620
72
462
245
174
1250
437
106
120
102
88
307
107
346
8
356
343
237
116
161
15
14
244
55
333
1635
339
194
111
460
1620
72
462
245
174
1250
437
106
120
102
88
307
107
346
8
356
343
237
116
161
15
14
244
55
333
1635
339
194
111
460
1620
72
462
245
174
1250
437
106
120
102
88
307
107
346
8
356
343
237
116
161
15
14
244
55
333
1635
339
194
111
460
1620
72
462
245
174
1250
437
106
120
102
88
307
107
346
8
356
343
237
116
161
15
14
244
55
333
1635
339
194
111
460
1620
72
462
245
174
1250
437
106
120
102
88
307
107
346
8
356
343
237
116
161
15
14
244
55
333
1635
339
194
111
460
1620
72
462
245
174
1250
437
106
120
102
88
307
107
346
8
356
343
237
116
161
15
14
244
55
333
1635
339
194
111
460
1620
72
462
245
174
1250
437
106
120
102
88
307
107
346
8
356
343
237
116
161
15
14
244
55
333
1635
339
194
111
460
1620
72
462
245
174
1250
437
106
120
102
88
307
107
346
8
356
343
237
116
161
15
14
244
55
333
1635
339
194
111
460
1620
72
462
245
174
1250
437
106
120
102
88
307
107
346
8
356
343
237
116
161
15
14
244
55
333
1635
339
194
111
460
1620
72
462
245
174
1250
437
106
120
102
88
307
107
346
8
356
343
237
116
161
15
14
244
55
333
1635
339
194
111
460
1620
72
462
245
174
1250
437
106
120
102
88
307
107
346
8
356
343
237
116
161
15
14
244
55
333
1635
339
194
111
460
1620
72
462
245
174
1250
437
106
120
102
88
307
107
346
8
356
343
237
116
161
15
14
244
55
333
1635
339
194
111
460
1620
72
462
245
174
1250
437
106
120
102
88
307
107
346
8
356
343
237
116
161
15
14
244
55
333
1635
339
194
111
460
1620
72
462
245
174
1250
437
106
120
102
88
307
107
346
8
356
343
237
116
161
15
14
244
55
333
1635
339
194
111
460
1620
72
462
245
174
1250
437
106
120
102
88
307
107
346
8
356
343
237
116
161
15
14
244
55
333
1635
339
194
111
460
1620
72
462
245
174
1250
437
106
120
102
88
307
107
346
8
356
343
237
116
161
15
14
244
55
333
1635
339
194
111
460
1620
72
462
245
174
1250
437
106
120
102
88
307
107
346
8
356
343
237
116
161
15
14
244
55
333
1635
339
194
111
460
1620
72
462
245
174
1250
437
106
120
102
88
307
107
346
8
356
343
237
116
161
15
14
244
55
333
1635
339
194
111
460
1620
72
462
245
174
1250
437
106
120
102
88
307
107
346
8
356
343
237
116
161
15
14
244
55
333
1635
339
194
111
460
1620
72
462
245
174
1250
437
106
120
102
88
307
107
346
8
356
343
237
116
161
15
14
244
55
333
1635
339
194
111
460
1620
72
462
245
174
1250
437
106
120
102
88
307
107
346
8
356
343
237
116
161
15
14
244
55
333
1635
339
194
111
460
1620
72
462
245
174
1250
437
106
120
102
88
307
107
346
8
356
343
237
116
161
15
14
244
55
333
1635
339
194
111
460
1620
72
462
245
174
1250
437
106
120
102
88
307
107
346
8
356
343
237
116
161
15
14
244
55
333
1635
339
194
111
460
1620
72
462
245
174
1250
437
106
120
102
88
307
107
346
8
356
343
237
116
161
15
14
244
55
333
1635
339
194
111
460
1620
72
462
245
174
1250
437
106
120
102
88
307
107
346
8
356
343
237
116
161
15
14
244
55
333
1635
339
194
111
460
1620
72
462
245
174
1250
