126
228
717
130
129
226
1523
70
133
784
610
789
414
2534
229
1987
66
849
1515
418
457
1579
731
2252
17
2826
2771
2328
1082
1377
2835
68
458
2341
1899
126
228
717
130
129
226
1523
70
133
784
610
789
414
2534
229
1987
66
849
1515
418
457
1579
731
2252
17
2826
2771
2328
1082
1377
2835
68
458
2341
1899
126
228
717
130
129
226
1523
70
133
784
610
789
414
2534
229
1987
66
849
1515
418
457
1579
731
2252
17
2826
2771
2328
1082
1377
2835
68
458
2341
1899
126
228
717
130
129
226
1523
70
133
784
610
789
414
2534
229
1987
66
849
1515
418
457
1579
731
2252
17
2826
2771
2328
1082
1377
2835
68
458
2341
1899
126
228
717
130
129
226
1523
70
133
784
610
789
414
2534
229
1987
66
849
1515
418
457
1579
731
2252
17
2826
2771
2328
1082
1377
2835
68
458
2341
1899
126
228
717
130
129
226
1523
70
133
784
610
789
414
2534
229
1987
66
849
1515
418
457
1579
731
2252
17
2826
2771
2328
1082
1377
2835
68
458
2341
1899
126
228
717
130
129
226
1523
70
133
784
610
789
414
2534
229
1987
66
849
1515
418
457
1579
731
2252
17
2826
2771
2328
1082
1377
2835
68
458
2341
1899
126
228
717
130
129
226
1523
70
133
784
610
789
414
2534
229
1987
66
849
1515
418
457
1579
731
2252
17
2826
2771
2328
1082
1377
2835
68
458
2341
1899
126
228
717
130
129
226
1523
70
133
784
610
789
414
2534
229
1987
66
849
1515
418
457
1579
731
2252
17
2826
2771
2328
1082
1377
2835
68
458
2341
1899
126
228
717
130
129
226
1523
70
133
784
610
789
414
2534
229
1987
66
849
1515
418
457
1579
731
2252
17
2826
2771
2328
1082
1377
2835
68
458
2341
1899
126
228
717
130
129
226
1523
70
133
784
610
789
414
2534
229
1987
66
849
1515
418
457
1579
731
2252
17
2826
2771
2328
1082
1377
2835
68
458
2341
1899
126
228
717
130
129
226
1523
70
133
784
610
789
414
2534
229
1987
66
849
1515
418
457
1579
731
2252
17
2826
2771
2328
1082
1377
2835
68
458
2341
1899
126
228
717
130
129
226
1523
70
133
784
610
789
414
2534
229
1987
66
849
1515
418
457
1579
731
2252
17
2826
2771
2328
1082
1377
2835
68
458
2341
1899
126
228
717
130
129
226
1523
70
133
784
610
789
414
2534
229
1987
66
849
1515
418
457
1579
731
2252
17
2826
2771
2328
1082
1377
2835
68
458
2341
1899
126
228
717
130
129
226
1523
70
133
784
610
789
414
2534
229
1987
66
849
1515
418
457
1579
731
2252
17
2826
2771
2328
1082
1377
2835
68
458
2341
1899
126
228
717
130
129
226
1523
70
133
784
610
789
414
2534
229
1987
66
849
1515
418
457
1579
731
2252
17
2826
2771
2328
1082
1377
2835
68
458
2341
1899
126
228
717
130
129
226
1523
70
133
784
610
789
414
2534
229
1987
66
849
1515
418
457
1579
731
2252
17
2826
2771
2328
1082
1377
2835
68
458
2341
1899
126
228
717
130
129
226
1523
70
133
784
610
789
414
2534
229
1987
66
849
1515
418
457
1579
731
2252
17
2826
2771
2328
1082
1377
2835
68
458
2341
1899
126
228
717
130
129
226
1523
70
133
784
610
789
414
2534
229
1987
66
849
1515
418
457
1579
731
2252
17
2826
2771
2328
1082
1377
2835
68
458
2341
1899
126
228
717
130
129
226
1523
70
133
784
610
789
414
2534
229
1987
66
849
1515
418
457
1579
731
2252
17
2826
2771
2328
1082
1377
2835
68
458
2341
1899
126
228
717
130
129
226
1523
70
133
784
610
789
414
2534
229
1987
66
849
1515
418
457
1579
731
2252
17
2826
2771
2328
1082
1377
2835
68
458
2341
1899
126
228
717
130
129
226
1523
70
133
784
610
789
414
2534
229
1987
66
849
1515
418
457
1579
731
2252
17
2826
2771
2328
1082
1377
2835
68
458
2341
1899
126
228
717
130
129
226
1523
70
133
784
610
789
414
2534
229
1987
66
849
1515
418
457
1579
731
2252
17
2826
2771
2328
1082
1377
2835
68
458
2341
1899
126
228
717
130
129
226
1523
70
133
784
610
789
414
2534
229
1987
66
849
1515
418
457
1579
731
2252
17
2826
2771
2328
1082
1377
2835
68
458
2341
1899
126
228
717
130
129
226
1523
70
133
784
610
789
414
2534
229
1987
66
849
1515
418
457
1579
731
2252
17
2826
2771
2328
1082
1377
2835
68
458
2341
1899
126
228
717
130
129
226
1523
70
133
784
610
789
414
2534
229
1987
66
849
1515
418
457
1579
731
2252
17
2826
2771
2328
1082
1377
2835
68
458
2341
1899
126
228
717
130
129
226
1523
70
133
784
610
789
414
2534
229
1987
66
849
1515
418
457
1579
731
2252
17
2826
2771
2328
1082
1377
2835
68
458
2341
1899
126
228
717
130
129
226
1523
70
133
784
610
789
414
2534
229
1987
66
849
1515
418
457
1579
731
2252
17
2826
2771
2328
1082
1377
2835
68
458
2341
1899
126
228
717
130
129
226
1523
70
133
784
610
789
414
2534
229
1987
66
849
1515
418
457
1579
731
2252
17
2826
2771
2328
1082
1377
2835
68
458
2341
1899
126
228
717
130
129
226
1523
70
133
784
610
789
414
2534
229
1987
66
849
1515
418
457
1579
731
2252
17
2826
2771
2328
1082
1377
2835
68
458
2341
1899
126
228
717
130
129
226
1523
70
133
784
610
789
414
2534
229
1987
66
849
1515
418
457
1579
731
2252
17
2826
2771
2328
1082
1377
2835
68
458
2341
1899
126
228
717
130
129
226
1523
70
133
784
610
789
414
2534
229
1987
66
849
1515
418
457
1579
731
2252
17
2826
2771
2328
1082
1377
2835
68
458
2341
1899
126
228
717
130
129
226
1523
70
133
784
610
789
414
2534
229
1987
66
849
1515
418
457
1579
731
2252
17
2826
2771
2328
1082
1377
2835
68
458
2341
1899
126
228
717
130
129
226
1523
70
133
784
610
789
414
2534
229
1987
66
849
1515
418
457
1579
731
2252
17
2826
2771
2328
1082
1377
2835
68
458
2341
1899
126
228
717
130
129
226
1523
70
133
784
610
789
414
2534
229
1987
66
849
1515
418
457
1579
731
2252
17
2826
2771
2328
1082
1377
2835
68
458
2341
1899
126
228
717
130
129
226
1523
70
133
784
610
789
414
2534
229
1987
66
849
1515
418
457
1579
731
2252
17
2826
2771
2328
1082
1377
2835
68
458
2341
1899
126
228
717
130
129
226
1523
70
133
784
610
789
414
2534
229
1987
66
849
1515
418
457
1579
731
2252
17
2826
2771
2328
1082
1377
2835
68
458
2341
1899
126
228
717
130
129
226
1523
70
133
784
610
789
414
2534
229
1987
66
849
1515
418
457
1579
731
2252
17
2826
2771
2328
1082
1377
2835
68
458
2341
1899
126
228
717
130
129
226
1523
70
133
784
610
789
414
2534
229
1987
66
849
1515
418
457
1579
731
2252
17
2826
2771
2328
1082
1377
2835
68
458
2341
1899
126
228
717
130
129
226
1523
70
133
784
610
789
414
2534
229
1987
66
849
1515
418
457
1579
731
2252
17
2826
2771
2328
1082
1377
2835
68
458
2341
1899
126
228
717
130
129
226
1523
70
133
784
610
789
414
2534
229
1987
66
849
1515
418
457
1579
731
2252
17
2826
2771
2328
1082
1377
2835
68
458
2341
1899
126
228
717
130
129
226
1523
70
133
784
610
789
414
2534
229
1987
66
849
1515
418
457
1579
731
2252
17
2826
2771
2328
1082
1377
2835
68
458
2341
1899
126
228
717
130
129
226
1523
70
133
784
610
789
414
2534
229
1987
66
849
1515
418
457
1579
731
2252
17
2826
2771
2328
1082
1377
2835
68
458
2341
1899
126
228
717
130
129
226
1523
70
133
784
610
789
414
2534
229
1987
66
849
1515
418
457
1579
731
2252
17
2826
2771
2328
1082
1377
2835
68
458
2341
1899
126
228
717
130
129
226
1523
70
133
784
610
789
414
2534
229
1987
66
849
1515
418
457
1579
731
2252
17
2826
2771
2328
1082
1377
2835
68
458
2341
1899
126
228
717
130
129
226
1523
70
133
784
610
789
414
2534
229
1987
66
849
1515
418
457
1579
731
2252
17
2826
2771
2328
1082
1377
2835
68
458
2341
1899
126
228
717
130
129
226
1523
70
133
784
610
789
414
2534
229
1987
66
849
1515
418
457
1579
731
2252
17
2826
2771
2328
1082
1377
2835
68
458
2341
1899
126
228
717
130
129
226
1523
70
133
784
610
789
414
2534
229
1987
66
849
1515
418
457
1579
731
2252
17
2826
2771
2328
1082
1377
2835
68
458
2341
1899
126
228
717
130
129
226
1523
70
133
784
610
789
414
2534
229
1987
66
849
1515
418
457
1579
731
2252
17
2826
2771
2328
1082
1377
2835
68
458
2341
1899
126
228
717
130
129
226
1523
70
133
784
610
789
414
2534
229
1987
66
849
1515
418
457
1579
731
2252
17
2826
2771
2328
1082
1377
2835
68
458
2341
1899
