720
4111
3682
1037
1767
1400
8431
984
7585
4129
343
1386
889
4791
7358
2436
4092
2504
851
4070
9647
2508
5496
8174
1008
3446
699
51
1394
6925
3961
5200
1415
3408
788
285
185
169
690
844
105
697
1749
240
154
1365
348
1489
168
384
180
230
1209
2992
1811
1387
1353
375
2828
313
182
4783
1474
476
1374
311
1612
2635
704
3976
8589
1519
3535
1006
7796
8596
6587
5104
754
2824
110
992
3094
7031
381
6094
6470
4094
702
1307
3809
1505
433
1163
1068
1847
495
3050
912
2753
6423
169
4803
9334
607
285
185
169
690
844
105
697
1749
240
154
1365
348
1489
168
384
180
230
1209
2992
1811
1387
1353
375
2828
313
182
4783
1474
476
1374
311
1612
2635
704
3976
8630
58
328
173
8723
3007
3345
6049
3264
5631
4614
4134
5474
102
440
6791
760
3231
5108
1866
6006
191
847
4168
1716
2123
5083
654
5649
235
261
8239
1330
6616
1265
285
185
169
690
844
105
697
1749
240
154
1365
348
1489
168
384
180
230
1209
2992
1811
1387
1353
375
2828
313
182
4783
1474
476
1374
311
1612
2635
704
3976
2528
1211
719
333
709
9533
3993
1713
4618
4503
9411
5664
4278
4621
8931
4597
3825
4722
221
13
488
1206
690
1815
5910
7743
4523
6283
997
69
5843
4825
4323
1890
4158
285
185
169
690
844
105
697
1749
240
154
1365
348
1489
168
384
180
230
1209
2992
1811
1387
1353
375
2828
313
182
4783
1474
476
1374
311
1612
2635
704
3976
484
3923
392
1095
3680
1823
8831
3372
179
1688
1316
1384
1224
692
235
4230
1687
2149
3141
2527
3653
5547
6382
2252
866
336
4351
687
3774
4050
4975
793
1091
5244
4350
285
185
169
690
844
105
697
1749
240
154
1365
348
1489
168
384
180
230
1209
2992
1811
1387
1353
375
2828
313
182
4783
1474
476
1374
311
1612
2635
704
3976
431
1244
4113
7384
196
1809
4216
6964
1732
1992
4585
4989
785
4326
4407
1097
8807
696
4199
1556
320
5485
5288
3100
1536
8179
4920
4106
3353
286
8446
7217
3848
1438
9382
285
185
169
690
844
105
697
1749
240
154
1365
348
1489
168
384
180
230
1209
2992
1811
1387
1353
375
2828
313
182
4783
1474
476
1374
311
1612
2635
704
3976
1559
1852
3619
433
3707
290
4774
360
8123
1041
6490
3095
336
3370
252
228
1029
3851
7160
178
6774
8739
1973
4440
2567
2530
715
8784
192
5950
6431
3224
3892
3956
7058
285
185
169
690
844
105
697
1749
240
154
1365
348
1489
168
384
180
230
1209
2992
1811
1387
1353
375
2828
313
182
4783
1474
476
1374
311
1612
2635
704
3976
4518
3676
881
7181
1075
2765
3921
3947
7819
858
1058
29
442
339
2881
2120
420
478
2233
4344
4842
4313
2833
1101
116
2588
3066
2117
917
436
1292
4773
4837
6523
3173
285
185
169
690
844
105
697
1749
240
154
1365
348
1489
168
384
180
230
1209
2992
1811
1387
1353
375
2828
313
182
4783
1474
476
1374
311
1612
2635
704
3976
5915
7829
7041
6193
1005
6211
965
3254
5652
5506
7943
1775
6349
1058
3567
1087
4120
2156
3603
1414
2999
1638
3349
1074
1067
3092
1107
974
1054
5482
2131
6356
2686
5011
8534
285
185
169
690
844
105
697
1749
240
154
1365
348
1489
168
384
180
230
1209
2992
1811
1387
1353
375
2828
313
182
4783
1474
476
1374
311
1612
2635
704
3976
1685
4605
855
7789
2541
892
1807
4597
4833
5533
6479
1644
202
4098
6098
433
3815
409
2299
3830
210
3332
5399
1672
3604
5479
5126
6276
5594
4951
3522
3622
5747
1410
7847
285
185
169
690
844
105
697
1749
240
154
1365
348
1489
168
384
180
230
1209
2992
1811
1387
1353
375
2828
313
182
4783
1474
476
1374
311
1612
2635
704
3976
3942
9644
5697
8086
6308
2117
6695
526
2237
369
6159
5692
1531
8860
4825
1781
2694
8121
5262
929
1390
691
2311
6541
1831
1306
3000
3964
853
2152
5682
2186
555
6523
478
285
185
169
690
844
105
697
1749
240
154
1365
348
1489
168
384
180
230
1209
2992
1811
1387
1353
375
2828
313
182
4783
1474
476
1374
311
1612
2635
704
3976
8954
7956
1676
8083
1520
206
1470
462
4736
3860
7144
1075
2284
2197
6048
6125
483
2539
6603
420
7779
1035
596
317
951
1385
3833
4877
4613
3061
4687
6565
6283
1423
6
285
185
169
690
844
105
697
1749
240
154
1365
348
1489
168
384
180
230
1209
2992
1811
1387
1353
375
2828
313
182
4783
1474
476
1374
311
1612
2635
704
3976
3144
1278
1579
2225
1331
3086
2200
297
549
858
3911
1946
7695
8001
2931
4583
6134
1825
452
253
1339
1797
2725
760
3346
296
4798
616
31
1167
286
2592
89
3577
453
285
185
169
690
844
105
697
1749
240
154
1365
348
1489
168
384
180
230
1209
2992
1811
1387
1353
375
2828
313
182
4783
1474
476
1374
311
1612
2635
704
3976
1839
1355
5101
1122
5377
211
2862
191
3573
844
2158
7564
285
797
9349
7202
4741
594
257
1138
354
43
2262
714
323
1180
3000
1014
7848
5976
848
1255
1438
173
487
285
185
169
690
844
105
697
1749
240
154
1365
348
1489
168
384
180
230
1209
2992
1811
1387
1353
375
2828
313
182
4783
1474
476
1374
311
1612
2635
704
3976
511
87
1861
196
6733
7108
3562
7517
5624
8314
3923
701
1159
3855
1493
6868
1475
2611
1193
3168
1389
8784
6240
3634
4920
1991
620
2739
6348
1777
92
2259
6308
993
3932
285
185
169
690
844
105
697
1749
240
154
1365
348
1489
168
384
180
230
1209
2992
1811
1387
1353
375
2828
313
182
4783
1474
476
1374
311
1612
2635
704
3976
4250
1676
6596
6476
211
1717
3982
2158
3166
3818
4932
4643
4274
1214
2722
1496
4217
8345
1536
3589
1413
2394
9426
8315
9504
7082
482
477
3095
6251
6409
438
3744
2729
5950
285
185
169
690
844
105
697
1749
240
154
1365
348
1489
168
384
180
230
1209
2992
1811
1387
1353
375
2828
313
182
4783
1474
476
1374
311
1612
2635
704
3976
7711
265
1023
1906
1137
98
4459
242
937
1355
318
7313
1256
3823
4332
1129
8236
5386
5572
293
1062
589
420
4741
94
454
3309
1599
5588
6408
5012
4213
6127
2569
287
285
185
169
690
844
105
697
1749
240
154
1365
348
1489
168
384
180
230
1209
2992
1811
1387
1353
375
2828
313
182
4783
1474
476
1374
311
1612
2635
704
3976
4422
3162
1433
2940
6730
1937
532
847
1260
3556
6382
2162
6407
346
366
1532
247
1982
1521
1289
5475
1402
2681
2929
7493
205
215
347
4895
3346
2617
4141
7548
1985
384
285
185
169
690
844
105
697
1749
240
154
1365
348
1489
168
384
180
230
1209
2992
1811
1387
1353
375
2828
313
182
4783
1474
476
1374
311
1612
2635
704
3976
4163
3544
2469
246
3834
3582
1562
5854
3271
3785
1360
3608
216
8329
1051
6433
170
7021
8503
7873
2071
8513
6204
3675
230
348
993
1228
4908
9029
2250
3567
323
5426
0
285
185
169
690
844
105
697
1749
240
154
1365
348
1489
168
384
180
230
1209
2992
1811
1387
1353
375
2828
313
182
4783
1474
476
1374
311
1612
2635
704
3976
324
2520
4581
434
127
2107
1401
1370
6127
6669
7467
5196
7140
3220
3811
2375
6246
3564
3508
6607
82
92
385
7373
483
1859
47
2781
5913
2718
6283
170
6467
9723
5549
285
185
169
690
844
105
697
1749
240
154
1365
348
1489
168
384
180
230
1209
2992
1811
1387
1353
375
2828
313
182
4783
1474
476
1374
311
1612
2635
704
3976
2856
190
6235
2964
3177
5075
2825
5028
952
420
2291
380
7897
583
1483
1414
4630
6881
2908
1083
8467
5578
8206
1437
7968
1592
4391
481
255
5216
6414
2075
1511
1051
4945
285
185
169
690
844
105
697
1749
240
154
1365
348
1489
168
384
180
230
1209
2992
1811
1387
1353
375
2828
313
182
4783
1474
476
1374
311
1612
2635
704
3976
1
1426
1365
9608
7290
6762
2376
5063
1511
4866
1397
3244
5506
4261
5845
293
7447
5722
3067
4101
4583
1901
3539
9393
100
8806
1771
1732
335
1076
2020
4199
4257
2169
9933
285
185
169
690
844
105
697
1749
240
154
1365
348
1489
168
384
180
230
1209
2992
1811
1387
1353
375
2828
313
182
4783
1474
476
1374
311
1612
2635
704
3976
6894
2095
2673
6378
5232
1477
3244
6282
3812
5720
571
2946
258
4260
2792
1491
875
8313
1948
972
351
4619
6447
3334
335
3758
7345
8154
3823
1152
2750
9814
4421
5897
9343
285
185
169
690
844
105
697
1749
240
154
1365
348
1489
168
384
180
230
1209
2992
1811
1387
1353
375
2828
313
182
4783
1474
476
1374
311
1612
2635
704
3976
1301
6791
7999
696
9093
3568
4584
7262
616
8985
1893
4332
4276
3748
1505
4638
3068
4022
4746
4571
2939
2192
2150
2590
1194
1687
843
6445
1192
4581
1528
1709
5347
5065
2691
285
185
169
690
844
105
697
1749
240
154
1365
348
1489
168
384
180
230
1209
2992
1811
1387
1353
375
2828
313
182
4783
1474
476
1374
311
1612
2635
704
3976
1859
1406
1746
6532
6205
8152
4909
1589
2428
2308
6808
7146
1281
1192
9027
8900
2096
6404
248
2585
4703
9182
8203
4286
8517
5524
4170
541
1057
3349
3062
354
4603
4597
2635
285
185
169
690
844
105
697
1749
240
154
1365
348
1489
168
384
180
230
1209
2992
1811
1387
1353
375
2828
313
182
4783
1474
476
1374
311
1612
2635
704
3976
