1013
828
5809
77
29
1746
979
284
32
2078
2868
480
12
2703
484
2182
1674
453
479
4990
2636
486
849
27
474
815
2744
600
279
1249
614
2282
1392
132
27
4140
2096
27
2753
279
487
163
6120
900
477
1066
6409
3740
477
393
1240
279
477
785
1513
455
313
923
304
29
574
2294
563
1083
655
279
1011
3356
2478
1560
1743
1932
569
2899
486
1392
2867
5139
2670
525
1966
663
3425
4404
2956
2468
24
1646
94
2282
258
453
673
1952
477
2827
117
103
83
1605
712
525
620
474
1265
1642
3694
121
909
337
6293
1909
59
1012
46
403
477
2461
4717
115
480
2282
2457
4486
525
397
387
1068
2112
2644
1567
663
777
1750
581
2197
803
3534
1846
4808
1861
535
805
525
2789
477
4512
1085
313
569
120
1191
3642
2292
313
4309
2454
1656
603
279
313
4886
397
849
29
7222
453
1294
3484
405
2089
304
711
3368
328
354
2742
57
453
1033
18
1753
328
477
8703
958
4545
673
1374
3195
521
615
397
1226
2867
482
4058
2043
2038
1663
983
654
1744
2468
1880
121
25
1766
3663
313
1994
2993
673
2778
129
1619
2637
392
977
479
672
1711
2794
484
1381
656
3073
805
1168
560
1142
1353
320
742
119
6378
2290
286
492
4783
3424
4420
1835
923
559
935
3845
1367
3686
3088
24
339
45
5393
697
82
3627
2847
523
477
2530
1560
717
789
2850
1957
525
76
85
313
387
1382
179
59
663
1838
20
59
313
477
4458
392
25
402
1362
795
2092
1209
95
390
3145
313
2309
660
1067
1013
2764
2532
803
2140
94
57
561
2111
279
803
29
76
1966
4022
318
1569
720
674
701
1515
191
3442
533
321
3400
770
1517
3243
81
1618
94
732
2136
1765
2808
115
4336
1231
284
2373
3447
340
505
851
560
397
4597
923
936
754
387
27
179
3324
31
1832
279
4446
1041
2769
283
744
909
1734
1460
1249
2373
3876
2039
76
534
2101
96
561
1582
88
561
2533
4296
418
3229
313
178
573
1910
4396
20
966
923
1643
577
92
2309
5786
1076
474
3095
279
981
1008
2479
477
762
479
2932
281
781
525
752
1924
477
3083
1265
121
3722
179
477
3480
82
5737
6366
731
490
570
177
78
3463
29
2102
731
614
1909
86
2086
592
397
413
1628
180
316
59
966
121
1985
683
800
582
121
3579
477
314
2639
477
544
24
909
656
1750
76
453
4010
1279
1963
2684
284
3054
521
284
1363
387
1488
328
32
84
551
508
1838
2605
2477
482
455
1650
1880
24
794
2955
477
20
1359
1226
260
977
806
4409
6234
474
2813
453
2897
97
1966
258
59
1481
2532
29
397
86
2201
1732
1587
2201
481
6149
477
1970
2172
731
2758
98
416
739
663
3920
25
733
747
304
573
1458
94
322
479
477
284
1617
1370
1846
701
1863
2123
234
226
725
2128
699
279
2140
4157
25
30
1225
2416
397
483
393
1067
2314
87
1976
285
2354
387
25
1848
477
1838
1732
318
4986
574
81
397
60
2208
288
27
3706
481
396
526
805
27
495
1750
2120
262
1076
2795
78
1483
3061
477
191
477
1321
665
2465
82
770
613
3847
772
3176
650
277
565
1832
1422
800
698
1760
1735
179
4728
495
2281
2457
479
96
790
879
2172
4392
27
4420
1467
653
709
2136
9
3845
1969
1601
1265
474
2104
1377
2638
171
710
1472
6988
687
2157
5341
1286
1771
1376
1179
709
657
313
86
505
1833
2271
675
484
1363
792
2190
667
194
2163
525
27
658
96
1846
328
121
966
397
179
2778
718
1844
711
5811
86
2132
506
2461
1374
477
1223
727
2342
4620
830
561
1620
578
453
6725
1289
3095
1924
1964
4010
1164
1745
4415
485
336
315
25
849
1236
320
475
27
2805
4392
2339
4501
1281
2109
121
838
284
525
946
4087
587
1784
1074
453
2670
328
76
1742
477
1892
1179
57
27
2867
8235
622
600
720
1745
384
397
78
583
3092
430
78
2768
1061
4461
586
179
1475
4665
996
4154
477
5190
453
1236
1033
27
281
667
27
32
1838
314
1178
8611
966
1776
352
1928
997
94
2901
2868
453
313
25
1409
561
783
104
4409
18
680
392
390
3478
1748
100
533
284
288
747
1126
723
276
2453
320
2770
32
669
958
1580
672
276
4637
2416
477
1672
279
526
1743
120
190
481
981
27
1490
1297
387
27
95
314
487
762
477
1633
94
879
525
667
2139
703
1268
997
494
3349
328
4485
1192
284
284
334
397
431
3655
1074
566
6216
477
2151
1249
279
766
477
958
78
477
477
25
2104
86
723
1178
966
2805
1849
3719
2362
544
2116
453
879
387
328
453
750
1679
178
1727
2094
477
397
1041
2091
1465
661
97
569
1
191
1462
2462
673
546
4684
59
4491
32
477
402
670
1780
6354
25
563
577
1471
2302
1297
550
691
526
338
477
4484
2448
2563
182
397
62
719
525
5145
1082
182
334
2464
190
477
571
3993
1178
693
226
393
6814
3459
78
1732
509
698
477
2449
27
7270
418
3479
534
2864
178
1923
4404
285
304
4310
4790
81
6505
1944
279
1481
1743
1400
844
1077
2865
3483
83
935
653
531
477
1994
117
2764
1652
840
1006
562
2102
324
712
3618
5033
366
2681
1966
100
453
3470
57
1269
1968
279
391
665
2003
1460
1033
477
3655
3488
198
1948
405
1473
733
701
762
77
740
320
480
2205
2120
730
3514
1458
495
4931
88
4343
2792
389
30
1315
2299
1300
477
30
942
3505
1074
2301
571
765
2468
284
4229
27
6797
120
1965
453
397
2120
453
480
1644
803
680
29
394
112
123
614
279
2721
98
911
334
2113
500
178
1976
1481
5794
3109
1924
2742
849
6392
2139
25
600
392
284
622
660
1306
397
479
186
477
2284
1761
59
392
1638
680
754
1642
313
397
97
762
3300
909
2296
1483
27
1755
658
1173
120
2670
561
765
79
1359
191
2140
3049
183
1274
590
1474
148
683
126
5135
1779
1974
397
4925
778
450
2256
2653
3430
115
2161
5738
2060
673
78
2354
614
2408
4516
477
966
34
652
1091
1616
680
730
1451
1199
276
279
32
24
2580
306
678
4097
2457
853
673
1385
3113
2142
490
360
179
477
627
397
1326
28
273
82
1353
477
76
387
477
32
1068
179
85
479
1883
2409
59
477
965
480
407
2136
1676
337
6357
121
3659
76
125
4461
900
718
569
30
328
1268
1367
2143
668
1732
2583
36
59
28
1966
27
57
95
2339
2900
83
328
632
3425
2731
742
477
397
392
59
1734
413
100
655
4823
115
1246
3618
939
1242
488
603
1249
387
1748
7122
1831
1701
717
140
1591
115
830
35
3919
673
27
387
613
76
121
616
710
630
14
387
2611
4309
781
3474
673
318
5529
678
731
4400
316
453
1830
313
533
1070
32
115
4790
1701
605
81
397
1953
3572
990
525
5143
7812
1099
1831
4711
2302
453
497
2753
857
3424
2086
3690
561
1250
2755
453
279
3072
966
2149
1007
1226
484
328
279
284
480
478
408
2748
506
304
909
392
2200
2059
729
94
313
661
1494
4452
667
545
3393
1074
59
3594
477
480
112
603
453
4423
4309
2086
1952
711
1012
3096
4516
4533
958
86
4417
2805
1701
911
1633
742
1012
32
17
4179
1562
477
6192
1906
1992
569
2
103
574
683
303
313
3541
430
3421
392
313
3576
281
2852
1388
5757
419
563
3582
27
284
909
397
156
279
281
523
792
5172
600
727
853
678
410
998
3060
3889
897
909
27
413
571
912
1373
25
1367
3478
289
1370
105
76
1767
372
947
485
3304
561
392
279
5057
474
319
742
762
2091
433
356
4134
477
35
29
2113
797
34
581
1162
115
1012
24
2120
397
1074
1748
397
3480
747
313
1746
1012
284
76
332
720
903
2279
742
95
1701
64
3500
306
4458
319
392
397
2764
61
27
607
477
4403
1896
707
966
3400
1655
96
29
98
97
3696
322
680
477
509
4422
4238
597
477
25
3706
5582
4010
5709
1462
4635
864
289
735
733
663
2895
477
477
567
1888
1061
474
2128
534
2087
4337
4858
669
2238
355
477
313
1076
857
2497
32
2274
1848
795
1225
478
478
1663
533
781
785
284
1370
2457
409
1593
2094
25
5589
831
2113
1091
313
1740
87
3188
2154
97
27
2416
4553
1179
82
151
742
397
3191
477
545
1945
673
599
711
2967
1385
1835
477
936
27
315
187
96
328
3506
495
525
2791
480
1496
666
133
779
32
2086
410
1652
614
1701
453
27
1139
4400
603
1074
76
3470
2151
3583
479
3920
313
1068
4101
5840
89
387
284
85
857
9033
647
287
958
453
408
1103
97
703
2758
895
1561
2087
191
83
3054
2104
614
2758
1395
731
720
716
4275
2776
477
78
477
97
487
1728
1162
3054
663
477
2867
481
731
495
477
966
187
1956
523
260
731
727
434
563
2808
1370
477
182
76
727
3301
4660
121
2704
716
585
313
182
28
1373
506
792
81
574
28
1736
88
660
258
2355
1236
1462
731
1008
723
477
670
2039
658
62
339
1276
328
4391
328
284
483
86
1706
1068
12
897
2086
453
25
279
477
1226
474
731
2025
3728
279
713
1482
77
279
544
477
675
535
773
3845
523
936
276
