599
1991
2044
2726
1621
1101
348
1218
110
2199
1026
1892
358
1782
3357
3171
1690
3384
357
3157
1595
3434
3158
1545
16
882
696
3110
2360
365
3449
3334
581
3162
3520
3423
3135
3435
2983
3109
599
1991
2044
2726
1621
1101
348
1218
110
2199
1026
1892
358
1782
3357
3171
1690
3384
357
3157
1595
3434
3158
1545
16
882
696
3110
2360
365
3449
3334
581
3162
3520
3423
3135
3435
2983
3109
599
1991
2044
2726
1621
1101
348
1218
110
2199
1026
1892
358
1782
3357
3171
1690
3384
357
3157
1595
3434
3158
1545
16
882
696
3110
2360
365
3449
3334
581
3162
3520
3423
3135
3435
2983
3109
599
1991
2044
2726
1621
1101
348
1218
110
2199
1026
1892
358
1782
3357
3171
1690
3384
357
3157
1595
3434
3158
1545
16
882
696
3110
2360
365
3449
3334
581
3162
3520
3423
3135
3435
2983
3109
599
1991
2044
2726
1621
1101
348
1218
110
2199
1026
1892
358
1782
3357
3171
1690
3384
357
3157
1595
3434
3158
1545
16
882
696
3110
2360
365
3449
3334
581
3162
3520
3423
3135
3435
2983
3109
599
1991
2044
2726
1621
1101
348
1218
110
2199
1026
1892
358
1782
3357
3171
1690
3384
357
3157
1595
3434
3158
1545
16
882
696
3110
2360
365
3449
3334
581
3162
3520
3423
3135
3435
2983
3109
599
1991
2044
2726
1621
1101
348
1218
110
2199
1026
1892
358
1782
3357
3171
1690
3384
357
3157
1595
3434
3158
1545
16
882
696
3110
2360
365
3449
3334
581
3162
3520
3423
3135
3435
2983
3109
599
1991
2044
2726
1621
1101
348
1218
110
2199
1026
1892
358
1782
3357
3171
1690
3384
357
3157
1595
3434
3158
1545
16
882
696
3110
2360
365
3449
3334
581
3162
3520
3423
3135
3435
2983
3109
599
1991
2044
2726
1621
1101
348
1218
110
2199
1026
1892
358
1782
3357
3171
1690
3384
357
3157
1595
3434
3158
1545
16
882
696
3110
2360
365
3449
3334
581
3162
3520
3423
3135
3435
2983
3109
599
1991
2044
2726
1621
1101
348
1218
110
2199
1026
1892
358
1782
3357
3171
1690
3384
357
3157
1595
3434
3158
1545
16
882
696
3110
2360
365
3449
3334
581
3162
3520
3423
3135
3435
2983
3109
599
1991
2044
2726
1621
1101
348
1218
110
2199
1026
1892
358
1782
3357
3171
1690
3384
357
3157
1595
3434
3158
1545
16
882
696
3110
2360
365
3449
3334
581
3162
3520
3423
3135
3435
2983
3109
599
1991
2044
2726
1621
1101
348
1218
110
2199
1026
1892
358
1782
3357
3171
1690
3384
357
3157
1595
3434
3158
1545
16
882
696
3110
2360
365
3449
3334
581
3162
3520
3423
3135
3435
2983
3109
599
1991
2044
2726
1621
1101
348
1218
110
2199
1026
1892
358
1782
3357
3171
1690
3384
357
3157
1595
3434
3158
1545
16
882
696
3110
2360
365
3449
3334
581
3162
3520
3423
3135
3435
2983
3109
599
1991
2044
2726
1621
1101
348
1218
110
2199
1026
1892
358
1782
3357
3171
1690
3384
357
3157
1595
3434
3158
1545
16
882
696
3110
2360
365
3449
3334
581
3162
3520
3423
3135
3435
2983
3109
599
1991
2044
2726
1621
1101
348
1218
110
2199
1026
1892
358
1782
3357
3171
1690
3384
357
3157
1595
3434
3158
1545
16
882
696
3110
2360
365
3449
3334
581
3162
3520
3423
3135
3435
2983
3109
599
1991
2044
2726
1621
1101
348
1218
110
2199
1026
1892
358
1782
3357
3171
1690
3384
357
3157
1595
3434
3158
1545
16
882
696
3110
2360
365
3449
3334
581
3162
3520
3423
3135
3435
2983
3109
599
1991
2044
2726
1621
1101
348
1218
110
2199
1026
1892
358
1782
3357
3171
1690
3384
357
3157
1595
3434
3158
1545
16
882
696
3110
2360
365
3449
3334
581
3162
3520
3423
3135
3435
2983
3109
599
1991
2044
2726
1621
1101
348
1218
110
2199
1026
1892
358
1782
3357
3171
1690
3384
357
3157
1595
3434
3158
1545
16
882
696
3110
2360
365
3449
3334
581
3162
3520
3423
3135
3435
2983
3109
599
1991
2044
2726
1621
1101
348
1218
110
2199
1026
1892
358
1782
3357
3171
1690
3384
357
3157
1595
3434
3158
1545
16
882
696
3110
2360
365
3449
3334
581
3162
3520
3423
3135
3435
2983
3109
599
1991
2044
2726
1621
1101
348
1218
110
2199
1026
1892
358
1782
3357
3171
1690
3384
357
3157
1595
3434
3158
1545
16
882
696
3110
2360
365
3449
3334
581
3162
3520
3423
3135
3435
2983
3109
599
1991
2044
2726
1621
1101
348
1218
110
2199
1026
1892
358
1782
3357
3171
1690
3384
357
3157
1595
3434
3158
1545
16
882
696
3110
2360
365
3449
3334
581
3162
3520
3423
3135
3435
2983
3109
599
1991
2044
2726
1621
1101
348
1218
110
2199
1026
1892
358
1782
3357
3171
1690
3384
357
3157
1595
3434
3158
1545
16
882
696
3110
2360
365
3449
3334
581
3162
3520
3423
3135
3435
2983
3109
599
1991
2044
2726
1621
1101
348
1218
110
2199
1026
1892
358
1782
3357
3171
1690
3384
357
3157
1595
3434
3158
1545
16
882
696
3110
2360
365
3449
3334
581
3162
3520
3423
3135
3435
2983
3109
599
1991
2044
2726
1621
1101
348
1218
110
2199
1026
1892
358
1782
3357
3171
1690
3384
357
3157
1595
3434
3158
1545
16
882
696
3110
2360
365
3449
3334
581
3162
3520
3423
3135
3435
2983
3109
599
1991
2044
2726
1621
1101
348
1218
110
2199
1026
1892
358
1782
3357
3171
1690
3384
357
3157
1595
3434
3158
1545
16
882
696
3110
2360
365
3449
3334
581
3162
3520
3423
3135
3435
2983
3109
599
1991
2044
2726
1621
1101
348
1218
110
2199
1026
1892
358
1782
3357
3171
1690
3384
357
3157
1595
3434
3158
1545
16
882
696
3110
2360
365
3449
3334
581
3162
3520
3423
3135
3435
2983
3109
599
1991
2044
2726
1621
1101
348
1218
110
2199
1026
1892
358
1782
3357
3171
1690
3384
357
3157
1595
3434
3158
1545
16
882
696
3110
2360
365
3449
3334
581
3162
3520
3423
3135
3435
2983
3109
599
1991
2044
2726
1621
1101
348
1218
110
2199
1026
1892
358
1782
3357
3171
1690
3384
357
3157
1595
3434
3158
1545
16
882
696
3110
2360
365
3449
3334
581
3162
3520
3423
3135
3435
2983
3109
599
1991
2044
2726
1621
1101
348
1218
110
2199
1026
1892
358
1782
3357
3171
1690
3384
357
3157
1595
3434
3158
1545
16
882
696
3110
2360
365
3449
3334
581
3162
3520
3423
3135
3435
2983
3109
599
1991
2044
2726
1621
1101
348
1218
110
2199
1026
1892
358
1782
3357
3171
1690
3384
357
3157
1595
3434
3158
1545
16
882
696
3110
2360
365
3449
3334
581
3162
3520
3423
3135
3435
2983
3109
599
1991
2044
2726
1621
1101
348
1218
110
2199
1026
1892
358
1782
3357
3171
1690
3384
357
3157
1595
3434
3158
1545
16
882
696
3110
2360
365
3449
3334
581
3162
3520
3423
3135
3435
2983
3109
599
1991
2044
2726
1621
1101
348
1218
110
2199
1026
1892
358
1782
3357
3171
1690
3384
357
3157
1595
3434
3158
1545
16
882
696
3110
2360
365
3449
3334
581
3162
3520
3423
3135
3435
2983
3109
599
1991
2044
2726
1621
1101
348
1218
110
2199
1026
1892
358
1782
3357
3171
1690
3384
357
3157
1595
3434
3158
1545
16
882
696
3110
2360
365
3449
3334
581
3162
3520
3423
3135
3435
2983
3109
599
1991
2044
2726
1621
1101
348
1218
110
2199
1026
1892
358
1782
3357
3171
1690
3384
357
3157
1595
3434
3158
1545
16
882
696
3110
2360
365
3449
3334
581
3162
3520
3423
3135
3435
2983
3109
599
1991
2044
2726
1621
1101
348
1218
110
2199
1026
1892
358
1782
3357
3171
1690
3384
357
3157
1595
3434
3158
1545
16
882
696
3110
2360
365
3449
3334
581
3162
3520
3423
3135
3435
2983
3109
599
1991
2044
2726
1621
1101
348
1218
110
2199
1026
1892
358
1782
3357
3171
1690
3384
357
3157
1595
3434
3158
1545
16
882
696
3110
2360
365
3449
3334
581
3162
3520
3423
3135
3435
2983
3109
599
1991
2044
2726
1621
1101
348
1218
110
2199
1026
1892
358
1782
3357
3171
1690
3384
357
3157
1595
3434
3158
1545
16
882
696
3110
2360
365
3449
3334
581
3162
3520
3423
3135
3435
2983
3109
599
1991
2044
2726
1621
1101
348
1218
110
2199
1026
1892
358
1782
3357
3171
1690
3384
357
3157
1595
3434
3158
1545
16
882
696
3110
2360
365
3449
3334
581
3162
3520
3423
3135
3435
2983
3109
599
1991
2044
2726
1621
1101
348
1218
110
2199
1026
1892
358
1782
3357
3171
1690
3384
357
3157
1595
3434
3158
1545
16
882
696
3110
2360
365
3449
3334
581
3162
3520
3423
3135
3435
2983
3109
599
1991
2044
2726
1621
1101
348
1218
110
2199
1026
1892
358
1782
3357
3171
1690
3384
357
3157
1595
3434
3158
1545
16
882
696
3110
2360
365
3449
3334
581
3162
3520
3423
3135
3435
2983
3109
599
1991
2044
2726
1621
1101
348
1218
110
2199
1026
1892
358
1782
3357
3171
1690
3384
357
3157
1595
3434
3158
1545
16
882
696
3110
2360
365
3449
3334
581
3162
3520
3423
3135
3435
2983
3109
599
1991
2044
2726
1621
1101
348
1218
110
2199
1026
1892
358
1782
3357
3171
1690
3384
357
3157
1595
3434
3158
1545
16
882
696
3110
2360
365
3449
3334
581
3162
3520
3423
3135
3435
2983
3109
599
1991
2044
2726
1621
1101
348
1218
110
2199
1026
1892
358
1782
3357
3171
1690
3384
357
3157
1595
3434
3158
1545
16
882
696
3110
2360
365
3449
3334
581
3162
3520
3423
3135
3435
2983
3109
599
1991
2044
2726
1621
1101
348
1218
110
2199
1026
1892
358
1782
3357
3171
1690
3384
357
3157
1595
3434
3158
1545
16
882
696
3110
2360
365
3449
3334
581
3162
3520
3423
3135
3435
2983
3109
599
1991
2044
2726
1621
1101
348
1218
110
2199
1026
1892
358
1782
3357
3171
1690
3384
357
3157
1595
3434
3158
1545
16
882
696
3110
2360
365
3449
3334
581
3162
3520
3423
3135
3435
2983
3109
599
1991
2044
2726
1621
1101
348
1218
110
2199
1026
1892
358
1782
3357
3171
1690
3384
357
3157
1595
3434
3158
1545
16
882
696
3110
2360
365
3449
3334
581
3162
3520
3423
3135
3435
2983
3109
599
1991
2044
2726
1621
1101
348
1218
110
2199
1026
1892
358
1782
3357
3171
1690
3384
357
3157
1595
3434
3158
1545
16
882
696
3110
2360
365
3449
3334
581
3162
3520
3423
3135
3435
2983
3109
599
1991
2044
2726
1621
1101
348
1218
110
2199
1026
1892
358
1782
3357
3171
1690
3384
357
3157
1595
3434
3158
1545
16
882
696
3110
2360
365
3449
3334
581
3162
3520
3423
3135
3435
2983
3109
599
1991
2044
2726
1621
1101
348
1218
110
2199
1026
1892
358
1782
3357
3171
1690
3384
357
3157
1595
3434
3158
1545
16
882
696
3110
2360
365
3449
3334
581
3162
3520
3423
3135
3435
2983
3109
599
1991
2044
2726
1621
1101
348
1218
110
2199
1026
1892
358
1782
3357
3171
1690
3384
357
3157
1595
3434
3158
1545
16
882
696
3110
2360
365
3449
3334
581
3162
3520
3423
3135
3435
2983
3109
