488
1885
1775
819
489
74
3473
794
2294
827
487
856
8
3202
484
1498
1008
919
373
229
689
1400
1353
1506
425
505
1223
509
1467
2315
210
1341
958
891
1515
933
1673
504
1595
925
488
1885
1775
819
489
74
3473
794
2294
827
487
856
8
3202
484
1498
1008
919
373
229
689
1400
1353
1506
425
505
1223
509
1467
2315
210
1341
958
891
1515
933
1673
504
1595
925
488
1885
1775
819
489
74
3473
794
2294
827
487
856
8
3202
484
1498
1008
919
373
229
689
1400
1353
1506
425
505
1223
509
1467
2315
210
1341
958
891
1515
933
1673
504
1595
925
488
1885
1775
819
489
74
3473
794
2294
827
487
856
8
3202
484
1498
1008
919
373
229
689
1400
1353
1506
425
505
1223
509
1467
2315
210
1341
958
891
1515
933
1673
504
1595
925
488
1885
1775
819
489
74
3473
794
2294
827
487
856
8
3202
484
1498
1008
919
373
229
689
1400
1353
1506
425
505
1223
509
1467
2315
210
1341
958
891
1515
933
1673
504
1595
925
488
1885
1775
819
489
74
3473
794
2294
827
487
856
8
3202
484
1498
1008
919
373
229
689
1400
1353
1506
425
505
1223
509
1467
2315
210
1341
958
891
1515
933
1673
504
1595
925
488
1885
1775
819
489
74
3473
794
2294
827
487
856
8
3202
484
1498
1008
919
373
229
689
1400
1353
1506
425
505
1223
509
1467
2315
210
1341
958
891
1515
933
1673
504
1595
925
488
1885
1775
819
489
74
3473
794
2294
827
487
856
8
3202
484
1498
1008
919
373
229
689
1400
1353
1506
425
505
1223
509
1467
2315
210
1341
958
891
1515
933
1673
504
1595
925
488
1885
1775
819
489
74
3473
794
2294
827
487
856
8
3202
484
1498
1008
919
373
229
689
1400
1353
1506
425
505
1223
509
1467
2315
210
1341
958
891
1515
933
1673
504
1595
925
488
1885
1775
819
489
74
3473
794
2294
827
487
856
8
3202
484
1498
1008
919
373
229
689
1400
1353
1506
425
505
1223
509
1467
2315
210
1341
958
891
1515
933
1673
504
1595
925
488
1885
1775
819
489
74
3473
794
2294
827
487
856
8
3202
484
1498
1008
919
373
229
689
1400
1353
1506
425
505
1223
509
1467
2315
210
1341
958
891
1515
933
1673
504
1595
925
488
1885
1775
819
489
74
3473
794
2294
827
487
856
8
3202
484
1498
1008
919
373
229
689
1400
1353
1506
425
505
1223
509
1467
2315
210
1341
958
891
1515
933
1673
504
1595
925
488
1885
1775
819
489
74
3473
794
2294
827
487
856
8
3202
484
1498
1008
919
373
229
689
1400
1353
1506
425
505
1223
509
1467
2315
210
1341
958
891
1515
933
1673
504
1595
925
488
1885
1775
819
489
74
3473
794
2294
827
487
856
8
3202
484
1498
1008
919
373
229
689
1400
1353
1506
425
505
1223
509
1467
2315
210
1341
958
891
1515
933
1673
504
1595
925
488
1885
1775
819
489
74
3473
794
2294
827
487
856
8
3202
484
1498
1008
919
373
229
689
1400
1353
1506
425
505
1223
509
1467
2315
210
1341
958
891
1515
933
1673
504
1595
925
488
1885
1775
819
489
74
3473
794
2294
827
487
856
8
3202
484
1498
1008
919
373
229
689
1400
1353
1506
425
505
1223
509
1467
2315
210
1341
958
891
1515
933
1673
504
1595
925
488
1885
1775
819
489
74
3473
794
2294
827
487
856
8
3202
484
1498
1008
919
373
229
689
1400
1353
1506
425
505
1223
509
1467
2315
210
1341
958
891
1515
933
1673
504
1595
925
488
1885
1775
819
489
74
3473
794
2294
827
487
856
8
3202
484
1498
1008
919
373
229
689
1400
1353
1506
425
505
1223
509
1467
2315
210
1341
958
891
1515
933
1673
504
1595
925
488
1885
1775
819
489
74
3473
794
2294
827
487
856
8
3202
484
1498
1008
919
373
229
689
1400
1353
1506
425
505
1223
509
1467
2315
210
1341
958
891
1515
933
1673
504
1595
925
488
1885
1775
819
489
74
3473
794
2294
827
487
856
8
3202
484
1498
1008
919
373
229
689
1400
1353
1506
425
505
1223
509
1467
2315
210
1341
958
891
1515
933
1673
504
1595
925
488
1885
1775
819
489
74
3473
794
2294
827
487
856
8
3202
484
1498
1008
919
373
229
689
1400
1353
1506
425
505
1223
509
1467
2315
210
1341
958
891
1515
933
1673
504
1595
925
488
1885
1775
819
489
74
3473
794
2294
827
487
856
8
3202
484
1498
1008
919
373
229
689
1400
1353
1506
425
505
1223
509
1467
2315
210
1341
958
891
1515
933
1673
504
1595
925
488
1885
1775
819
489
74
3473
794
2294
827
487
856
8
3202
484
1498
1008
919
373
229
689
1400
1353
1506
425
505
1223
509
1467
2315
210
1341
958
891
1515
933
1673
504
1595
925
488
1885
1775
819
489
74
3473
794
2294
827
487
856
8
3202
484
1498
1008
919
373
229
689
1400
1353
1506
425
505
1223
509
1467
2315
210
1341
958
891
1515
933
1673
504
1595
925
488
1885
1775
819
489
74
3473
794
2294
827
487
856
8
3202
484
1498
1008
919
373
229
689
1400
1353
1506
425
505
1223
509
1467
2315
210
1341
958
891
1515
933
1673
504
1595
925
488
1885
1775
819
489
74
3473
794
2294
827
487
856
8
3202
484
1498
1008
919
373
229
689
1400
1353
1506
425
505
1223
509
1467
2315
210
1341
958
891
1515
933
1673
504
1595
925
488
1885
1775
819
489
74
3473
794
2294
827
487
856
8
3202
484
1498
1008
919
373
229
689
1400
1353
1506
425
505
1223
509
1467
2315
210
1341
958
891
1515
933
1673
504
1595
925
488
1885
1775
819
489
74
3473
794
2294
827
487
856
8
3202
484
1498
1008
919
373
229
689
1400
1353
1506
425
505
1223
509
1467
2315
210
1341
958
891
1515
933
1673
504
1595
925
488
1885
1775
819
489
74
3473
794
2294
827
487
856
8
3202
484
1498
1008
919
373
229
689
1400
1353
1506
425
505
1223
509
1467
2315
210
1341
958
891
1515
933
1673
504
1595
925
488
1885
1775
819
489
74
3473
794
2294
827
487
856
8
3202
484
1498
1008
919
373
229
689
1400
1353
1506
425
505
1223
509
1467
2315
210
1341
958
891
1515
933
1673
504
1595
925
488
1885
1775
819
489
74
3473
794
2294
827
487
856
8
3202
484
1498
1008
919
373
229
689
1400
1353
1506
425
505
1223
509
1467
2315
210
1341
958
891
1515
933
1673
504
1595
925
488
1885
1775
819
489
74
3473
794
2294
827
487
856
8
3202
484
1498
1008
919
373
229
689
1400
1353
1506
425
505
1223
509
1467
2315
210
1341
958
891
1515
933
1673
504
1595
925
488
1885
1775
819
489
74
3473
794
2294
827
487
856
8
3202
484
1498
1008
919
373
229
689
1400
1353
1506
425
505
1223
509
1467
2315
210
1341
958
891
1515
933
1673
504
1595
925
488
1885
1775
819
489
74
3473
794
2294
827
487
856
8
3202
484
1498
1008
919
373
229
689
1400
1353
1506
425
505
1223
509
1467
2315
210
1341
958
891
1515
933
1673
504
1595
925
488
1885
1775
819
489
74
3473
794
2294
827
487
856
8
3202
484
1498
1008
919
373
229
689
1400
1353
1506
425
505
1223
509
1467
2315
210
1341
958
891
1515
933
1673
504
1595
925
488
1885
1775
819
489
74
3473
794
2294
827
487
856
8
3202
484
1498
1008
919
373
229
689
1400
1353
1506
425
505
1223
509
1467
2315
210
1341
958
891
1515
933
1673
504
1595
925
488
1885
1775
819
489
74
3473
794
2294
827
487
856
8
3202
484
1498
1008
919
373
229
689
1400
1353
1506
425
505
1223
509
1467
2315
210
1341
958
891
1515
933
1673
504
1595
925
488
1885
1775
819
489
74
3473
794
2294
827
487
856
8
3202
484
1498
1008
919
373
229
689
1400
1353
1506
425
505
1223
509
1467
2315
210
1341
958
891
1515
933
1673
504
1595
925
488
1885
1775
819
489
74
3473
794
2294
827
487
856
8
3202
484
1498
1008
919
373
229
689
1400
1353
1506
425
505
1223
509
1467
2315
210
1341
958
891
1515
933
1673
504
1595
925
488
1885
1775
819
489
74
3473
794
2294
827
487
856
8
3202
484
1498
1008
919
373
229
689
1400
1353
1506
425
505
1223
509
1467
2315
210
1341
958
891
1515
933
1673
504
1595
925
488
1885
1775
819
489
74
3473
794
2294
827
487
856
8
3202
484
1498
1008
919
373
229
689
1400
1353
1506
425
505
1223
509
1467
2315
210
1341
958
891
1515
933
1673
504
1595
925
488
1885
1775
819
489
74
3473
794
2294
827
487
856
8
3202
484
1498
1008
919
373
229
689
1400
1353
1506
425
505
1223
509
1467
2315
210
1341
958
891
1515
933
1673
504
1595
925
488
1885
1775
819
489
74
3473
794
2294
827
487
856
8
3202
484
1498
1008
919
373
229
689
1400
1353
1506
425
505
1223
509
1467
2315
210
1341
958
891
1515
933
1673
504
1595
925
488
1885
1775
819
489
74
3473
794
2294
827
487
856
8
3202
484
1498
1008
919
373
229
689
1400
1353
1506
425
505
1223
509
1467
2315
210
1341
958
891
1515
933
1673
504
1595
925
488
1885
1775
819
489
74
3473
794
2294
827
487
856
8
3202
484
1498
1008
919
373
229
689
1400
1353
1506
425
505
1223
509
1467
2315
210
1341
958
891
1515
933
1673
504
1595
925
488
1885
1775
819
489
74
3473
794
2294
827
487
856
8
3202
484
1498
1008
919
373
229
689
1400
1353
1506
425
505
1223
509
1467
2315
210
1341
958
891
1515
933
1673
504
1595
925
488
1885
1775
819
489
74
3473
794
2294
827
487
856
8
3202
484
1498
1008
919
373
229
689
1400
1353
1506
425
505
1223
509
1467
2315
210
1341
958
891
1515
933
1673
504
1595
925
488
1885
1775
819
489
74
3473
794
2294
827
487
856
8
3202
484
1498
1008
919
373
229
689
1400
1353
1506
425
505
1223
509
1467
2315
210
1341
958
891
1515
933
1673
504
1595
925
488
1885
1775
819
489
74
3473
794
2294
827
487
856
8
3202
484
1498
1008
919
373
229
689
1400
1353
1506
425
505
1223
509
1467
2315
210
1341
958
891
1515
933
1673
504
1595
925
488
1885
1775
819
489
74
3473
794
2294
827
487
856
8
3202
484
1498
1008
919
373
229
689
1400
1353
1506
425
505
1223
509
1467
2315
210
1341
958
891
1515
933
1673
504
1595
925
