1022
946
626
132
205
36
824
198
870
109
614
1526
869
35
801
658
504
1754
66
373
284
194
609
663
610
206
798
8
24
70
286
801
1087
47
614
36
623
1754
284
8
371
446
93
718
1519
433
36
663
432
190
109
626
876
610
296
846
658
505
814
145
610
194
26
800
819
846
902
879
206
66
371
504
1087
373
369
36
1394
94
284
26
286
733
818
26
504
70
1754
610
1682
433
36
371
661
65
190
505
879
819
1529
284
286
882
614
889
611
26
626
819
733
36
1060
2024
8
2145
825
207
1087
663
801
889
194
1882
207
1060
869
832
206
1683
883
373
658
446
870
499
924
616
284
661
801
180
883
190
825
36
798
800
286
869
67
846
889
825
24
2145
65
1526
819
801
800
190
907
661
194
1519
563
8
28
882
205
614
284
1882
47
626
1087
36
368
94
93
718
283
626
692
368
907
373
814
505
504
1394
283
2145
658
712
109
616
611
47
190
373
883
190
296
26
194
2015
195
1525
902
378
206
132
190
692
24
1682
499
626
891
1060
195
296
283
368
145
626
1022
1525
122
378
846
1754
122
502
869
65
1060
373
109
132
1526
1682
446
204
832
623
205
563
194
93
946
8
832
70
1882
198
1754
623
710
28
818
132
1526
907
373
93
198
1754
718
1087
8
190
1519
36
145
663
712
368
626
438
368
36
195
1882
1526
692
433
504
371
712
109
832
661
132
505
1394
206
198
883
879
712
2024
661
24
432
504
1682
67
1754
368
1060
710
4
800
132
122
24
207
8
891
190
109
800
65
814
832
198
889
2015
712
65
658
882
195
198
93
67
36
2145
1519
924
1087
818
195
846
2015
205
661
371
907
626
832
4
283
93
433
499
661
1087
446
2015
876
502
832
94
1525
284
207
204
610
433
1882
373
65
663
1087
907
733
563
378
194
93
825
195
610
66
122
846
8
609
626
190
66
1526
825
369
1022
611
902
814
661
712
798
94
609
438
122
818
70
371
616
870
712
710
373
378
109
132
798
70
369
610
1525
818
661
28
122
65
70
882
663
284
373
712
109
876
658
8
869
1754
207
2145
692
1683
626
889
94
710
819
66
658
26
286
733
860
1060
369
605
819
801
373
611
876
1525
505
2015
206
1754
198
1060
846
378
663
614
860
661
1022
438
373
198
28
371
70
67
446
718
65
204
1519
832
94
658
907
378
626
502
712
883
870
26
