149
139
881
268
906
70
186
681
55
75
85
74
883
75
73
724
60
134
171
169
85
171
260
141
305
894
681
889
73
385
165
65
585
164
384
268
305
52
1123
51
187
426
71
141
75
86
889
165
963
164
665
881
137
170
61
187
585
885
85
149
75
152
183
881
305
54
243
171
65
582
69
426
54
667
65
894
668
152
141
896
881
74
219
68
81
164
212
666
889
668
212
80
963
134
582
85
73
251
305
139
1123
243
885
137
599
149
585
906
681
184
881
243
268
169
681
134
909
170
75
60
165
212
881
51
885
175
170
312
894
478
906
599
681
81
72
328
305
52
582
724
51
54
328
175
432
55
134
165
219
68
134
328
1123
582
164
86
171
56
149
963
141
218
426
1123
74
68
164
478
184
391
212
963
54
391
169
909
59
141
883
582
666
71
54
74
218
56
242
881
70
385
61
74
73
881
149
137
242
896
141
665
189
187
60
59
54
73
183
139
171
52
79
65
251
260
170
164
909
69
328
134
81
896
134
184
55
68
681
79
57
61
896
582
668
72
585
51
149
80
268
260
243
81
218
268
79
906
54
61
251
62
152
164
189
135
186
896
55
885
391
667
51
85
268
80
391
135
218
585
55
909
385
724
81
171
668
170
212
71
61
135
149
305
57
219
134
60
56
218
1123
139
72
62
665
55
135
184
68
85
139
69
59
665
75
79
183
906
171
219
56
305
175
60
81
56
68
881
260
134
681
724
78
135
896
909
881
134
384
665
68
218
668
60
305
141
666
1123
175
54
885
243
86
62
56
909
189
59
81
667
183
881
134
384
681
137
86
312
963
218
164
599
585
170
666
51
141
909
212
56
175
78
60
86
85
62
665
137
251
164
169
175
260
171
135
57
242
391
62
183
139
68
175
54
305
963
55
73
906
86
139
74
599
141
312
80
54
585
889
68
186
51
139
242
305
385
55
183
149
169
170
85
52
432
260
251
149
681
894
78
426
56
881
52
57
312
896
682
56
883
384
171
384
681
682
251
385
81
585
184
599
72
219
1123
883
391
135
171
59
682
73
909
478
212
51
881
54
86
69
599
81
137
251
65
62
906
909
881
212
60
80
432
212
432
328
75
186
56
79
70
894
85
134
81
169
73
56
183
139
72
60
666
