1999
324
224
351
89
13
95
223
1233
40
176
324
7
51
177
231
1044
1057
355
170
44
5
180
173
1432
48
1169
7
863
52
1469
872
607
249
863
188
520
995
180
949
51
233
1431
7
1233
995
219
607
1432
140
231
48
109
135
1999
7
49
104
223
63
1999
63
867
219
93
51
520
1431
225
1430
1431
49
995
607
351
65
127
85
180
173
140
170
355
995
1582
1233
60
757
109
223
87
183
347
233
1057
1999
84
1432
451
524
63
219
93
1431
89
84
1233
224
164
40
347
1057
95
231
1582
183
40
164
872
1233
84
1568
1999
23
355
231
119
995
35
109
1999
868
224
140
231
7
222
42
1036
95
757
1057
119
7
84
995
868
127
59
872
524
188
233
35
347
224
181
231
109
63
42
221
176
21
95
96
1469
863
8
7
233
48
86
42
90
351
32
119
1431
135
727
127
98
42
996
57
14
49
7
1169
355
90
48
225
520
21
95
995
170
864
1431
164
1582
347
1430
324
351
233
89
93
868
51
996
607
84
119
85
1044
224
727
109
872
868
757
180
607
32
225
1999
1169
173
21
1999
8
349
42
757
51
347
44
1999
188
40
135
1467
351
1582
52
762
104
13
42
48
771
1582
520
63
612
32
35
140
1568
607
48
1044
223
109
1012
93
872
181
1568
1233
172
995
1169
7
52
188
524
749
32
233
351
109
135
224
127
347
520
95
749
1568
351
1582
8
98
727
949
173
109
351
119
872
164
225
44
8
135
1233
119
173
8
347
109
188
872
607
231
995
32
451
95
188
20
351
84
1012
1057
104
1432
524
21
1999
1568
31
223
231
364
233
183
173
14
1582
771
1044
612
140
20
8
104
1568
7
231
872
995
183
188
35
612
51
1568
757
867
42
612
355
607
183
224
995
135
87
757
351
183
42
872
224
84
757
7
180
224
13
863
868
223
21
787
7
868
1999
8
219
1057
355
172
93
995
84
1582
48
31
40
109
607
524
183
520
612
188
1568
1999
44
863
176
170
8
1044
93
13
84
249
868
1169
63
355
89
1432
180
1233
524
224
1568
347
1999
867
995
63
119
612
180
996
1233
451
7
1430
324
98
225
1057
40
51
231
1169
93
60
1233
44
524
324
995
86
868
1568
757
109
104
7
84
223
351
119
183
863
222
42
612
89
867
176
8
181
225
119
59
7
31
65
109
60
87
90
32
1057
1469
864
31
949
