52
51
132
139
50
137
24
49
86
94
49
52
24
139
94
132
51
50
86
137
86
132
139
94
51
50
137
52
49
24
137
52
49
132
86
50
139
24
94
51
86
51
50
137
24
52
49
94
139
132
50
139
24
52
137
132
49
94
51
86
49
52
51
139
50
132
24
137
94
86
139
137
49
94
51
86
50
52
24
132
86
137
132
24
52
50
94
139
51
49
50
132
52
24
49
94
139
86
137
51
139
24
94
86
51
52
49
50
132
137
52
49
86
51
139
94
24
50
137
132
94
137
24
52
51
86
139
49
50
132
137
50
139
132
52
94
51
49
86
24
52
86
94
24
50
51
132
137
49
139
139
49
86
52
132
50
137
24
94
51
139
51
24
86
52
50
137
94
132
49
139
132
86
24
49
94
51
137
52
50
139
132
52
94
49
50
137
24
51
86
86
52
137
139
49
94
132
50
51
24
51
24
52
86
132
137
94
139
50
49
94
49
132
52
24
51
50
137
86
139
50
52
132
24
51
86
139
137
94
49
139
52
51
50
132
49
137
86
24
94
139
49
51
52
137
86
94
50
24
132
86
52
137
139
49
94
132
50
51
24
137
52
49
132
86
50
139
24
94
51
52
86
94
24
50
51
132
137
49
139
139
24
94
86
51
52
49
50
132
137
139
52
51
50
132
49
137
86
24
94
50
139
24
52
137
132
49
94
51
86
139
49
51
52
137
86
94
50
24
132
49
52
24
139
94
132
51
50
86
137
94
49
132
52
24
51
50
137
86
139
50
132
52
24
49
94
139
86
137
51
52
49
86
51
139
94
24
50
137
132
50
52
132
24
51
86
139
137
94
49
86
132
139
94
51
50
137
52
49
24
86
137
132
24
52
50
94
139
51
49
137
50
139
132
52
94
51
49
86
24
139
132
52
94
49
50
137
24
51
86
139
51
24
86
52
50
137
94
132
49
139
132
86
24
49
94
51
137
52
50
52
51
132
139
50
137
24
49
86
94
49
52
51
139
50
132
24
137
94
86
51
24
52
86
132
137
94
139
50
49
94
137
24
52
51
86
139
49
50
132
86
51
50
137
24
52
49
94
139
132
139
137
49
94
51
86
50
52
24
132
139
49
86
52
132
50
137
24
94
51
