92
87
79
189
165
147
3
15
8
130
79
130
92
189
8
165
147
3
9
11
147
3
15
9
92
87
165
189
79
130
79
87
3
164
11
147
165
189
92
15
147
189
130
87
92
8
176
3
164
79
79
9
176
8
87
189
92
164
6
3
79
176
8
92
6
9
189
165
87
3
9
164
87
8
3
92
147
79
130
189
176
79
11
92
189
164
130
9
3
165
92
8
11
87
130
176
189
165
9
3
165
147
6
79
3
189
92
176
164
87
92
11
176
164
6
3
79
130
189
87
87
165
9
189
176
3
92
164
79
11
87
130
8
79
92
165
176
147
189
11
6
9
79
147
92
176
87
164
130
189
164
92
11
87
165
6
189
15
79
130
165
6
79
87
164
176
8
189
9
92
165
147
8
87
189
79
176
6
92
130
176
3
79
130
9
189
165
87
6
92
79
189
3
15
9
164
92
6
87
165
92
79
87
130
11
3
165
189
9
164
147
176
79
164
189
92
130
87
6
8
176
165
8
6
189
164
9
3
130
92
165
164
3
9
11
130
8
87
6
189
11
15
92
9
87
3
147
6
176
79
176
165
8
6
189
164
9
3
130
92
9
164
87
8
3
92
147
79
130
189
92
8
11
87
130
176
189
165
9
3
176
3
79
130
9
189
165
87
6
92
165
6
79
87
164
176
8
189
9
92
87
130
8
79
92
165
176
147
189
11
87
165
9
189
176
3
92
164
79
11
79
130
92
189
8
165
147
3
9
11
92
11
176
164
6
3
79
130
189
87
92
79
87
130
11
3
165
189
9
164
11
15
92
9
87
3
147
6
176
79
147
3
15
9
92
87
165
189
79
130
79
9
176
8
87
189
92
164
6
3
79
176
8
92
6
9
189
165
87
3
92
87
79
189
165
147
3
15
8
130
165
164
3
9
11
130
8
87
6
189
147
189
130
87
92
8
176
3
164
79
147
176
79
164
189
92
130
87
6
8
176
79
11
92
189
164
130
9
3
165
79
87
3
164
11
147
165
189
92
15
164
92
11
87
165
6
189
15
79
130
79
189
3
15
9
164
92
6
87
165
6
9
79
147
92
176
87
164
130
189
165
147
6
79
3
189
92
176
164
87
165
147
8
87
189
79
176
6
92
130
