41
90
129
243
246
132
27
13
12
95
90
12
132
95
129
27
246
13
243
41
12
90
95
129
27
41
13
132
246
243
95
246
41
13
90
243
12
27
132
129
41
27
246
183
243
13
12
95
132
90
41
27
243
246
129
12
132
95
90
13
90
243
132
246
12
41
27
129
95
13
90
129
27
13
12
243
95
41
246
132
41
90
246
129
27
12
95
13
243
132
246
129
95
90
132
27
12
243
41
13
183
13
132
95
12
246
27
90
41
243
90
129
132
243
13
95
27
246
12
41
27
246
243
12
41
90
95
13
129
132
129
90
246
27
132
95
243
13
12
41
246
90
13
95
27
129
12
132
243
41
246
132
27
95
90
13
243
12
41
129
12
95
132
90
27
129
246
13
243
41
132
27
41
12
95
13
243
129
246
90
90
95
27
246
41
132
243
12
13
129
132
243
27
129
41
13
90
12
246
95
243
27
95
12
129
13
246
132
41
90
12
243
129
13
95
246
90
27
132
41
132
95
13
41
27
243
129
246
12
90
12
129
13
41
95
90
246
132
27
243
27
41
95
132
90
246
243
129
12
13
90
243
132
246
12
41
27
129
95
13
12
95
132
90
27
129
246
13
243
41
12
243
129
13
95
246
90
27
132
41
41
90
129
243
246
132
27
13
12
95
27
41
95
132
90
246
243
129
12
13
132
243
27
129
41
13
90
12
246
95
90
129
132
243
13
95
27
246
12
41
132
27
41
12
95
13
243
129
246
90
246
90
13
95
27
129
12
132
243
41
90
129
27
13
12
243
95
41
246
132
95
246
41
13
90
243
12
27
132
129
27
246
243
12
41
90
95
13
129
132
41
27
246
183
243
13
12
95
132
90
90
12
132
95
129
27
246
13
243
41
129
90
246
27
132
95
243
13
12
41
243
27
95
12
129
13
246
132
41
90
41
90
246
129
27
12
95
13
243
132
132
95
13
41
27
243
129
246
12
90
246
129
95
90
132
27
12
243
41
13
246
132
27
95
90
13
243
12
41
129
90
95
27
246
41
132
243
12
13
129
12
90
95
129
27
41
13
132
246
243
41
27
243
246
129
12
132
95
90
13
183
13
132
95
12
246
27
90
41
243
12
129
13
41
95
90
246
132
27
243
