148
55
23
139
22
109
107
163
145
2
149
22
139
148
6
145
23
163
55
109
23
139
6
149
22
148
55
109
145
163
55
22
148
2
145
109
23
139
163
107
148
23
109
149
22
6
107
139
163
55
139
148
22
109
55
145
107
23
163
24
148
2
145
22
107
23
109
6
55
163
149
60
145
23
148
2
109
55
107
163
107
148
109
145
23
24
55
139
163
22
55
2
139
149
163
145
23
107
6
148
109
55
6
163
2
23
148
22
139
149
163
148
6
109
107
23
145
55
139
24
139
163
23
148
24
6
145
109
55
22
107
139
55
148
163
109
23
2
145
22
6
163
139
148
109
22
23
24
55
145
148
2
24
163
109
23
139
145
6
55
55
145
22
107
109
149
148
23
139
163
148
145
55
163
6
107
22
139
23
109
55
148
107
22
23
163
149
2
139
145
22
163
139
23
109
6
145
107
55
148
2
148
163
22
149
139
55
145
23
109
2
6
23
107
148
55
145
163
139
22
109
23
22
55
139
148
163
6
24
2
23
55
163
139
148
109
24
22
145
107
22
145
55
23
6
163
107
148
139
2
55
2
139
149
163
145
23
107
6
148
6
163
139
148
109
22
23
24
55
145
2
148
163
22
149
139
55
145
23
109
139
163
23
148
24
6
145
109
55
22
23
139
6
149
22
148
55
109
145
163
55
22
148
2
145
109
23
139
163
107
109
23
22
55
139
148
163
6
24
2
22
163
139
23
109
6
145
107
55
148
22
145
55
23
6
163
107
148
139
2
149
60
145
23
148
2
109
55
107
163
107
148
109
145
23
24
55
139
163
22
139
148
22
109
55
145
107
23
163
24
23
55
163
139
148
109
24
22
145
107
148
2
145
22
107
23
109
6
55
163
148
23
109
149
22
6
107
139
163
55
163
148
6
109
107
23
145
55
139
24
107
139
55
148
163
109
23
2
145
22
55
148
107
22
23
163
149
2
139
145
148
2
24
163
109
23
139
145
6
55
148
55
23
139
22
109
107
163
145
2
149
22
139
148
6
145
23
163
55
109
2
6
23
107
148
55
145
163
139
22
109
55
6
163
2
23
148
22
139
149
55
145
22
107
109
149
148
23
139
163
148
145
55
163
6
107
22
139
23
109
