19
3
10
4
106
8
12
40
39
170
19
8
223
39
170
3
61
4
40
12
10
223
8
4
170
61
3
39
7
40
8
39
61
3
106
40
222
10
7
170
3
4
39
7
40
8
61
10
223
170
40
10
3
4
13
170
8
39
61
222
223
3
13
170
4
10
40
7
8
222
4
13
8
170
39
7
40
61
3
223
170
7
222
4
39
40
8
223
61
3
39
61
4
40
3
7
8
170
222
10
223
8
40
222
170
7
3
10
4
61
13
4
40
7
61
223
170
8
3
39
19
61
3
170
106
39
8
7
10
40
222
61
8
39
40
170
13
3
10
4
7
170
19
8
61
3
13
4
39
10
8
10
223
170
3
61
19
7
40
4
40
39
4
3
10
8
170
61
13
19
4
222
10
170
7
106
39
3
8
40
3
223
222
61
8
40
39
10
4
170
170
8
19
40
61
3
106
223
4
39
10
4
3
8
170
223
39
19
40
61
61
222
10
3
13
223
39
4
40
170
13
170
61
222
8
3
10
4
7
39
40
223
61
7
8
10
3
170
39
222
8
4
40
7
3
61
170
223
222
39
61
222
10
3
13
223
39
4
40
170
10
4
3
8
170
223
39
19
40
61
40
10
3
4
13
170
8
39
61
222
19
61
3
170
106
39
8
7
10
40
19
8
223
39
170
3
61
4
40
12
40
223
61
7
8
10
3
170
39
222
13
4
40
7
61
223
170
8
3
39
3
223
222
61
8
40
39
10
4
170
223
3
13
170
4
10
40
7
8
222
13
170
61
222
8
3
10
4
7
39
4
13
8
170
39
7
40
61
3
223
3
4
39
7
40
8
61
10
223
170
170
7
222
4
39
40
8
223
61
3
7
170
19
8
61
3
13
4
39
10
170
8
19
40
61
3
106
223
4
39
40
39
4
3
10
8
170
61
13
19
223
8
40
222
170
7
3
10
4
61
8
4
40
7
3
61
170
223
222
39
222
61
8
39
40
170
13
3
10
4
4
222
10
170
7
106
39
3
8
40
8
10
223
170
3
61
19
7
40
4
8
39
61
3
106
40
222
10
7
170
39
61
4
40
3
7
8
170
222
10
19
3
10
4
106
8
12
40
39
170
10
223
8
4
170
61
3
39
7
40
