23
96
87
39
90
130
1
77
70
25
23
96
87
39
90
130
1
77
70
25
70
39
25
87
23
77
1
90
75
20
70
39
25
87
23
77
1
90
75
20
87
90
20
25
75
70
1
96
39
77
87
90
20
25
75
70
1
96
39
77
25
1
75
130
77
39
90
70
23
87
25
1
75
130
77
39
90
70
23
87
70
25
77
87
23
90
39
1
96
75
70
25
77
87
23
90
39
1
96
75
39
1
64
87
77
25
70
215
90
75
39
1
64
87
77
25
70
215
90
75
87
70
39
96
75
77
1
130
90
25
87
70
39
96
75
77
1
130
90
25
96
1
77
39
64
87
75
90
25
70
96
1
77
39
64
87
75
90
25
70
23
70
77
15
75
96
87
39
1
90
23
70
77
15
75
96
87
39
1
90
1
77
90
75
25
70
39
23
20
96
1
77
90
75
25
70
39
23
20
96
23
39
70
75
1
64
90
87
25
77
23
39
70
75
1
64
90
87
25
77
87
1
20
77
90
75
23
39
70
96
87
1
20
77
90
75
23
39
70
96
77
70
39
23
75
25
1
64
87
90
77
70
39
23
75
25
1
64
87
90
77
87
90
1
39
70
75
25
130
20
77
87
90
1
39
70
75
25
130
20
39
20
87
64
75
90
96
70
77
1
39
20
87
64
75
90
96
70
77
1
75
15
70
90
96
77
25
1
87
39
75
15
70
90
96
77
25
1
87
39
64
39
25
96
75
90
87
77
1
70
64
39
25
96
75
90
87
77
1
70
70
23
1
20
90
130
75
25
77
87
70
23
1
20
90
130
75
25
77
87
90
87
70
25
75
23
1
39
77
20
90
87
70
25
75
23
1
39
77
20
70
87
39
1
90
96
75
25
77
23
70
87
39
1
90
96
75
25
77
23
23
90
1
130
87
39
96
70
75
77
23
90
1
130
87
39
96
70
75
77
25
90
87
70
1
75
64
23
77
39
25
90
87
70
1
75
64
23
77
39
77
130
25
1
15
70
90
87
75
39
77
130
25
1
15
70
90
87
75
39
23
87
1
25
75
70
96
39
90
77
23
87
1
25
75
70
96
39
90
77
25
77
64
87
1
90
39
75
70
96
25
77
64
87
1
90
39
75
70
96
