148
56
135
145
49
57
107
59
73
10
148
56
135
145
49
57
107
59
73
10
148
59
145
49
10
135
73
107
57
53
148
59
145
49
10
135
73
107
57
53
148
135
10
49
59
57
107
145
73
56
148
135
10
49
59
57
107
145
73
56
73
148
59
56
10
49
77
145
57
135
73
148
59
56
10
49
77
145
57
135
148
257
57
53
145
59
49
135
10
77
148
257
57
53
145
59
49
135
10
77
135
107
148
145
257
59
53
56
57
49
135
107
148
145
257
59
53
56
57
49
145
135
59
10
53
49
98
56
107
57
145
135
59
10
53
49
98
56
107
57
148
53
59
57
10
49
16
77
145
135
148
53
59
57
10
49
16
77
145
135
148
10
135
77
56
59
49
53
107
57
148
10
135
77
56
59
49
53
107
57
59
145
77
10
49
73
57
107
56
148
59
145
77
10
49
73
57
107
56
148
57
56
77
59
148
49
145
10
135
107
57
56
77
59
148
49
145
10
135
107
98
148
10
145
57
49
77
107
59
135
98
148
10
145
57
49
77
107
59
135
107
57
148
98
135
49
145
59
77
10
107
57
148
98
135
49
145
59
77
10
57
135
107
145
49
53
77
10
59
148
57
135
107
145
49
53
77
10
59
148
57
10
148
107
59
98
53
77
49
135
57
10
148
107
59
98
53
77
49
135
56
98
49
148
145
77
107
57
59
135
56
98
49
148
145
77
107
57
59
135
107
59
57
10
98
148
77
49
135
145
107
59
57
10
98
148
77
49
135
145
107
148
145
57
98
135
49
59
10
53
107
148
145
57
98
135
49
59
10
53
73
135
148
10
56
49
107
77
57
59
73
135
148
10
56
49
107
77
57
59
148
135
145
77
10
49
59
56
53
57
148
135
145
77
10
49
59
56
53
57
135
98
59
49
57
148
53
107
10
145
135
98
59
49
57
148
53
107
10
145
57
135
10
59
145
107
148
98
49
56
57
135
10
59
145
107
148
98
49
56
56
49
145
107
135
59
10
148
77
53
56
49
145
107
135
59
10
148
77
53
56
59
98
135
77
145
57
49
148
107
56
59
98
135
77
145
57
49
148
107
10
49
107
57
135
56
59
145
148
77
10
49
107
57
135
56
59
145
148
77
