115
57
17
54
111
75
11
108
56
52
17
18
11
113
57
108
54
75
2
56
11
54
2
108
56
57
113
17
115
111
57
17
11
75
111
115
108
52
2
56
52
18
11
182
75
57
53
17
111
108
57
56
113
2
115
11
53
108
111
75
108
75
111
57
53
52
11
18
56
17
75
182
17
111
11
54
56
2
113
108
108
57
53
111
2
11
52
17
75
182
111
52
75
113
115
18
108
17
53
11
115
113
11
75
52
108
53
57
111
17
17
52
2
57
11
75
115
108
53
111
75
108
57
53
52
18
11
111
54
115
2
11
113
56
111
17
54
108
75
115
115
18
2
56
111
108
53
75
17
57
182
52
2
11
108
17
111
18
75
53
57
11
111
113
18
17
115
54
56
108
18
75
113
53
2
115
11
108
17
56
54
56
115
75
17
108
18
11
2
111
56
111
54
53
108
115
52
11
113
75
54
75
57
2
182
17
18
113
108
115
113
75
52
11
56
182
2
111
115
108
113
11
18
115
17
56
108
182
111
2
57
53
115
54
75
52
113
108
182
11
18
57
115
75
11
108
111
53
2
56
56
111
54
53
108
115
52
11
113
75
57
53
115
54
75
52
113
108
182
11
75
108
57
53
52
18
11
111
54
115
115
57
17
54
111
75
11
108
56
52
54
56
115
75
17
108
18
11
2
111
57
11
111
113
18
17
115
54
56
108
111
52
75
113
115
18
108
17
53
11
115
18
2
56
111
108
53
75
17
57
18
75
113
53
2
115
11
108
17
56
57
17
11
75
111
115
108
52
2
56
18
57
115
75
11
108
111
53
2
56
2
11
113
56
111
17
54
108
75
115
113
11
18
115
17
56
108
182
111
2
11
54
2
108
56
57
113
17
115
111
52
18
11
182
75
57
53
17
111
108
75
182
17
111
11
54
56
2
113
108
113
75
52
11
56
182
2
111
115
108
182
52
2
11
108
17
111
18
75
53
108
57
53
111
2
11
52
17
75
182
17
52
2
57
11
75
115
108
53
111
115
113
11
75
52
108
53
57
111
17
54
75
57
2
182
17
18
113
108
115
17
18
11
113
57
108
54
75
2
56
108
75
111
57
53
52
11
18
56
17
57
56
113
2
115
11
53
108
111
75
