123
1
141
50
27
34
223
103
89
125
34
223
89
4
103
1
50
27
141
123
223
141
34
89
50
27
103
233
123
1
34
50
27
141
223
1
89
4
103
123
223
103
27
123
121
89
50
141
34
1
50
1
121
141
4
34
89
27
123
223
34
50
89
103
141
4
223
1
27
125
223
27
6
103
141
1
4
34
89
50
27
1
34
121
103
223
89
4
50
141
1
27
50
103
125
141
89
4
34
223
141
4
123
34
27
50
223
89
125
1
141
103
6
223
50
89
27
1
123
34
34
89
123
1
50
141
223
103
6
27
89
1
50
34
27
223
4
121
141
123
223
4
1
27
34
123
50
103
89
141
1
4
103
141
123
50
34
89
223
27
27
6
223
89
4
1
34
141
123
50
223
123
141
121
103
27
1
89
34
50
123
4
1
125
89
34
27
223
141
50
50
4
223
141
34
1
89
27
123
103
34
27
1
89
223
123
233
103
141
50
4
27
1
123
34
141
50
89
121
223
141
4
89
27
2
223
123
50
1
34
141
89
27
6
34
123
223
1
103
50
141
27
89
123
50
223
103
1
34
4
34
89
123
1
50
141
223
103
6
27
1
4
103
141
123
50
34
89
223
27
34
223
89
4
103
1
50
27
141
123
223
4
1
27
34
123
50
103
89
141
50
1
121
141
4
34
89
27
123
223
89
1
50
34
27
223
4
121
141
123
34
50
27
141
223
1
89
4
103
123
141
103
6
223
50
89
27
1
123
34
123
4
1
125
89
34
27
223
141
50
1
27
50
103
125
141
89
4
34
223
141
27
89
123
50
223
103
1
34
4
223
103
27
123
121
89
50
141
34
1
123
1
141
50
27
34
223
103
89
125
223
123
141
121
103
27
1
89
34
50
223
27
6
103
141
1
4
34
89
50
141
4
123
34
27
50
223
89
125
1
141
89
27
6
34
123
223
1
103
50
27
1
34
121
103
223
89
4
50
141
223
141
34
89
50
27
103
233
123
1
141
4
89
27
2
223
123
50
1
34
50
4
223
141
34
1
89
27
123
103
4
27
1
123
34
141
50
89
121
223
27
6
223
89
4
1
34
141
123
50
34
27
1
89
223
123
233
103
141
50
34
50
89
103
141
4
223
1
27
125
