59
4
179
57
177
51
118
13
107
110
51
110
179
59
107
177
57
4
174
118
118
51
177
174
110
4
59
107
57
34
110
118
174
13
59
51
57
177
34
4
34
174
4
51
57
110
118
177
59
179
10
59
179
4
118
177
57
110
107
51
51
4
34
110
107
179
57
61
118
174
10
59
51
179
110
118
34
4
57
177
174
110
51
57
4
179
107
59
118
177
110
179
118
61
57
174
13
177
51
4
34
107
177
118
59
179
57
4
51
110
31
34
57
118
107
110
51
4
177
59
59
34
57
177
107
110
51
4
179
118
4
174
34
118
177
179
57
51
110
59
110
4
177
174
118
57
34
179
107
51
57
177
179
174
118
51
110
107
13
4
4
51
110
177
10
13
179
57
107
118
118
57
179
13
4
51
177
61
110
59
118
174
107
51
61
110
179
57
59
4
174
59
51
4
57
177
34
118
179
110
13
57
59
51
110
4
118
174
61
179
51
177
107
57
118
59
34
4
179
110
57
107
59
110
51
174
179
118
177
4
177
118
59
34
57
4
51
174
110
13
61
179
110
51
34
118
177
57
13
4
174
59
51
4
57
177
34
118
179
110
10
59
51
179
110
118
34
4
57
177
59
4
179
57
177
51
118
13
107
110
110
179
118
61
57
174
13
177
51
4
51
177
107
57
118
59
34
4
179
110
177
118
59
34
57
4
51
174
110
13
59
34
57
177
107
110
51
4
179
118
57
177
179
174
118
51
110
107
13
4
4
51
110
177
10
13
179
57
107
118
51
4
34
110
107
179
57
61
118
174
61
179
110
51
34
118
177
57
13
4
118
51
177
174
110
4
59
107
57
34
34
107
177
118
59
179
57
4
51
110
4
174
34
118
177
179
57
51
110
59
174
110
51
57
4
179
107
59
118
177
13
57
59
51
110
4
118
174
61
179
118
57
179
13
4
51
177
61
110
59
118
174
107
51
61
110
179
57
59
4
57
107
59
110
51
174
179
118
177
4
10
59
179
4
118
177
57
110
107
51
51
110
179
59
107
177
57
4
174
118
110
4
177
174
118
57
34
179
107
51
31
34
57
118
107
110
51
4
177
59
110
118
174
13
59
51
57
177
34
4
34
174
4
51
57
110
118
177
59
179
