6
93
59
2
201
80
40
58
1
273
93
6
80
201
40
1
273
58
59
2
40
273
80
201
93
6
1
58
59
2
273
40
80
1
93
58
59
2
5
201
1
59
93
58
80
273
2
201
40
8
40
59
58
215
1
2
93
80
201
273
93
80
273
2
215
40
59
58
1
201
5
2
58
273
93
59
80
201
1
40
58
80
59
2
93
1
273
213
201
40
59
213
1
58
273
93
80
2
40
201
273
40
59
1
93
201
5
58
2
80
201
80
40
1
93
215
58
2
273
59
201
59
273
80
1
215
8
40
93
2
80
273
201
1
40
59
6
2
215
93
201
2
11
59
58
93
1
80
40
273
59
58
6
213
93
40
1
273
201
80
201
6
93
40
273
2
59
80
1
215
58
80
6
93
201
215
40
273
59
1
201
93
59
6
80
1
273
2
215
40
273
201
59
40
80
58
93
1
215
2
6
273
58
59
213
93
201
80
1
40
59
93
40
2
11
273
215
80
1
201
201
5
93
40
59
80
2
6
273
1
80
215
213
93
59
2
1
201
273
40
2
59
1
93
201
58
273
40
213
80
59
58
6
213
93
40
1
273
201
80
201
6
93
40
273
2
59
80
1
215
201
93
59
6
80
1
273
2
215
40
40
59
58
215
1
2
93
80
201
273
273
40
59
1
93
201
5
58
2
80
1
59
93
58
80
273
2
201
40
8
59
93
40
2
11
273
215
80
1
201
40
273
80
201
93
6
1
58
59
2
273
40
80
1
93
58
59
2
5
201
80
215
213
93
59
2
1
201
273
40
201
5
93
40
59
80
2
6
273
1
201
59
273
80
1
215
8
40
93
2
93
6
80
201
40
1
273
58
59
2
2
59
1
93
201
58
273
40
213
80
201
80
40
1
93
215
58
2
273
59
201
2
11
59
58
93
1
80
40
273
93
80
273
2
215
40
59
58
1
201
80
273
201
1
40
59
6
2
215
93
6
273
58
59
213
93
201
80
1
40
6
93
59
2
201
80
40
58
1
273
5
2
58
273
93
59
80
201
1
40
59
213
1
58
273
93
80
2
40
201
58
80
59
2
93
1
273
213
201
40
58
80
6
93
201
215
40
273
59
1
273
201
59
40
80
58
93
1
215
2
