37
91
62
58
234
27
97
143
9
215
37
91
62
58
234
27
97
143
9
215
234
215
62
73
9
58
91
37
27
104
234
215
62
73
9
58
91
37
27
104
73
58
91
215
9
27
37
97
62
143
73
58
91
215
9
27
37
97
62
143
91
73
37
143
58
215
27
62
9
234
91
73
37
143
58
215
27
62
9
234
104
62
27
9
91
73
215
6
58
143
104
62
27
9
91
73
215
6
58
143
97
73
91
27
58
104
37
215
9
62
97
73
91
27
58
104
37
215
9
62
27
37
91
234
215
97
143
62
58
73
27
37
91
234
215
97
143
62
58
73
215
9
97
91
58
143
27
62
234
37
215
9
97
91
58
143
27
62
234
37
73
58
27
143
104
91
37
215
9
62
73
58
27
143
104
91
37
215
9
62
58
62
73
143
234
27
215
37
104
91
58
62
73
143
234
27
215
37
104
91
9
58
215
143
62
91
27
73
37
104
9
58
215
143
62
91
27
73
37
104
27
1
104
91
58
62
9
37
73
215
27
1
104
91
58
62
9
37
73
215
73
99
37
62
27
97
9
215
58
91
73
99
37
62
27
97
9
215
58
91
97
37
91
27
58
9
234
215
143
104
97
37
91
27
58
9
234
215
143
104
104
37
62
27
143
215
9
234
58
91
104
37
62
27
143
215
9
234
58
91
62
104
215
234
27
58
37
91
143
73
62
104
215
234
27
58
37
91
143
73
27
58
62
91
215
104
9
73
234
37
27
58
62
91
215
104
9
73
234
37
215
104
58
37
9
6
62
91
143
27
215
104
58
37
9
6
62
91
143
27
62
58
1
97
37
91
27
215
234
143
62
58
1
97
37
91
27
215
234
143
9
58
104
37
91
73
62
27
97
215
9
58
104
37
91
73
62
27
97
215
62
143
215
234
73
9
37
27
58
91
62
143
215
234
73
9
37
27
58
91
104
1
27
58
143
91
97
234
37
215
104
1
27
58
143
91
97
234
37
215
143
97
234
37
58
104
215
27
73
91
143
97
234
37
58
104
215
27
73
91
58
37
1
9
27
215
62
234
91
97
58
37
1
9
27
215
62
234
91
97
9
27
37
143
215
62
6
58
104
91
9
27
37
143
215
62
6
58
104
91
