128
7
44
9
66
60
53
122
62
106
7
65
9
53
106
66
122
30
60
128
30
128
62
7
122
66
53
92
106
60
7
106
44
9
53
128
122
30
82
60
7
122
60
44
65
106
30
128
92
82
60
106
65
44
122
92
9
7
30
128
53
60
122
128
82
92
30
7
44
106
92
7
30
53
62
122
106
9
60
18
122
128
53
60
9
106
7
30
92
18
66
60
30
128
92
9
65
7
53
106
7
66
30
92
60
122
44
128
106
53
62
106
53
7
60
9
92
18
30
122
44
65
60
92
30
122
82
106
9
7
60
7
122
62
65
106
53
82
44
30
128
62
60
65
30
122
7
53
66
106
53
9
65
122
60
62
44
66
30
7
128
66
60
53
65
106
122
7
92
44
44
53
82
106
60
122
128
30
7
66
7
18
9
53
62
60
122
82
66
128
44
9
62
122
66
30
65
7
128
53
92
66
106
18
122
82
60
7
128
65
66
30
53
82
9
122
7
44
92
128
18
62
9
44
53
122
92
106
60
30
53
66
82
30
62
44
106
60
128
9
60
30
44
53
82
122
62
65
18
128
18
62
9
44
53
122
92
106
60
30
44
53
82
106
60
122
128
30
7
66
66
60
30
128
92
9
65
7
53
106
128
66
60
53
65
106
122
7
92
44
60
106
65
44
122
92
9
7
30
128
92
66
106
18
122
82
60
7
128
65
44
9
62
122
66
30
65
7
128
53
66
30
53
82
9
122
7
44
92
128
122
128
53
60
9
106
7
30
92
18
53
60
122
128
82
92
30
7
44
106
7
106
44
9
53
128
122
30
82
60
44
65
60
92
30
122
82
106
9
7
53
9
65
122
60
62
44
66
30
7
7
18
9
53
62
60
122
82
66
128
62
106
53
7
60
9
92
18
30
122
92
7
30
53
62
122
106
9
60
18
53
66
82
30
62
44
106
60
128
9
60
7
122
62
65
106
53
82
44
30
7
122
60
44
65
106
30
128
92
82
7
65
9
53
106
66
122
30
60
128
128
7
44
9
66
60
53
122
62
106
60
30
44
53
82
122
62
65
18
128
30
128
62
7
122
66
53
92
106
60
7
66
30
92
60
122
44
128
106
53
128
62
60
65
30
122
7
53
66
106
