53
68
48
63
170
65
47
71
60
22
170
68
48
22
65
5
53
47
60
71
60
47
5
48
68
22
170
53
65
71
47
68
53
170
5
48
71
60
22
65
48
170
47
60
22
151
53
68
71
65
53
68
71
48
65
22
170
60
5
47
60
5
48
68
22
47
71
170
53
65
60
5
68
22
71
65
48
47
170
53
65
53
60
47
170
63
71
68
22
48
48
71
22
68
47
65
53
60
151
170
5
170
68
53
60
48
22
47
71
65
65
48
22
47
5
68
60
53
170
71
48
60
22
71
68
47
170
151
53
65
53
22
47
48
60
71
170
65
68
5
48
47
60
170
71
5
65
68
53
22
60
65
68
53
22
48
170
47
71
5
5
60
65
22
53
68
48
71
47
170
60
47
5
53
68
65
48
170
71
22
53
65
22
68
5
71
47
48
60
170
65
68
151
60
48
47
71
22
170
53
65
60
22
151
48
47
53
68
170
5
60
47
71
53
170
48
5
65
68
22
60
48
65
47
170
68
71
151
22
53
22
65
53
68
170
71
5
60
47
48
71
65
170
22
60
47
151
68
53
48
60
65
68
53
22
48
170
47
71
5
53
68
71
48
65
22
170
60
5
47
65
60
22
151
48
47
53
68
170
5
5
170
68
53
60
48
22
47
71
65
53
65
22
68
5
71
47
48
60
170
170
68
48
22
65
5
53
47
60
71
48
170
47
60
22
151
53
68
71
65
60
47
5
53
68
65
48
170
71
22
5
60
65
22
53
68
48
71
47
170
65
48
22
47
5
68
60
53
170
71
60
5
68
22
71
65
48
47
170
53
65
53
60
47
170
63
71
68
22
48
60
47
71
53
170
48
5
65
68
22
53
22
47
48
60
71
170
65
68
5
48
47
60
170
71
5
65
68
53
22
60
5
48
68
22
47
71
170
53
65
48
60
22
71
68
47
170
151
53
65
53
68
48
63
170
65
47
71
60
22
65
68
151
60
48
47
71
22
170
53
22
65
53
68
170
71
5
60
47
48
60
48
65
47
170
68
71
151
22
53
71
65
170
22
60
47
151
68
53
48
47
68
53
170
5
48
71
60
22
65
48
71
22
68
47
65
53
60
151
170
60
47
5
48
68
22
170
53
65
71
