9
6
15
35
11
35
11
9
6
15
23
3
35
15
11
35
15
9
6
11
6
9
11
15
35
11
6
35
15
9
15
9
35
11
6
11
23
35
9
32
32
15
9
11
35
35
6
11
15
33
15
32
9
11
23
9
11
15
35
6
6
15
35
9
11
11
6
35
9
15
11
9
32
23
35
9
35
15
6
11
35
15
9
6
11
15
9
35
6
11
15
11
6
35
9
6
23
11
9
15
11
23
3
35
15
11
35
6
15
9
15
6
9
35
11
15
9
11
6
35
35
9
15
11
6
35
15
9
6
11
11
6
35
15
9
11
9
32
23
35
9
35
15
6
11
6
15
35
9
11
9
11
15
35
6
9
6
15
35
11
11
23
3
35
15
6
9
11
15
35
11
6
35
9
15
15
6
9
35
11
6
23
11
9
15
15
11
6
35
9
35
9
15
11
6
35
6
11
15
33
23
3
35
15
11
32
15
9
11
35
11
23
35
9
32
15
9
35
6
11
15
9
11
6
35
35
15
9
6
11
15
32
9
11
23
35
11
9
6
15
15
9
35
11
6
11
35
6
15
9
