2
4
35
1
8
1
4
35
8
36
35
8
0
4
1
8
1
36
4
35
35
1
0
4
8
0
1
35
8
36
1
2
4
35
8
35
1
8
4
2
36
35
4
1
8
35
8
1
0
4
35
4
1
2
8
35
8
4
1
36
4
35
8
36
1
4
35
1
36
8
1
36
35
4
8
1
35
8
36
4
1
4
35
8
36
35
8
36
1
4
36
1
4
35
8
8
2
0
1
35
2
8
4
35
1
2
8
35
4
1
0
8
4
1
35
8
4
35
2
1
8
4
35
36
1
1
36
35
4
8
36
35
4
1
8
0
8
4
1
35
1
2
4
35
8
2
8
4
35
1
1
4
35
8
36
1
35
8
36
4
35
8
0
4
1
8
4
35
36
1
2
8
35
4
1
36
1
4
35
8
35
1
0
4
8
35
1
8
4
2
8
2
0
1
35
1
4
35
8
36
8
1
36
4
35
35
4
1
2
8
4
35
8
36
1
35
8
1
0
4
0
1
35
8
36
4
35
1
36
8
35
8
36
1
4
2
4
35
1
8
35
8
4
1
36
8
4
35
2
1
