3
1
12
2
23
22
1
3
23
32
18
32
2
1
23
1
23
6
3
31
31
3
22
18
1
32
1
31
18
2
3
32
23
18
1
32
2
1
3
23
31
12
22
3
23
31
1
3
49
2
18
1
2
31
3
12
23
31
2
3
12
3
23
1
31
32
3
2
1
50
2
12
31
3
23
3
18
2
1
22
18
1
32
31
23
22
2
31
23
12
2
3
23
31
1
32
3
1
6
23
1
6
31
22
3
22
6
1
3
18
12
32
22
31
2
6
23
22
1
31
23
18
22
1
3
18
1
2
31
3
6
23
22
1
31
12
3
23
1
31
3
1
12
2
23
18
32
2
1
23
23
18
22
1
3
18
1
32
31
23
2
12
31
3
23
3
32
23
18
1
22
2
31
23
12
31
12
22
3
23
32
2
1
3
23
1
6
31
22
3
22
6
1
3
18
32
3
2
1
50
12
23
31
2
3
2
3
23
31
1
31
1
3
49
2
32
3
1
6
23
1
23
6
3
31
12
32
22
31
2
32
1
31
18
2
31
3
22
18
1
22
1
3
23
32
3
18
2
1
22
