84
50
57
128
116
111
16
46
82
79
84
50
57
128
116
111
16
46
82
79
84
50
57
128
116
111
16
46
82
79
84
50
57
128
116
111
16
46
82
79
84
50
57
128
116
111
16
46
82
79
84
50
57
128
116
111
16
46
82
79
84
50
57
128
116
111
16
46
82
79
84
50
57
128
116
111
16
46
82
79
84
50
57
128
116
111
16
46
82
79
84
50
57
128
116
111
16
46
82
79
84
50
57
128
116
111
16
46
82
79
84
50
57
128
116
111
16
46
82
79
84
50
57
128
116
111
16
46
82
79
84
50
57
128
116
111
16
46
82
79
84
50
57
128
116
111
16
46
82
79
84
50
57
128
116
111
16
46
82
79
84
50
57
128
116
111
16
46
82
79
84
50
57
128
116
111
16
46
82
79
84
50
57
128
116
111
16
46
82
79
84
50
57
128
116
111
16
46
82
79
84
50
57
128
116
111
16
46
82
79
84
50
57
128
116
111
16
46
82
79
84
50
57
128
116
111
16
46
82
79
84
50
57
128
116
111
16
46
82
79
84
50
57
128
116
111
16
46
82
79
84
50
57
128
116
111
16
46
82
79
84
50
57
128
116
111
16
46
82
79
84
50
57
128
116
111
16
46
82
79
84
50
57
128
116
111
16
46
82
79
84
50
57
128
116
111
16
46
82
79
84
50
57
128
116
111
16
46
82
79
84
50
57
128
116
111
16
46
82
79
84
50
57
128
116
111
16
46
82
79
84
50
57
128
116
111
16
46
82
79
84
50
57
128
116
111
16
46
82
79
84
50
57
128
116
111
16
46
82
79
84
50
57
128
116
111
16
46
82
79
84
50
57
128
116
111
16
46
82
79
84
50
57
128
116
111
16
46
82
79
84
50
57
128
116
111
16
46
82
79
84
50
57
128
116
111
16
46
82
79
84
50
57
128
116
111
16
46
82
79
84
50
57
128
116
111
16
46
82
79
84
50
57
128
116
111
16
46
82
79
84
50
57
128
116
111
16
46
82
79
84
50
57
128
116
111
16
46
82
79
84
50
57
128
116
111
16
46
82
79
84
50
57
128
116
111
16
46
82
79
84
50
57
128
116
111
16
46
82
79
84
50
57
128
116
111
16
46
82
79
