8
178
135
14
13
4
7
1
198
61
12
35
10
178
84
14
61
8
1
135
7
10
198
4
8
14
1
178
62
35
61
62
14
4
1
8
35
84
10
135
12
198
8
62
178
35
7
135
1
4
14
10
7
1
12
178
62
198
4
35
35
14
135
198
61
10
62
1
84
178
1
62
61
13
8
4
178
198
7
135
178
12
1
84
7
135
8
198
4
61
12
198
13
178
14
7
4
10
35
1
7
10
13
62
135
8
12
35
61
198
4
10
35
135
84
7
61
198
14
62
13
14
84
198
178
61
1
135
8
35
35
61
135
198
4
12
178
10
1
84
7
61
135
178
35
8
1
84
14
13
35
135
62
7
1
10
178
12
13
198
4
10
61
62
14
84
178
135
8
7
35
14
1
61
84
7
8
135
178
4
61
13
135
62
14
7
198
12
4
1
13
4
178
35
10
8
61
62
12
135
61
84
8
12
13
62
178
198
10
35
12
198
84
14
7
8
35
62
178
61
13
135
1
178
84
12
14
4
61
198
10
13
35
12
198
61
84
1
178
4
4
1
7
13
198
84
135
178
10
61
13
135
1
178
84
12
14
4
61
198
12
198
8
62
178
35
7
135
1
4
10
13
35
12
198
61
84
1
178
4
12
198
13
178
14
7
4
10
35
1
35
135
62
7
1
10
178
12
13
198
12
35
10
178
84
14
61
8
1
135
61
13
135
62
14
7
198
12
4
1
7
61
135
178
35
8
1
84
14
13
35
61
135
198
4
12
178
10
1
84
1
62
61
13
8
4
178
198
7
135
12
198
84
14
7
8
35
62
178
61
14
10
7
1
12
178
62
198
4
35
4
10
61
62
14
84
178
135
8
7
13
14
84
198
178
61
1
135
8
35
35
14
135
198
61
10
62
1
84
178
8
178
135
14
13
4
7
1
198
61
61
84
8
12
13
62
178
198
10
35
7
10
13
62
135
8
12
35
61
198
178
12
1
84
7
135
8
198
4
61
4
1
7
13
198
84
135
178
10
61
7
10
198
4
8
14
1
178
62
35
4
10
35
135
84
7
61
198
14
62
61
62
14
4
1
8
35
84
10
135
35
14
1
61
84
7
8
135
178
4
13
4
178
35
10
8
61
62
12
135
