18
121
75
137
134
19
186
302
144
62
50
1
128
229
349
34
177
100
228
222
8
121
315
137
168
264
115
180
224
41
17
1
111
96
289
83
270
177
265
179
1
17
32
258
225
120
136
177
93
78
58
18
107
382
137
179
154
96
15
75
18
121
81
343
178
170
144
130
106
270
121
58
167
218
107
183
143
134
46
229
50
1
117
86
178
254
128
296
324
259
58
121
78
349
338
122
59
87
90
297
58
8
186
229
287
246
51
63
312
197
1
121
47
229
23
130
224
258
165
212
17
18
416
187
255
164
174
261
218
140
58
18
219
149
42
230
189
288
130
340
58
121
318
236
232
312
178
23
230
150
50
1
145
133
109
424
259
105
110
178
58
18
270
75
134
135
180
131
182
59
17
8
197
167
310
140
159
314
164
118
58
1
3
90
169
110
243
228
55
262
17
50
115
263
132
373
61
225
86
314
50
1
246
144
172
260
261
253
21
63
17
58
296
330
225
105
168
167
224
228
17
121
240
110
3
297
213
261
260
75
18
1
198
246
63
150
234
32
125
357
121
17
117
252
224
196
133
6
94
179
121
58
165
82
9
61
297
164
105
135
121
18
170
147
53
43
310
355
112
49
58
17
299
51
118
140
247
137
215
61
18
17
145
284
223
55
122
134
154
273
18
1
243
144
116
114
155
342
172
125
50
121
297
127
115
463
170
174
222
78
50
17
132
129
115
131
261
141
270
114
121
17
75
91
62
135
117
305
51
239
121
8
67
324
135
176
171
10
232
255
1
8
57
259
6
3
367
203
275
44
50
17
135
104
144
195
23
344
260
227
58
121
154
204
13
82
220
312
257
261
17
50
312
128
287
110
131
196
416
32
1
121
215
344
133
341
198
82
136
20
50
1
111
133
78
163
115
235
23
218
58
18
82
242
179
180
137
116
95
178
121
58
205
286
224
32
87
306
349
476
58
8
105
127
65
206
338
241
298
259
8
58
255
168
170
171
130
241
82
150
50
17
112
172
248
436
59
132
182
312
18
1
192
128
300
168
70
320
370
222
8
58
86
202
65
49
260
229
136
313
50
18
229
179
171
118
187
9
310
183
8
121
61
10
218
122
233
112
78
172
1
58
431
414
86
269
78
306
391
96
