65
126
196
174
203
212
156
222
147
194
31
5
84
120
212
66
35
116
16
56
240
23
226
319
260
356
40
106
29
145
204
19
86
102
292
40
78
68
75
20
28
26
103
295
97
310
293
230
110
356
29
240
299
35
63
270
174
156
119
145
216
22
186
66
127
230
192
222
64
18
2
96
23
260
192
84
33
106
25
129
110
261
129
349
121
97
266
108
151
21
173
196
282
134
62
290
113
319
26
356
35
221
230
269
238
267
146
114
319
108
148
190
184
149
127
9
65
240
59
294
222
78
20
132
96
114
9
204
191
134
24
215
103
198
316
56
266
7
84
62
212
192
193
70
191
23
9
61
60
199
109
293
66
198
295
31
267
154
186
193
212
156
71
61
33
191
117
260
67
215
67
120
267
96
319
40
65
68
204
295
205
290
31
269
221
146
213
293
121
6
146
240
115
7
70
105
22
270
260
64
64
14
223
5
16
222
151
156
226
187
5
349
187
356
244
199
218
123
122
316
24
293
189
38
244
127
292
267
196
154
350
68
22
15
356
66
319
240
267
218
173
278
190
114
62
7
216
115
78
129
9
226
32
25
4
96
35
105
54
319
265
295
38
102
18
191
205
196
62
103
60
223
319
115
13
292
293
282
6
57
310
189
240
292
215
226
173
261
115
295
145
203
122
126
269
35
302
27
290
156
295
226
319
240
215
57
31
21
15
261
226
26
293
60
101
97
9
267
189
18
32
5
295
71
278
25
148
213
191
149
6
190
292
226
114
84
134
372
117
115
223
23
104
68
118
216
270
116
146
149
204
68
145
156
266
278
32
215
86
113
148
15
377
191
9
103
270
20
294
102
108
293
265
96
109
372
310
107
68
35
223
184
78
199
186
126
134
218
278
203
147
63
118
198
173
238
108
188
78
278
372
11
58
23
299
40
87
27
116
213
32
113
218
240
147
226
203
238
295
270
260
62
269
196
148
78
87
356
127
240
11
191
114
103
294
198
146
40
117
61
261
270
203
71
293
54
226
126
194
1
115
61
132
356
14
310
32
199
372
293
223
25
198
31
78
145
186
129
56
11
121
203
293
29
267
129
40
240
106
189
146
299
294
188
230
222
27
216
5
78
145
319
212
63
117
184
105
350
108
269
