4
1
9
2
93
11
84
86
42
7
4
1
9
2
93
11
84
86
42
7
7
42
83
84
43
86
11
80
6
93
7
42
83
84
43
86
11
80
6
93
11
4
3
80
83
1
2
7
84
43
11
4
3
80
83
1
2
7
84
43
4
7
42
86
9
83
43
3
84
2
4
7
42
86
9
83
43
3
84
2
42
84
80
2
3
93
7
43
4
1
42
84
80
2
3
93
7
43
4
1
43
83
11
86
9
93
3
7
1
2
43
83
11
86
9
93
3
7
1
2
42
80
9
86
83
1
3
93
43
4
42
80
9
86
83
1
3
93
43
4
42
93
7
2
84
1
86
6
80
83
42
93
7
2
84
1
86
6
80
83
9
83
93
86
2
6
1
43
42
11
9
83
93
86
2
6
1
43
42
11
1
80
93
9
11
86
6
42
4
83
1
80
93
9
11
86
6
42
4
83
3
43
9
93
84
4
42
83
11
6
3
43
9
93
84
4
42
83
11
6
83
7
6
9
4
80
3
1
2
86
83
7
6
9
4
80
3
1
2
86
43
11
2
3
80
7
84
86
9
93
43
11
2
3
80
7
84
86
9
93
11
86
84
43
4
83
6
80
93
42
11
86
84
43
4
83
6
80
93
42
86
3
93
7
9
84
80
2
1
4
86
3
93
7
9
84
80
2
1
4
2
6
9
11
3
86
7
4
84
93
2
6
9
11
3
86
7
4
84
93
80
7
84
6
2
86
83
1
11
9
80
7
84
6
2
86
83
1
11
9
84
80
2
3
83
1
42
43
9
7
84
80
2
3
83
1
42
43
9
7
93
11
83
84
3
80
9
86
43
2
93
11
83
84
3
80
9
86
43
2
86
7
84
93
11
4
42
83
1
9
86
7
84
93
11
4
42
83
1
9
11
86
83
9
3
2
43
84
42
7
11
86
83
9
3
2
43
84
42
7
1
43
93
4
84
2
7
3
11
9
1
43
93
4
84
2
7
3
11
9
80
43
84
11
3
6
42
4
83
86
80
43
84
11
3
6
42
4
83
86
4
83
1
7
84
11
6
93
80
42
4
83
1
7
84
11
6
93
80
42
1
93
80
9
4
2
42
86
43
84
1
93
80
9
4
2
42
86
43
84
