18
82
78
84
103
81
6
20
80
83
54
23
83
18
80
84
82
6
103
78
81
54
84
78
83
80
103
18
23
6
20
84
78
23
6
54
81
83
103
82
82
103
81
84
20
83
18
6
80
23
82
83
23
18
54
20
103
81
84
80
18
83
80
54
78
6
103
82
23
20
78
54
82
103
6
20
81
80
83
23
20
81
83
84
23
82
18
54
78
103
81
23
20
103
80
84
82
18
54
6
78
103
18
81
80
23
84
83
20
6
84
20
82
81
80
83
103
54
23
18
84
83
6
103
81
78
54
23
18
80
80
23
18
78
20
6
84
103
83
54
81
84
18
82
80
54
6
83
20
23
82
81
20
103
6
54
78
18
23
83
6
82
20
80
78
54
84
18
103
23
84
103
82
6
83
54
80
18
23
78
54
83
81
82
23
20
80
78
18
84
103
80
6
18
54
23
78
81
84
20
80
18
23
6
54
20
84
81
82
103
54
82
78
103
80
20
84
18
81
83
81
23
18
6
20
83
82
78
84
80
18
6
82
54
78
84
81
103
23
20
54
83
20
103
23
18
82
81
78
84
18
6
82
54
78
84
81
103
23
20
18
83
80
54
78
6
103
82
23
20
82
81
20
103
6
54
78
18
23
83
20
84
78
23
6
54
81
83
103
82
54
23
83
18
80
84
82
6
103
78
82
83
23
18
54
20
103
81
84
80
80
23
18
78
20
6
84
103
83
54
6
82
20
80
78
54
84
18
103
23
81
23
20
103
80
84
82
18
54
6
84
20
82
81
80
83
103
54
23
18
103
80
6
18
54
23
78
81
84
20
18
82
78
84
103
81
6
20
80
83
81
23
18
6
20
83
82
78
84
80
81
54
84
78
83
80
103
18
23
6
54
82
78
103
80
20
84
18
81
83
54
83
81
82
23
20
80
78
18
84
78
54
82
103
6
20
81
80
83
23
84
83
6
103
81
78
54
23
18
80
54
83
20
103
23
18
82
81
78
84
78
103
18
81
80
23
84
83
20
6
80
18
23
6
54
20
84
81
82
103
82
103
81
84
20
83
18
6
80
23
20
81
83
84
23
82
18
54
78
103
84
103
82
6
83
54
80
18
23
78
81
84
18
82
80
54
6
83
20
23
