4
267
132
108
294
28
131
263
128
32
108
132
263
294
23
260
267
228
124
22
108
124
32
263
4
128
23
294
28
228
28
132
108
131
22
260
228
4
294
128
263
4
23
228
294
124
22
32
131
132
23
32
128
124
132
267
22
263
4
28
228
23
108
263
32
267
260
124
131
132
263
260
267
108
228
22
32
23
28
294
22
128
267
32
124
23
132
228
4
260
128
228
131
294
22
267
124
4
132
32
132
108
22
228
263
294
4
131
267
260
228
263
267
131
32
4
260
132
23
108
124
22
23
263
32
131
128
228
294
28
128
132
131
263
124
22
260
108
294
267
124
260
131
263
32
23
128
267
132
228
267
22
28
294
228
260
263
23
108
124
108
124
294
32
4
260
22
263
131
267
228
23
132
124
28
108
32
260
4
128
22
131
124
132
263
267
28
294
128
260
228
128
23
124
108
260
28
4
132
294
228
260
267
124
132
263
131
108
23
28
108
32
131
263
22
294
228
124
4
128
32
132
128
124
294
108
228
260
4
131
263
32
28
267
131
132
260
22
23
294
128
108
294
263
228
131
124
132
4
23
4
267
132
108
294
28
131
263
128
32
132
108
22
228
263
294
4
131
267
260
124
260
131
263
32
23
128
267
132
228
108
124
294
32
4
260
22
263
131
267
267
22
28
294
228
260
263
23
108
124
32
132
128
124
294
108
228
260
4
131
22
131
124
132
263
267
28
294
128
260
22
128
267
32
124
23
132
228
4
260
108
32
131
263
22
294
228
124
4
128
128
132
131
263
124
22
260
108
294
267
263
260
267
108
228
22
32
23
28
294
228
23
132
124
28
108
32
260
4
128
228
128
23
124
108
260
28
4
132
294
23
32
128
124
132
267
22
263
4
28
124
22
23
263
32
131
128
228
294
28
28
132
108
131
22
260
228
4
294
128
228
263
267
131
32
4
260
132
23
108
128
108
294
263
228
131
124
132
4
23
228
23
108
263
32
267
260
124
131
132
108
132
263
294
23
260
267
228
124
22
128
228
131
294
22
267
124
4
132
32
228
260
267
124
132
263
131
108
23
28
108
124
32
263
4
128
23
294
28
228
263
4
23
228
294
124
22
32
131
132
263
32
28
267
131
132
260
22
23
294
