71
147
473
575
822
166
765
238
74
343
480
703
140
913
134
144
186
198
587
18
227
1
169
302
28
338
173
606
138
489
6
930
186
140
98
145
551
716
109
3
243
323
101
295
551
303
21
229
489
214
92
606
66
132
477
95
153
3
282
22
327
10
165
188
480
280
243
214
238
3
95
28
138
765
716
145
19
21
733
587
733
299
169
485
6
881
930
739
153
377
28
19
145
165
294
90
173
343
95
21
10
822
141
485
229
489
930
551
913
21
144
95
765
130
74
101
742
294
18
303
299
74
303
243
471
295
480
3
140
294
727
238
16
477
343
54
575
165
21
338
145
295
606
480
294
575
320
140
303
173
555
881
130
227
113
18
551
913
338
471
135
334
471
338
239
188
480
703
10
170
144
551
822
132
186
229
147
765
606
3
141
155
473
239
551
132
22
135
100
171
147
302
170
480
727
2
295
10
323
575
329
716
822
171
165
733
558
573
175
145
302
473
930
173
141
135
28
92
109
575
477
166
343
95
28
238
101
742
239
163
98
733
141
18
338
214
135
3
716
327
282
66
6
558
95
130
140
113
587
90
733
145
280
143
471
173
229
477
480
555
320
141
243
555
930
171
733
573
188
92
765
558
144
881
100
151
101
282
163
800
155
555
1192
143
138
575
742
21
489
485
163
881
473
227
377
250
573
166
243
169
185
141
377
282
703
151
250
575
166
2
881
338
100
138
587
489
54
477
109
101
229
733
198
145
727
143
303
881
716
377
113
243
138
930
214
66
742
558
471
175
71
132
303
229
1
185
135
551
343
913
250
739
130
742
294
141
113
471
153
733
16
303
140
166
473
551
302
323
243
163
186
171
135
294
573
3
54
471
21
343
329
170
188
101
144
822
19
334
1192
165
18
471
141
473
71
169
166
477
132
98
485
184
101
727
327
320
477
214
243
165
299
800
742
155
132
239
282
280
238
166
489
881
163
765
822
145
135
343
10
587
485
186
480
1
175
113
95
74
703
92
147
101
184
170
175
299
100
485
250
54
95
3
323
18
6
74
140
66
165
145
10
480
113
130
1
171
140
227
558
477
280
6
109
229
165
144
239
66
302
587
913
329
343
239
188
143
169
101
184
54
573
555
135
134
132
250
243
28
170
320
6
327
473
132
558
765
74
101
153
54
175
587
3
21
100
92
282
177
147
739
323
92
185
143
95
151
573
19
66
606
22
100
10
587
703
90
138
302
480
175
473
485
551
555
703
1192
173
113
243
295
558
587
175
282
1
214
140
184
320
169
473
485
109
134
153
471
184
302
95
1192
334
477
130
10
280
323
733
703
881
100
739
558
71
477
130
294
198
239
138
185
822
166
135
22
169
551
727
573
145
3
331
169
295
100
703
227
377
3
18
22
16
716
143
130
606
334
739
6
329
303
171
331
169
473
822
166
151
6
765
16
186
329
282
377
74
302
727
188
703
163
250
733
155
141
22
243
282
334
551
19
71
90
198
343
92
558
10
239
302
606
10
109
489
54
95
716
19
22
186
329
733
930
377
147
71
739
173
480
327
21
800
188
716
175
733
10
184
109
173
147
166
280
16
739
294
489
66
3
377
334
109
573
280
229
155
153
558
765
113
881
16
227
132
2
302
100
239
606
329
74
733
188
930
329
338
742
587
155
6
166
175
471
10
716
302
303
800
573
90
144
239
71
188
477
765
173
302
144
587
3
163
113
331
930
327
334
54
573
800
10
135
173
169
765
239
243
92
144
606
109
227
186
18
930
155
294
587
329
343
299
280
739
134
16
587
153
555
471
716
90
343
299
477
145
54
742
185
66
19
169
185
587
243
28
95
343
555
132
930
175
239
299
227
471
138
165
1192
480
74
147
147
881
169
334
327
238
575
703
98
113
151
2
109
250
739
22
101
21
765
480
145
54
134
144
147
100
299
243
575
558
765
238
2
170
302
742
153
930
489
71
166
153
282
480
930
155
913
477
800
145
100
742
66
575
163
147
323
141
765
3
881
165
338
733
250
198
188
145
140
143
480
155
765
227
822
295
473
739
716
485
138
338
243
294
765
134
227
485
141
558
334
477
71
163
280
90
214
573
489
66
173
480
1
716
175
323
198
90
22
238
135
169
185
733
881
334
171
177
140
280
21
185
327
198
141
147
1
113
551
130
303
188
716
295
239
323
165
881
299
573
558
100
227
331
144
239
186
165
151
229
140
214
320
18
135
280
800
295
198
184
10
485
282
1
716
21
113
473
299
177
250
66
198
930
145
100
822
573
143
6
