86
33
77
21
1
107
109
1
86
21
107
77
80
21
25
25
21
80
107
109
109
33
107
21
80
77
1
21
25
33
43
77
86
33
107
86
33
43
80
77
33
80
86
77
1
77
86
33
43
80
86
80
43
1
21
77
80
1
107
21
109
1
86
80
43
1
33
77
107
43
1
109
43
77
107
1
33
80
86
21
80
1
77
21
43
77
1
107
21
86
109
107
21
43
1
109
86
1
25
33
109
107
77
80
25
107
21
25
109
33
25
1
77
33
86
1
77
21
86
107
1
21
43
86
25
77
1
21
25
33
1
77
21
86
107
109
107
21
43
1
109
86
1
25
33
1
109
43
77
107
107
21
25
109
33
107
77
80
21
25
86
80
43
1
21
25
1
77
33
86
33
80
86
77
1
1
33
77
107
43
109
107
77
80
25
86
33
77
21
1
86
33
43
80
77
109
1
86
80
43
77
80
1
107
21
1
21
43
86
25
107
109
1
86
21
77
1
107
21
86
25
21
80
107
109
109
33
107
21
80
77
86
33
43
80
80
1
77
21
43
1
33
80
86
21
43
77
86
33
107
