47
45
11
33
6
46
6
29
12
11
11
98
29
6
12
98
1
6
45
29
29
1
46
11
98
109
6
46
47
11
6
27
12
29
47
12
29
6
98
109
45
29
33
47
27
27
47
45
1
6
6
12
11
45
98
1
11
46
47
45
45
27
109
33
47
109
46
33
29
45
12
98
11
46
29
98
12
29
46
6
11
27
12
109
29
29
46
12
6
1
98
47
1
29
6
27
45
98
47
109
27
98
45
12
46
11
27
33
12
45
29
45
33
6
47
47
1
33
12
11
6
29
1
46
47
98
1
6
45
29
45
27
109
33
47
98
12
29
46
6
98
47
1
29
6
45
29
33
47
27
47
45
11
33
6
29
46
12
6
1
12
98
11
46
29
11
27
33
12
45
12
29
6
98
109
27
45
98
47
109
6
12
11
45
98
1
11
46
47
45
109
46
33
29
45
6
27
12
29
47
6
29
1
46
47
29
1
46
11
98
11
27
12
109
29
46
6
29
12
11
109
6
46
47
11
27
47
45
1
6
11
98
29
6
12
47
1
33
12
11
29
45
33
6
47
27
98
45
12
46
