5
57
107
26
21
15
117
26
81
79
42
24
107
93
23
15
163
128
4
90
19
103
70
79
17
30
4
67
64
33
42
9
1
24
4
19
26
99
7
66
5
94
132
71
54
19
45
40
7
149
15
35
113
96
55
5
21
65
191
93
15
107
103
102
165
5
72
109
78
65
53
23
117
77
67
53
57
21
75
59
5
85
115
2
113
5
9
2
7
33
19
92
21
149
82
42
119
79
67
2
42
160
67
54
173
15
101
14
10
33
5
13
77
81
165
42
149
115
32
162
15
35
6
116
102
53
78
24
114
14
42
97
163
72
149
19
99
27
114
97
5
96
72
81
115
53
96
77
39
84
42
45
91
72
96
15
94
14
54
2
42
55
106
21
56
5
45
47
101
75
53
57
21
96
107
42
97
1
102
32
5
64
2
81
115
5
115
77
23
87
42
165
65
57
162
30
94
106
92
37
42
39
33
82
166
19
119
33
161
22
19
116
10
26
78
19
1
128
7
191
42
164
54
91
117
19
57
162
24
127
19
127
162
141
64
30
63
24
14
21
19
113
107
79
23
19
56
83
116
93
