44
101
45
10
169
120
93
14
110
23
11
112
46
130
13
179
11
20
44
138
159
110
131
73
82
17
122
6
106
93
158
159
55
0
28
6
109
159
45
178
112
129
71
17
121
122
28
30
17
10
67
179
129
46
156
33
55
40
177
170
118
44
13
30
31
120
26
169
170
122
93
88
162
71
110
28
156
12
157
41
17
113
169
56
93
76
44
176
15
148
41
14
82
34
129
26
126
25
55
17
56
176
29
21
7
23
129
28
45
26
162
176
54
28
45
69
156
116
74
158
72
37
122
22
141
177
57
69
106
178
31
118
155
122
9
22
148
140
72
101
122
30
27
44
31
82
111
13
72
106
177
93
82
162
91
16
29
11
161
141
7
176
116
54
76
121
31
26
9
11
154
155
111
110
129
23
13
9
14
84
13
22
11
177
158
176
82
39
91
94
44
22
34
177
62
156
88
84
34
21
20
122
148
162
178
31
91
148
69
16
126
25
192
69
155
72
6
30
109
70
170
138
24
7
15
143
57
112
55
162
31
192
44
101
91
26
189
62
129
57
176
90
130
14
15
22
82
113
159
16
