98
248
146
67
135
247
192
142
39
37
98
248
146
67
135
247
192
142
39
37
98
248
146
67
135
247
192
142
39
37
98
248
146
67
135
247
192
142
39
37
98
248
146
67
135
247
192
142
39
37
98
248
146
67
135
247
192
142
39
37
98
248
146
67
135
247
192
142
39
37
98
248
146
67
135
247
192
142
39
37
98
248
146
67
135
247
192
142
39
37
98
248
146
67
135
247
192
142
39
37
98
248
146
67
135
247
192
142
39
37
98
248
146
67
135
247
192
142
39
37
98
248
146
67
135
247
192
142
39
37
98
248
146
67
135
247
192
142
39
37
98
248
146
67
135
247
192
142
39
37
98
248
146
67
135
247
192
142
39
37
98
248
146
67
135
247
192
142
39
37
98
248
146
67
135
247
192
142
39
37
98
248
146
67
135
247
192
142
39
37
98
248
146
67
135
247
192
142
39
37
98
248
146
67
135
247
192
142
39
37
98
248
146
67
135
247
192
142
39
37
98
248
146
67
135
247
192
142
39
37
98
248
146
67
135
247
192
142
39
37
98
248
146
67
135
247
192
142
39
37
98
248
146
67
135
247
192
142
39
37
98
248
146
67
135
247
192
142
39
37
98
248
146
67
135
247
192
142
39
37
98
248
146
67
135
247
192
142
39
37
98
248
146
67
135
247
192
142
39
37
98
248
146
67
135
247
192
142
39
37
98
248
146
67
135
247
192
142
39
37
98
248
146
67
135
247
192
142
39
37
98
248
146
67
135
247
192
142
39
37
98
248
146
67
135
247
192
142
39
37
98
248
146
67
135
247
192
142
39
37
98
248
146
67
135
247
192
142
39
37
98
248
146
67
135
247
192
142
39
37
98
248
146
67
135
247
192
142
39
37
98
248
146
67
135
247
192
142
39
37
98
248
146
67
135
247
192
142
39
37
98
248
146
67
135
247
192
142
39
37
98
248
146
67
135
247
192
142
39
37
98
248
146
67
135
247
192
142
39
37
98
248
146
67
135
247
192
142
39
37
98
248
146
67
135
247
192
142
39
37
98
248
146
67
135
247
192
142
39
37
98
248
146
67
135
247
192
142
39
37
98
248
146
67
135
247
192
142
39
37
98
248
146
67
135
247
192
142
39
37
