21
148
210
319
360
495
89
103
71
114
112
62
18
286
92
113
89
117
177
125
305
209
221
333
308
92
61
131
91
207
55
182
179
289
373
114
18
207
301
226
479
117
238
82
166
357
265
224
115
205
495
209
221
223
301
55
117
89
176
207
222
2
330
182
92
241
67
171
125
221
206
131
255
52
91
184
322
327
224
1
60
52
92
67
87
200
207
472
71
201
213
286
65
383
223
472
44
301
142
120
232
229
166
31
290
210
111
62
396
289
118
17
373
253
232
241
122
166
223
43
390
125
258
18
225
210
203
209
177
222
357
62
182
82
305
301
472
255
71
168
385
592
373
207
89
205
316
114
289
44
197
112
18
202
211
169
224
60
477
358
188
209
64
125
268
114
67
233
2
166
234
5
127
168
390
468
55
172
221
319
221
322
330
91
122
204
224
111
89
318
18
316
126
22
121
211
4
56
179
12
213
360
71
203
479
89
170
55
475
168
319
165
223
204
200
272
9
125
255
26
55
65
203
199
209
121
60
210
253
202
61
289
64
235
254
417
200
221
118
18
327
177
166
268
495
111
301
142
113
217
179
184
124
290
114
55
166
125
225
357
177
4
114
65
116
479
330
17
201
265
170
26
232
117
308
92
327
226
374
290
206
207
197
103
82
205
202
71
204
18
477
113
302
168
177
241
359
232
9
233
115
111
82
209
238
221
385
357
171
477
171
268
308
390
330
22
210
209
317
130
91
60
201
67
121
311
542
286
207
89
383
1
272
184
124
199
180
333
31
89
169
302
168
55
4
22
114
524
64
286
71
169
359
171
205
333
4
258
31
221
210
70
359
114
56
221
65
205
42
268
318
44
177
227
166
170
327
241
60
67
360
209
225
417
118
114
109
176
203
124
213
207
42
56
197
113
360
172
199
182
38
468
176
18
203
224
357
142
305
125
232
317
333
327
221
305
4
7
302
209
308
286
113
198
224
227
414
12
9
4
358
117
179
71
31
6
210
115
64
495
475
327
311
118
225
227
373
322
172
477
327
2
475
234
60
122
202
167
209
207
87
268
65
180
176
390
56
117
206
82
305
18
221
223
254
205
357
241
87
225
291
253
182
475
233
124
12
111
52
360
127
180
55
318
224
26
197
167
92
308
