32
310
18
286
88
86
419
12
242
231
166
17
191
451
38
223
21
226
708
231
478
235
13
165
281
307
31
18
118
138
422
49
200
236
231
90
36
21
76
58
31
424
219
26
237
166
421
708
247
449
316
240
32
84
88
30
708
424
165
31
272
343
166
224
200
247
458
31
478
234
247
451
86
17
240
422
478
272
458
166
16
254
229
421
110
244
88
119
120
280
281
58
26
18
178
708
28
38
244
307
210
422
119
110
247
478
274
342
28
16
451
28
470
84
65
36
164
138
18
166
166
135
36
219
65
79
120
307
21
24
47
449
22
286
79
26
307
426
236
164
305
307
422
19
232
26
191
48
164
254
110
24
27
348
343
426
32
231
133
23
90
38
178
26
307
164
17
58
118
449
232
424
138
200
26
458
244
277
36
88
118
220
18
21
19
237
58
343
24
274
38
232
470
79
451
281
91
13
130
577
708
280
478
165
235
286
200
47
90
210
307
708
110
277
65
577
236
30
220
281
236
119
274
247
424
164
316
273
237
65
166
236
58
26
424
32
157
451
110
27
24
36
79
130
200
310
316
138
76
157
164
235
95
274
165
286
26
456
166
237
237
38
164
221
19
244
78
231
27
449
377
273
231
470
80
224
24
84
12
305
458
222
247
49
138
95
274
76
235
456
273
277
138
30
237
19
118
88
165
48
343
24
28
456
58
577
316
426
120
286
242
83
19
274
305
38
342
231
343
32
38
273
118
18
84
88
234
83
27
17
19
110
377
48
458
247
280
191
422
89
456
478
286
133
164
27
17
458
89
18
19
244
280
164
65
79
30
424
453
310
200
210
95
157
234
223
65
221
220
286
277
247
286
234
95
24
31
13
274
377
120
118
310
221
244
18
273
470
220
91
310
277
232
48
451
166
13
458
286
19
316
36
164
21
424
277
26
478
242
310
28
118
90
13
26
577
274
342
708
119
247
377
456
451
281
254
133
120
286
48
164
210
470
577
226
254
31
453
28
424
449
577
200
47
65
342
343
225
165
32
88
23
27
247
79
18
24
30
272
76
84
38
708
23
165
16
232
348
458
235
23
244
118
78
281
65
130
316
88
80
421
110
23
133
235
244
708
31
219
88
419
48
478
456
157
222
90
272
13
226
