301
53
878
436
795
797
57
305
493
781
53
301
558
359
564
391
451
4
109
388
8
19
22
94
171
77
68
681
112
75
301
14
424
11
508
707
663
755
68
540
116
55
684
770
617
300
705
368
118
72
14
53
172
538
593
12
789
586
360
588
55
19
197
461
103
598
368
389
22
41
8
55
387
298
659
1
539
635
22
509
116
14
261
187
431
106
125
81
716
567
55
116
249
268
62
187
113
49
373
451
55
14
109
416
39
156
51
519
188
60
116
19
752
539
76
411
436
110
93
79
53
116
668
626
201
533
132
730
159
396
301
8
31
277
373
528
406
466
130
662
301
19
610
60
672
58
389
164
185
138
301
19
71
11
707
378
269
151
417
437
55
8
417
710
278
516
445
234
81
426
53
8
770
30
227
603
201
231
451
49
19
301
660
661
188
792
17
282
27
596
116
19
162
411
490
729
533
70
180
224
19
301
682
148
420
109
509
138
304
99
53
55
890
29
774
142
305
132
733
217
14
116
70
228
609
665
269
305
91
68
53
301
416
521
316
234
403
30
130
742
14
116
557
287
358
34
83
94
142
153
55
14
625
511
216
145
862
612
609
397
53
14
70
90
257
183
368
125
537
384
53
301
757
730
618
287
517
774
624
183
301
53
538
759
332
282
624
474
596
23
53
116
17
270
91
22
346
253
142
187
116
55
669
481
787
658
829
286
403
191
14
8
657
352
37
648
165
521
58
609
53
19
34
519
471
454
595
191
204
148
55
301
221
489
12
242
17
34
730
261
19
8
86
282
547
352
617
285
596
98
14
116
154
439
305
415
31
82
888
436
8
301
413
249
361
65
362
316
152
616
55
116
662
419
663
150
24
243
418
511
116
55
31
118
10
863
666
390
29
847
53
116
246
208
56
268
29
153
560
370
14
301
302
107
109
669
268
586
484
557
53
19
385
710
151
69
145
51
65
534
8
53
168
530
625
69
508
92
507
783
116
53
508
609
125
867
280
790
59
611
8
55
77
615
215
56
145
203
420
337
55
53
779
144
467
564
842
5
381
65
301
19
277
354
168
51
370
558
660
11
301
8
454
480
106
91
57
329
148
603
53
55
218
668
774
605
701
466
67
100
53
55
834
110
530
654
273
249
169
612
