304
242
392
156
32
157
182
78
320
454
293
140
190
137
126
245
22
243
304
61
493
161
284
232
120
501
189
126
494
492
2
138
238
158
295
459
67
179
269
182
190
459
58
348
189
125
295
405
156
238
384
37
67
557
314
295
48
187
348
243
167
409
61
313
121
381
170
396
195
238
493
21
189
58
269
454
126
211
129
138
369
137
251
75
37
295
177
308
157
161
243
156
183
238
239
142
269
195
130
405
251
424
46
494
238
22
129
320
158
140
179
438
187
314
138
406
161
409
392
130
557
41
396
187
349
138
177
493
158
170
283
492
3
160
195
349
129
46
348
34
46
41
156
160
123
251
137
392
37
409
234
245
238
160
185
75
137
283
454
349
48
389
238
348
284
181
187
459
3
57
181
308
75
126
32
293
177
492
190
240
494
459
128
120
2
58
348
283
409
74
492
122
77
308
67
349
78
158
170
239
251
557
48
390
492
121
179
348
239
284
242
140
67
438
182
492
77
129
557
120
369
231
238
123
158
183
181
57
293
170
77
392
396
125
78
424
234
405
185
133
243
409
242
231
58
78
348
133
396
195
170
392
183
75
320
304
314
393
409
187
185
126
283
240
295
349
177
405
142
284
137
120
195
138
183
157
22
182
185
190
177
269
245
74
493
133
284
308
494
22
133
1
424
156
392
37
178
158
125
177
187
492
58
454
403
308
178
161
409
182
392
240
459
137
121
183
557
178
384
2
293
245
137
239
381
295
304
41
121
389
406
39
392
170
295
242
185
195
349
75
67
492
3
156
133
251
167
58
349
406
128
438
80
501
242
294
178
393
238
232
129
320
384
189
37
140
493
295
459
179
238
130
424
74
80
57
240
177
406
231
295
34
294
182
349
133
195
243
381
396
396
177
403
349
182
245
61
74
75
234
232
189
48
424
269
1
284
304
207
405
138
161
493
384
231
284
167
392
182
381
123
557
74
348
48
283
190
37
80
120
195
122
242
392
403
396
245
133
406
240
80
284
187
34
181
295
390
78
183
156
234
32
22
21
46
61
369
251
39
190
389
178
189
142
2
125
32
381
493
161
403
348
424
125
170
393
454
126
137
304
22
195
46
494
126
178
39
133
160
34
493
459
160
389
181
396
243
57
129
126
