78
585
240
74
56
273
1138
370
265
443
308
444
443
343
471
286
3161
520
516
481
3237
1672
444
83
370
134
72
195
4063
499
443
109
444
416
136
694
72
1031
802
823
83
232
308
443
186
95
274
1138
1478
215
530
473
452
516
1077
240
458
802
88
804
83
213
400
499
939
286
292
250
308
416
416
1139
116
75
1028
823
915
3161
76
1031
539
273
74
939
140
274
526
308
1061
566
1076
353
639
241
539
520
300
240
1077
292
378
1138
175
804
478
213
1935
520
1233
106
1824
72
423
400
83
286
516
1478
458
194
423
140
581
652
195
588
273
539
585
478
343
300
213
581
232
403
116
530
925
473
3161
487
274
694
343
925
802
109
83
186
444
530
274
471
127
2323
452
676
520
292
300
639
530
581
585
72
473
4063
188
423
56
274
136
893
3237
1028
471
1031
89
4063
76
186
585
1233
566
676
443
1077
804
851
490
915
95
452
448
528
188
1935
78
478
416
915
134
444
676
83
1031
400
1899
370
528
3237
89
851
286
588
1139
75
526
78
1031
1077
915
3161
89
353
458
528
473
140
3237
300
1138
443
487
499
232
520
1821
134
452
93
343
539
471
448
109
1672
155
694
78
134
292
1899
241
274
539
106
1028
1824
241
76
292
300
265
487
1935
473
188
416
539
83
851
273
444
471
250
1077
458
802
75
1138
1061
136
265
652
89
1672
186
213
1077
473
403
265
78
155
526
1139
3161
109
241
639
1061
2323
851
3161
478
526
481
443
1061
1138
343
448
566
175
588
581
639
823
250
109
76
175
300
1061
353
823
452
1028
588
186
478
3161
343
188
487
88
804
194
939
925
452
1478
232
915
585
471
343
89
188
458
1076
286
694
72
403
2323
448
353
93
343
78
353
1139
823
72
109
1076
499
88
378
308
530
520
1899
127
56
481
300
116
1076
3237
1139
1031
566
93
802
452
72
581
134
1138
1061
250
88
109
370
490
378
370
3237
1139
213
2323
76
188
802
89
490
116
694
1899
1935
1478
1077
1821
89
499
1076
140
78
232
3237
802
700
939
448
186
1478
2323
1139
585
487
213
194
588
1031
75
915
490
915
378
520
1233
74
694
802
471
195
140
286
194
89
452
250
676
378
652
195
273
443
300
195
136
694
76
403
3161
526
140
1061
308
78
581
448
300
1076
694
851
116
516
273
471
530
106
526
286
423
240
566
403
676
213
400
1672
186
1478
88
581
