261
82
187
80
330
150
218
264
131
137
261
82
187
80
330
150
218
264
131
137
330
218
263
167
82
80
261
128
137
354
330
218
263
167
82
80
261
128
137
354
167
128
38
80
137
354
261
82
131
330
167
128
38
80
137
354
261
82
131
330
354
187
131
38
137
330
167
150
261
264
354
187
131
38
137
330
167
150
261
264
80
82
187
131
137
150
218
38
354
128
80
82
187
131
137
150
218
38
354
128
354
218
150
128
80
264
82
330
167
263
354
218
150
128
80
264
82
330
167
263
131
167
187
80
264
82
137
218
354
261
131
167
187
80
264
82
137
218
354
261
150
263
167
354
187
128
131
261
330
218
150
263
167
354
187
128
131
261
330
218
131
354
167
82
330
218
80
137
261
150
131
354
167
82
330
218
80
137
261
150
167
131
264
150
187
218
137
263
330
80
167
131
264
150
187
218
137
263
330
80
264
330
263
261
38
80
354
131
137
218
264
330
263
261
38
80
354
131
137
218
187
150
131
263
330
82
167
261
137
264
187
150
131
263
330
82
167
261
137
264
354
128
187
263
330
82
150
167
80
137
354
128
187
263
330
82
150
167
80
137
137
187
38
131
354
330
261
263
128
80
137
187
38
131
354
330
261
263
128
80
137
330
261
128
82
218
264
263
150
167
137
330
261
128
82
218
264
263
150
167
187
261
128
80
82
263
131
264
354
137
187
261
128
80
82
263
131
264
354
137
38
131
264
82
187
128
218
167
263
330
38
131
264
82
187
128
218
167
263
330
354
261
263
187
80
264
131
137
150
38
354
261
263
187
80
264
131
137
150
38
261
187
167
38
82
218
354
80
330
264
261
187
167
38
82
218
354
80
330
264
38
354
264
167
80
82
263
131
187
218
38
354
264
167
80
82
263
131
187
218
330
264
137
82
128
80
167
150
261
354
330
264
137
82
128
80
167
150
261
354
137
80
38
261
128
167
218
354
82
187
137
80
38
261
128
167
218
354
82
187
167
261
263
330
150
264
137
82
38
80
167
261
263
330
150
264
137
82
38
80
187
264
128
82
218
38
330
137
167
80
187
264
128
82
218
38
330
137
167
80
354
137
167
263
187
131
128
82
330
38
354
137
167
263
187
131
128
82
330
38
