16
15
102
21
599
289
714
306
780
1379
200
20
639
100
897
911
798
873
294
716
106
129
16
15
787
923
315
577
1429
318
1213
138
176
887
991
1627
292
665
1329
795
16
17
15
129
668
130
271
837
294
314
969
629
383
891
608
158
544
400
50
727
160
106
15
17
56
646
777
768
108
883
871
1196
255
51
314
1045
849
44
99
381
103
129
106
21
733
472
1256
1538
827
279
448
420
290
679
1614
1074
549
1
609
287
129
15
17
106
256
841
593
295
434
221
949
97
596
215
314
474
444
738
775
883
21
160
129
103
283
1215
291
823
222
83
665
1522
391
992
674
167
625
728
583
606
160
21
16
129
435
1621
430
607
195
59
138
208
776
85
525
169
142
679
153
780
129
21
15
16
464
888
1050
1365
51
47
333
677
684
838
387
13
1608
278
281
1441
103
15
160
16
589
950
1032
840
72
1495
476
1891
831
291
444
620
464
142
837
912
102
21
15
129
835
403
492
1195
1535
1032
247
918
855
760
631
713
588
48
319
312
16
103
17
21
687
1319
291
397
682
728
408
284
1902
827
130
676
618
701
286
597
102
129
103
21
1168
618
314
410
1300
318
27
904
311
56
755
460
1065
38
776
988
102
15
160
21
580
396
856
1300
1091
588
408
122
155
743
765
671
615
956
930
672
106
129
102
160
1435
83
168
588
105
545
1181
642
886
835
1487
387
1384
1814
169
770
102
160
15
103
107
841
679
1690
390
1314
712
968
384
380
1376
111
1111
1112
278
655
106
21
102
129
255
58
170
660
169
293
472
59
848
227
133
723
390
306
635
658
17
103
16
102
218
732
883
917
1501
420
332
1414
36
1271
849
1588
970
830
262
582
103
16
102
17
1049
241
925
689
469
334
1284
221
556
597
906
333
1262
818
1195
611
16
102
106
129
833
282
834
202
682
802
396
1
600
152
803
885
770
337
199
205
103
102
106
17
215
1425
279
1258
450
1116
426
636
690
926
667
769
14
78
778
909
16
102
160
15
234
172
1146
42
1229
886
208
621
188
36
248
862
866
203
715
810
102
15
17
16
422
812
1781
739
1292
1059
72
433
308
435
1215
1271
143
159
186
1030
15
106
21
16
82
122
1660
1314
107
1322
861
198
794
679
170
366
412
719
827
410
103
16
129
15
770
471
742
618
179
776
107
554
680
1345
1298
60
831
312
1157
341
102
103
160
17
882
1255
861
615
431
936
214
627
1209
42
714
1177
718
37
83
381
17
102
160
129
1627
629
218
217
676
20
1898
51
1554
1339
587
929
588
183
198
689
17
103
160
102
64
1863
1242
381
1060
851
1113
354
52
843
714
390
987
134
769
700
15
160
17
21
37
1081
624
306
234
47
1092
139
435
31
709
1494
580
329
687
845
103
15
129
16
1007
632
595
893
167
838
647
208
857
865
618
823
615
50
777
29
102
129
17
106
150
1050
281
338
213
769
903
1723
292
135
817
508
138
174
11
885
129
21
106
103
200
105
984
314
210
776
11
497
987
788
223
582
827
1722
599
748
160
102
16
106
159
302
580
162
271
303
897
895
806
654
511
842
925
382
29
503
17
15
106
103
1195
289
135
1156
795
860
545
314
755
601
1
1537
203
28
830
738
15
16
103
102
292
1681
168
772
446
818
876
856
777
174
316
1600
381
107
1137
280
15
129
102
106
248
314
913
951
154
105
541
869
697
1045
1376
37
348
425
403
155
129
16
106
160
151
766
601
177
793
1859
614
718
22
884
688
300
382
1432
54
317
160
102
21
129
841
682
157
914
609
805
87
36
367
723
153
66
611
1614
1654
29
103
17
129
160
548
1111
544
1157
822
300
14
602
904
691
289
195
408
831
747
55
106
129
17
21
616
422
20
73
1031
27
289
861
580
843
1899
41
1772
199
803
581
106
103
15
21
648
419
583
78
1089
688
1388
414
230
387
494
213
893
195
740
640
17
21
16
160
1648
1405
290
280
684
1309
1004
300
1208
712
219
982
212
380
19
254
17
106
160
102
58
1195
56
448
670
923
590
1237
1032
1077
824
73
1036
615
903
707
103
106
15
17
915
668
599
1987
795
382
82
878
166
870
236
26
1065
333
431
208
129
106
21
102
194
407
320
985
1135
465
835
695
846
339
768
766
1025
51
166
315
17
103
106
16
312
885
850
1195
1703
827
870
1432
291
888
1802
225
43
318
44
1429
17
16
106
103
169
1740
277
973
28
525
1056
221
27
150
154
263
1585
1299
545
287
15
17
129
102
766
1273
837
1531
178
691
288
483
37
593
833
1043
1853
1113
130
1300
15
160
17
102
210
945
850
710
587
1168
788
1273
292
165
294
689
300
1510
75
231
21
160
106
17
682
375
179
1168
246
1255
342
770
586
381
210
618
701
271
370
773
