101
361
546
371
326
622
353
878
65
1304
1402
532
601
763
625
363
83
533
66
127
697
601
101
1556
129
1402
83
33
1304
700
109
878
861
996
361
615
245
123
819
763
1402
1304
1556
622
129
545
361
127
655
326
700
540
777
363
368
534
532
109
365
697
53
361
700
1556
352
615
371
925
209
365
363
739
368
83
861
1180
996
245
353
1932
540
326
861
1556
545
133
697
615
371
1180
996
352
622
1402
129
66
917
878
601
700
625
326
370
1304
697
533
353
365
777
532
107
115
739
1229
33
352
83
399
601
245
109
878
115
399
622
534
625
1180
127
532
66
739
925
74
1556
123
129
363
777
101
83
861
601
123
532
129
74
1180
53
245
1229
533
530
763
352
365
739
700
109
655
925
129
1180
546
622
107
361
700
1304
601
363
33
370
65
109
1402
399
66
209
545
917
739
365
819
83
763
530
585
53
1402
1304
127
1556
370
700
209
996
133
615
925
585
133
697
861
546
1556
70
371
1304
83
53
545
682
739
399
1402
529
655
326
540
700
545
70
365
352
739
546
235
655
1402
925
363
361
107
1932
66
682
123
779
533
655
353
925
1932
1556
65
74
878
368
235
546
123
363
399
682
70
139
115
601
697
133
399
700
861
540
101
529
368
534
1556
545
129
365
1932
326
739
763
1180
1304
878
739
700
133
529
245
622
74
530
352
107
83
66
534
353
682
546
655
533
368
819
533
365
352
546
245
209
115
74
615
53
133
83
861
129
370
682
235
109
530
1402
682
925
1180
109
763
601
1932
546
655
368
209
585
533
622
700
625
235
532
545
1304
534
1556
399
33
697
533
245
996
109
779
530
925
532
70
365
363
878
1304
540
763
546
739
1932
235
1229
70
371
245
585
65
101
115
83
777
1304
622
819
779
365
529
819
779
878
245
353
585
682
739
655
697
33
74
133
53
996
70
101
601
365
209
33
115
53
361
368
1556
996
363
101
529
615
245
129
917
1180
534
878
70
1304
655
861
1556
370
115
682
655
235
530
546
363
139
123
109
917
127
209
66
33
74
615
615
127
1304
655
540
365
622
245
139
368
33
530
763
861
235
739
529
1932
352
399
66
697
101
209
133
763
529
352
917
1402
700
530
65
235
1932
1229
371
532
399
123
139
368
534
83
925
545
622
700
66
585
70
1180
529
819
530
371
235
209
779
129
368
370
540
779
700
1304
585
861
399
1932
33
1229
682
70
763
139
546
245
101
326
530
585
83
209
540
1932
107
601
363
534
129
361
917
65
133
109
1304
763
326
353
779
601
326
127
245
33
1304
209
53
123
777
361
371
70
363
546
129
66
352
917
529
209
66
127
245
601
133
779
819
115
655
625
878
70
53
83
532
861
763
352
530
70
109
545
107
33
763
352
529
209
139
739
534
235
1180
700
129
546
777
127
245
1556
361
1180
33
352
996
540
363
601
127
74
115
534
819
682
371
861
129
1932
534
65
878
235
209
352
326
585
370
917
546
655
129
625
682
66
533
368
363
700
534
1402
65
601
878
368
109
370
585
697
1556
74
235
53
365
622
107
363
819
625
66
352
779
533
1304
368
127
53
763
109
622
363
235
371
1932
545
697
70
399
777
1229
74
370
123
352
779
66
861
996
534
625
115
819
1556
353
1180
109
83
365
70
33
371
534
83
532
70
101
65
1229
399
326
66
601
682
107
546
209
115
235
127
739
53
777
819
127
996
65
33
209
70
585
1402
101
625
66
107
917
534
245
1932
127
777
1229
115
996
74
655
33
917
925
779
682
107
326
83
861
625
540
533
65
370
70
1180
763
101
107
1402
545
779
83
546
368
74
697
996
533
65
127
777
540
655
352
74
700
779
534
70
1229
763
540
361
123
53
133
1556
209
530
546
533
925
779
777
533
996
697
622
615
353
601
209
682
363
127
625
1304
1229
361
70
532
368
326
530
53
139
533
861
917
361
370
352
101
83
209
127
74
777
109
700
622
245
399
819
1180
682
65
763
66
363
209
777
655
352
235
917
878
127
779
361
532
1304
129
361
878
245
529
133
532
819
127
368
70
777
996
109
65
353
622
66
625
123
917
763
585
878
115
615
739
109
83
70
352
996
777
925
700
529
697
368
370
545
546
139
1402
127
363
1932
530
353
371
622
107
33
235
585
545
625
70
655
370
1556
74
925
115
917
399
235
819
133
109
127
697
33
777
353
209
655
545
779
1304
540
763
625
115
66
1556
33
370
529
655
235
622
363
819
139
361
878
615
545
326
739
1402
534
371
109
779
129
655
700
399
601
529
622
101
540
370
878
819
352
326
33
129
622
109
878
530
74
399
235
361
365
53
123
777
534
115
861
700
353
655
352
