616
277
122
375
287
161
584
81
4
211
1
70
88
163
61
111
276
264
79
73
284
955
85
153
77
110
823
97
271
792
729
276
186
29
407
88
127
787
99
493
197
182
147
490
88
296
105
116
73
83
76
111
403
70
122
774
186
4
153
377
383
357
117
126
273
88
616
379
264
276
98
154
842
163
78
728
119
834
158
659
729
407
287
273
823
183
61
163
375
208
29
728
73
161
108
70
362
98
792
83
356
407
110
493
76
116
399
105
83
284
109
764
122
85
403
159
73
108
383
4
197
493
273
154
106
774
764
182
93
276
780
403
155
377
264
186
116
153
401
69
407
110
186
362
264
842
762
70
494
153
76
147
399
117
283
208
261
28
492
116
81
584
147
273
296
159
73
116
792
284
494
377
186
111
126
105
122
566
97
407
261
69
105
122
774
153
283
158
88
834
78
183
93
659
61
584
70
842
399
98
77
284
264
73
161
85
490
74
147
158
296
762
404
29
83
834
407
401
383
377
729
970
399
356
77
401
842
404
197
780
88
4
81
407
105
261
98
70
375
296
356
158
407
74
4
77
492
584
73
153
955
111
183
119
493
126
274
277
834
110
117
78
83
122
197
154
494
659
492
211
161
109
399
79
98
116
182
61
153
99
729
264
98
401
73
147
283
99
186
111
504
375
29
780
659
970
159
403
117
787
792
174
109
182
158
116
111
208
504
264
273
192
74
407
584
296
785
4
277
490
728
834
780
492
296
785
85
277
29
182
74
73
401
76
109
362
490
71
383
69
111
211
197
264
174
362
955
4
764
273
28
785
153
274
356
76
287
81
79
110
98
774
174
842
111
357
117
105
153
823
404
261
83
78
109
492
403
99
158
273
785
93
92
69
490
110
970
407
404
492
122
787
192
182
584
277
296
109
834
276
105
492
383
192
404
787
273
98
407
70
399
494
83
284
274
566
261
955
79
122
69
109
70
261
356
357
296
98
119
106
161
383
401
79
379
29
92
77
1
403
122
73
494
792
276
119
399
183
85
774
126
762
105
404
492
79
955
28
70
163
659
399
787
383
970
276
407
83
377
85
375
404
273
287
81
274
106
490
99
70
127
182
93
276
494
28
404
729
69
119
383
407
106
158
163
197
211
85
1
111
182
566
792
504
283
70
404
296
762
780
399
155
284
356
211
158
728
122
79
69
99
119
211
785
159
659
93
147
74
192
61
274
283
28
29
83
158
403
584
76
109
28
356
74
792
970
762
79
273
785
375
566
105
77
407
492
362
383
81
211
762
69
401
110
774
271
492
357
76
274
174
141
264
780
70
787
155
261
71
208
99
616
79
71
490
566
842
659
404
276
88
76
211
494
158
296
159
492
98
132
403
147
271
792
141
92
76
274
504
4
154
566
834
74
117
186
88
283
780
492
154
132
659
182
493
283
183
29
74
108
141
383
92
186
728
122
71
264
127
105
85
271
208
122
407
379
83
155
108
273
105
659
383
98
132
70
264
404
842
28
83
616
108
276
296
77
159
375
780
85
492
403
154
88
174
127
787
70
29
111
375
29
264
4
92
119
69
127
823
141
356
159
73
155
71
493
277
283
110
161
106
823
79
117
261
792
78
74
264
105
88
407
70
274
99
119
110
81
380
77
85
380
105
970
780
141
208
154
261
287
792
174
110
161
616
153
729
834
407
404
490
73
186
92
276
154
132
126
108
182
785
728
116
88
29
61
955
261
401
283
71
192
584
76
659
362
274
110
141
616
4
61
787
380
122
88
287
377
126
85
261
147
764
109
93
377
273
61
823
490
28
566
274
762
122
174
73
407
111
729
161
362
88
823
383
284
208
399
287
28
404
73
71
117
158
174
616
401
785
787
380
174
401
108
79
161
774
122
119
659
492
261
356
787
197
182
379
970
99
728
85
122
584
271
970
81
494
116
197
362
78
70
264
566
764
287
383
792
379
1
192
261
186
183
153
494
834
659
362
111
296
79
69
404
105
97
161
774
141
197
78
208
83
379
377
659
4
403
70
141
383
154
375
970
276
774
792
73
283
566
132
109
119
762
81
186
111
153
401
159
155
182
356
261
380
73
97
357
584
71
284
762
774
955
566
403
277
147
111
379
274
356
584
1
383
785
119
97
357
842
88
211
380
76
566
274
762
399
764
182
97
106
492
127
356
197
70
85
99
28
183
93
81
283
78
83
116
132
163
106
119
383
153
362
375
4
379
296
955
61
357
276
834
106
283
955
271
182
399
127
970
110
356
261
155
161
186
762
490
98
