44
126
97
23
45
743
104
593
24
41
624
112
58
29
88
109
95
201
223
39
44
126
97
23
45
743
104
593
24
41
624
112
58
29
88
109
95
201
223
39
104
39
45
23
109
25
24
116
126
50
593
201
95
743
58
112
44
94
267
223
104
39
45
23
109
25
24
116
126
50
593
201
95
743
58
112
44
94
267
223
44
58
39
94
25
201
267
126
88
109
29
743
50
104
23
95
97
112
45
624
44
58
39
94
25
201
267
126
88
109
29
743
50
104
23
95
97
112
45
624
50
112
743
201
39
88
24
94
116
593
624
25
95
104
109
44
23
126
223
29
50
112
743
201
39
88
24
94
116
593
624
25
95
104
109
44
23
126
223
29
50
25
39
97
29
116
24
41
44
88
267
94
23
201
104
45
624
58
95
223
50
25
39
97
29
116
24
41
44
88
267
94
23
201
104
45
624
58
95
223
201
41
95
88
126
116
97
94
112
44
223
104
45
743
58
23
267
593
25
39
201
41
95
88
126
116
97
94
112
44
223
104
45
743
58
23
267
593
25
39
95
593
58
45
29
104
223
109
24
39
201
112
25
97
743
116
88
624
41
44
95
593
58
45
29
104
223
109
24
39
201
112
25
97
743
116
88
624
41
44
223
45
25
116
94
50
743
97
58
23
126
95
41
624
104
29
109
267
112
44
223
45
25
116
94
50
743
97
58
23
126
95
41
624
104
29
109
267
112
44
95
267
201
45
624
50
23
109
116
41
743
94
104
88
44
29
223
58
24
25
95
267
201
45
624
50
23
109
116
41
743
94
104
88
44
29
223
58
24
25
126
223
50
743
267
624
45
24
58
39
593
109
41
97
25
94
95
201
44
88
126
223
50
743
267
624
45
24
58
39
593
109
41
97
25
94
95
201
44
88
95
743
23
104
624
201
94
116
45
223
29
126
112
24
109
267
97
88
593
50
95
743
23
104
624
201
94
116
45
223
29
126
112
24
109
267
97
88
593
50
97
39
23
29
201
116
95
743
88
126
50
25
24
44
593
104
267
109
624
112
97
39
23
29
201
116
95
743
88
126
50
25
24
44
593
104
267
109
624
112
58
743
45
44
104
109
624
126
23
97
39
29
25
94
201
112
593
50
41
267
58
743
45
44
104
109
624
126
23
97
39
29
25
94
201
112
593
50
41
267
88
29
95
112
23
41
50
743
45
593
39
267
624
126
94
24
97
201
116
109
88
29
95
112
23
41
50
743
45
593
39
267
624
126
94
24
97
201
116
109
94
223
267
23
624
50
58
201
41
45
126
104
112
109
25
39
95
97
29
44
94
223
267
23
624
50
58
201
41
45
126
104
112
109
25
39
95
97
29
44
45
50
112
41
39
201
223
58
23
97
44
126
743
116
88
593
95
104
29
624
45
50
112
41
39
201
223
58
23
97
44
126
743
116
88
593
95
104
29
624
88
45
58
24
95
593
116
39
50
223
201
29
44
126
25
104
112
267
109
624
88
45
58
24
95
593
116
39
50
223
201
29
44
126
25
104
112
267
109
624
50
24
95
45
112
267
624
25
44
23
201
29
223
58
126
593
743
97
88
39
50
24
95
45
112
267
624
25
44
23
201
29
223
58
126
593
743
97
88
39
116
39
94
24
126
743
50
267
58
112
29
95
45
97
23
44
25
41
624
201
116
39
94
24
126
743
50
267
58
112
29
95
45
97
23
44
25
41
624
201
23
44
24
29
94
39
58
126
104
41
88
223
112
50
45
95
25
624
201
743
23
44
24
29
94
39
58
126
104
41
88
223
112
50
45
95
25
624
201
743
126
116
624
94
104
23
24
112
109
50
223
267
201
593
39
29
58
44
45
41
126
116
624
94
104
23
24
112
109
50
223
267
201
593
39
29
58
44
45
41
95
201
109
624
116
223
23
97
88
126
743
29
44
41
112
24
25
45
94
50
95
201
109
624
116
223
23
97
88
126
743
29
44
41
112
24
25
45
94
50
39
41
94
44
223
116
24
50
97
29
743
624
88
45
95
593
23
112
201
126
39
41
94
44
223
116
24
50
97
29
743
624
88
45
95
593
23
112
201
126
29
44
97
25
201
112
50
23
45
624
223
88
95
593
39
267
41
126
58
109
29
44
97
25
201
112
50
23
45
624
223
88
95
593
39
267
41
126
58
109
126
267
116
109
593
624
104
94
25
41
44
45
29
24
95
58
88
50
201
97
126
267
116
109
593
624
104
94
25
41
44
45
29
24
95
58
88
50
201
97
