23
296
26
379
338
44
491
111
332
527
39
54
9
538
478
19
223
20
295
33
23
296
26
379
338
44
491
111
332
527
39
54
9
538
478
19
223
20
295
33
23
296
26
379
338
44
491
111
332
527
39
54
9
538
478
19
223
20
295
33
23
296
26
379
338
44
491
111
332
527
39
54
9
538
478
19
223
20
295
33
23
296
26
379
338
44
491
111
332
527
39
54
9
538
478
19
223
20
295
33
23
296
26
379
338
44
491
111
332
527
39
54
9
538
478
19
223
20
295
33
23
296
26
379
338
44
491
111
332
527
39
54
9
538
478
19
223
20
295
33
23
296
26
379
338
44
491
111
332
527
39
54
9
538
478
19
223
20
295
33
23
296
26
379
338
44
491
111
332
527
39
54
9
538
478
19
223
20
295
33
23
296
26
379
338
44
491
111
332
527
39
54
9
538
478
19
223
20
295
33
23
296
26
379
338
44
491
111
332
527
39
54
9
538
478
19
223
20
295
33
23
296
26
379
338
44
491
111
332
527
39
54
9
538
478
19
223
20
295
33
23
296
26
379
338
44
491
111
332
527
39
54
9
538
478
19
223
20
295
33
23
296
26
379
338
44
491
111
332
527
39
54
9
538
478
19
223
20
295
33
23
296
26
379
338
44
491
111
332
527
39
54
9
538
478
19
223
20
295
33
23
296
26
379
338
44
491
111
332
527
39
54
9
538
478
19
223
20
295
33
23
296
26
379
338
44
491
111
332
527
39
54
9
538
478
19
223
20
295
33
23
296
26
379
338
44
491
111
332
527
39
54
9
538
478
19
223
20
295
33
23
296
26
379
338
44
491
111
332
527
39
54
9
538
478
19
223
20
295
33
23
296
26
379
338
44
491
111
332
527
39
54
9
538
478
19
223
20
295
33
23
296
26
379
338
44
491
111
332
527
39
54
9
538
478
19
223
20
295
33
23
296
26
379
338
44
491
111
332
527
39
54
9
538
478
19
223
20
295
33
23
296
26
379
338
44
491
111
332
527
39
54
9
538
478
19
223
20
295
33
23
296
26
379
338
44
491
111
332
527
39
54
9
538
478
19
223
20
295
33
23
296
26
379
338
44
491
111
332
527
39
54
9
538
478
19
223
20
295
33
23
296
26
379
338
44
491
111
332
527
39
54
9
538
478
19
223
20
295
33
23
296
26
379
338
44
491
111
332
527
39
54
9
538
478
19
223
20
295
33
23
296
26
379
338
44
491
111
332
527
39
54
9
538
478
19
223
20
295
33
23
296
26
379
338
44
491
111
332
527
39
54
9
538
478
19
223
20
295
33
23
296
26
379
338
44
491
111
332
527
39
54
9
538
478
19
223
20
295
33
23
296
26
379
338
44
491
111
332
527
39
54
9
538
478
19
223
20
295
33
23
296
26
379
338
44
491
111
332
527
39
54
9
538
478
19
223
20
295
33
23
296
26
379
338
44
491
111
332
527
39
54
9
538
478
19
223
20
295
33
23
296
26
379
338
44
491
111
332
527
39
54
9
538
478
19
223
20
295
33
23
296
26
379
338
44
491
111
332
527
39
54
9
538
478
19
223
20
295
33
23
296
26
379
338
44
491
111
332
527
39
54
9
538
478
19
223
20
295
33
23
296
26
379
338
44
491
111
332
527
39
54
9
538
478
19
223
20
295
33
23
296
26
379
338
44
491
111
332
527
39
54
9
538
478
19
223
20
295
33
23
296
26
379
338
44
491
111
332
527
39
54
9
538
478
19
223
20
295
33
23
296
26
379
338
44
491
111
332
527
39
54
9
538
478
19
223
20
295
33
23
296
26
379
338
44
491
111
332
527
39
54
9
538
478
19
223
20
295
33
23
296
26
379
338
44
491
111
332
527
39
54
9
538
478
19
223
20
295
33
23
296
26
379
338
44
491
111
332
527
39
54
9
538
478
19
223
20
295
33
23
296
26
379
338
44
491
111
332
527
39
54
9
538
478
19
223
20
295
33
23
296
26
379
338
44
491
111
332
527
39
54
9
538
478
19
223
20
295
33
23
296
26
379
338
44
491
111
332
527
39
54
9
538
478
19
223
20
295
33
23
296
26
379
338
44
491
111
332
527
39
54
9
538
478
19
223
20
295
33
23
296
26
379
338
44
491
111
332
527
39
54
9
538
478
19
223
20
295
33
23
296
26
379
338
44
491
111
332
527
39
54
9
538
478
19
223
20
295
33
23
296
26
379
338
44
491
111
332
527
39
54
9
538
478
19
223
20
295
33
