93
104
120
125
14
587
252
243
11
867
112
6
97
23
642
714
666
814
1
117
12
520
318
666
587
105
8
305
321
14
6
22
448
117
388
714
28
251
227
113
127
8
5
38
372
215
368
207
171
125
820
120
448
32
520
123
91
714
243
22
442
388
389
11
91
193
22
714
132
844
128
171
38
368
187
227
8
104
162
106
105
442
401
318
162
11
180
887
814
164
309
241
227
671
165
106
324
305
820
215
245
104
186
40
164
671
118
389
112
120
132
119
26
126
1
35
814
844
820
162
26
324
186
128
119
318
5
187
180
40
34
22
817
252
11
91
125
162
887
197
40
197
13
817
509
373
126
123
117
111
186
120
106
172
7
11
887
28
180
867
29
187
193
112
248
167
642
128
11
93
119
160
401
850
111
309
442
22
113
202
230
305
8
6
126
324
123
14
820
227
26
368
448
714
107
4
373
180
186
118
814
207
209
160
120
29
27
817
257
171
309
26
118
21
104
867
111
105
167
180
401
28
123
388
257
105
867
128
22
241
32
40
227
239
321
844
368
38
814
29
243
106
7
324
93
521
6
125
34
714
167
117
305
35
401
123
844
209
29
671
22
34
165
230
38
27
32
2
844
112
118
180
162
117
186
373
448
6
867
368
520
666
127
32
113
35
117
91
257
241
40
844
167
12
118
401
29
26
309
373
5
642
23
305
38
1
4
257
587
368
448
227
132
324
241
671
107
97
93
105
25
22
11
243
27
132
117
248
120
40
257
368
126
127
178
671
35
164
93
239
239
4
21
111
22
318
123
35
132
207
32
257
120
29
91
12
27
321
171
373
309
12
442
318
202
239
11
127
172
209
105
8
305
13
671
887
117
160
2
7
125
442
28
126
107
105
32
388
172
106
239
827
160
241
671
25
26
23
850
29
34
27
227
827
164
368
29
388
113
111
25
887
26
245
38
118
186
165
671
187
167
814
28
187
178
126
128
125
207
123
2
171
193
373
25
13
389
172
180
521
93
160
5
28
442
119
827
23
867
186
123
105
27
520
887
171
32
248
167
324
165
368
132
230
239
318
187
197
850
5
243
248
2
178
257
305
123
4
167
186
245
23
215
106
117
714
241
850
388
401
187
11
26
21
105
127
113
160
35
2
91
372
164
111
2
1
714
132
666
35
25
160
28
105
23
239
401
368
40
178
160
91
814
35
167
887
671
11
164
1
509
401
14
241
40
8
13
178
227
171
227
113
29
171
239
35
850
107
257
202
38
13
125
388
119
111
25
162
34
12
207
193
215
117
671
25
1
197
187
368
180
209
29
162
401
178
248
4
239
125
104
27
666
112
887
127
230
164
120
123
25
5
165
180
844
7
1
251
111
178
251
368
850
6
118
587
119
257
187
642
93
248
97
11
160
671
178
401
309
14
25
401
113
125
389
642
32
40
318
245
587
23
38
6
239
372
820
867
105
305
4
34
318
164
442
119
105
128
666
118
209
243
867
132
2
120
7
22
827
186
97
520
123
23
105
5
113
25
34
32
401
827
844
125
248
671
442
4
165
93
162
29
1
230
197
11
714
215
111
25
4
27
202
248
123
368
93
207
373
105
239
401
6
104
93
509
180
666
671
844
318
107
368
850
248
8
827
820
27
160
187
117
120
521
820
172
97
171
850
118
321
245
13
666
251
27
28
22
373
34
11
520
2
97
113
27
40
368
252
197
21
817
7
257
25
209
827
162
820
850
126
21
245
38
442
324
401
11
167
127
34
671
867
29
28
509
186
27
113
520
112
117
324
193
389
248
118
13
93
243
119
111
309
105
29
368
251
187
11
28
227
12
38
230
817
252
165
850
106
2
128
197
321
671
13
257
23
126
28
120
318
373
38
132
172
25
2
106
309
844
123
35
666
671
372
820
814
105
13
521
666
38
251
160
587
245
187
827
442
120
714
172
820
202
22
227
814
171
324
521
309
21
187
40
178
23
642
118
172
105
180
38
119
35
442
22
29
520
207
850
111
171
850
714
230
401
239
207
227
251
162
642
126
113
318
197
117
6
132
245
6
318
7
388
1
227
167
120
25
324
207
827
587
248
509
215
119
814
107
389
32
132
714
442
21
187
243
35
12
321
165
368
22
207
127
38
520
257
171
887
389
239
28
97
171
817
12
8
827
241
132
814
34
820
164
165
318
309
215
844
814
34
401
11
8
25
164
128
844
119
22
248
12
23
93
118
180
388
127
820
118
389
13
671
814
6
125
209
520
820
14
104
162
239
252
119
112
5
91
34
