106
38
2
1777
111
265
16
576
410
851
569
570
131
584
660
471
615
766
70
672
106
38
2
1777
111
265
16
576
410
851
569
570
131
584
660
471
615
766
70
672
660
265
111
744
471
770
576
264
584
38
16
851
615
569
1777
672
70
766
79
482
660
265
111
744
471
770
576
264
584
38
16
851
615
569
1777
672
70
766
79
482
38
576
584
744
766
570
2
111
79
410
131
471
265
70
106
264
770
1777
851
482
38
576
584
744
766
570
2
111
79
410
131
471
265
70
106
264
770
1777
851
482
672
70
770
131
744
569
660
16
584
265
2
1777
471
576
615
482
79
851
38
264
672
70
770
131
744
569
660
16
584
265
2
1777
471
576
615
482
79
851
38
264
576
410
569
672
131
16
770
111
471
570
744
584
1777
766
106
660
615
482
2
70
576
410
569
672
131
16
770
111
471
570
744
584
1777
766
106
660
615
482
2
70
471
2
106
111
766
744
16
265
576
660
1777
264
70
615
584
410
570
851
569
482
471
2
106
111
766
744
16
265
576
660
1777
264
70
615
584
410
570
851
569
482
38
851
265
570
770
1777
2
569
576
70
660
471
111
106
79
482
584
264
131
766
38
851
265
570
770
1777
2
569
576
70
660
471
111
106
79
482
584
264
131
766
106
2
482
265
851
1777
569
672
770
38
660
70
111
576
766
264
471
615
410
570
106
2
482
265
851
1777
569
672
770
38
660
70
111
576
766
264
471
615
410
570
660
79
265
106
584
770
38
570
766
111
482
672
70
16
569
471
615
131
851
264
660
79
265
106
584
770
38
570
766
111
482
672
70
16
569
471
615
131
851
264
615
570
38
744
70
770
569
265
672
576
766
264
16
660
2
410
851
482
111
471
615
570
38
744
70
770
569
265
672
576
766
264
16
660
2
410
851
482
111
471
570
471
615
70
770
410
265
482
851
2
106
766
79
584
1777
569
38
111
660
744
570
471
615
70
770
410
265
482
851
2
106
766
79
584
1777
569
38
111
660
744
482
615
672
584
471
264
766
744
38
16
570
265
410
131
79
70
111
1777
106
2
482
615
672
584
471
264
766
744
38
16
570
265
410
131
79
70
111
1777
106
2
264
70
570
106
2
471
1777
38
265
672
482
615
569
744
660
79
584
851
111
410
264
70
570
106
2
471
1777
38
265
672
482
615
569
744
660
79
584
851
111
410
79
660
744
576
70
471
106
482
570
38
265
766
770
569
851
615
2
264
131
672
79
660
744
576
70
471
106
482
570
38
265
766
770
569
851
615
2
264
131
672
576
79
264
660
265
569
570
106
851
70
770
766
584
16
482
1777
131
111
672
615
576
79
264
660
265
569
570
106
851
70
770
766
584
16
482
1777
131
111
672
615
770
570
131
660
111
265
264
615
79
1777
482
106
471
70
766
16
744
410
672
569
770
570
131
660
111
265
264
615
79
1777
482
106
471
70
766
16
744
410
672
569
16
38
131
79
410
106
576
2
744
482
672
584
471
265
660
70
851
766
570
569
16
38
131
79
410
106
576
2
744
482
672
584
471
265
660
70
851
766
570
569
264
106
660
38
615
482
410
111
770
570
1777
584
2
265
16
576
79
471
766
744
264
106
660
38
615
482
410
111
770
570
1777
584
2
265
16
576
79
471
766
744
744
265
471
410
2
672
16
70
570
615
569
79
38
111
660
766
106
131
1777
851
744
265
471
410
2
672
16
70
570
615
569
79
38
111
660
766
106
131
1777
851
131
569
2
570
16
79
672
660
770
615
264
111
576
410
106
482
744
70
766
38
131
569
2
570
16
79
672
660
770
615
264
111
576
410
106
482
744
70
766
38
770
569
111
79
576
570
615
766
471
851
482
672
16
410
264
131
265
744
1777
106
770
569
111
79
576
570
615
766
471
851
482
672
16
410
264
131
265
744
1777
106
265
106
576
111
584
569
79
615
16
264
410
660
70
766
471
482
672
131
851
744
265
106
576
111
584
569
79
615
16
264
410
660
70
766
471
482
672
131
851
744
569
770
16
584
471
111
410
265
851
660
570
744
766
482
106
672
2
79
615
576
569
770
16
584
471
111
410
265
851
660
570
744
766
482
106
672
2
79
615
576
79
106
482
265
570
851
1777
660
615
70
131
672
576
766
111
744
471
410
16
2
79
106
482
265
570
851
1777
660
615
70
131
672
576
766
111
744
471
410
16
2
111
16
570
70
2
660
265
482
38
770
1777
584
131
264
744
576
79
851
410
471
111
16
570
70
2
660
265
482
38
770
1777
584
131
264
744
576
79
851
410
471
