152
412
513
771
130
231
54
421
1042
1535
694
608
171
313
2130
921
375
696
266
979
696
1084
613
660
1397
609
685
410
1093
723
171
1713
313
930
173
148
412
414
249
616
832
1397
401
1042
660
760
1160
789
921
604
684
59
406
1277
606
611
702
734
159
412
685
660
720
461
54
1705
979
644
412
313
220
706
604
1397
774
476
771
1277
173
294
606
255
616
375
414
313
159
685
220
152
419
300
1160
608
748
513
832
231
696
611
1042
881
1160
723
300
419
789
313
232
694
1705
931
361
96
1535
704
58
2130
285
685
300
606
734
687
63
1093
644
868
876
611
412
1084
1160
52
476
696
1371
173
801
421
152
696
613
1371
173
921
59
616
761
868
903
232
749
300
881
285
687
294
644
760
63
734
285
703
644
684
789
54
748
685
503
606
1082
476
368
876
513
696
419
771
1093
832
613
903
876
685
1535
704
687
609
921
365
616
608
703
130
706
1082
361
760
696
687
881
979
1082
255
660
266
832
684
694
503
368
921
748
412
155
414
313
644
54
979
615
1535
368
503
326
24
59
476
2130
760
832
361
57
231
748
774
1705
749
503
375
684
1277
644
1713
703
694
96
723
58
702
368
687
774
51
697
881
419
801
63
148
611
130
751
1713
1535
876
171
1397
326
255
401
1093
476
155
1082
365
761
703
748
294
697
63
868
249
300
979
57
232
774
1277
401
704
1042
921
749
832
231
365
696
159
406
361
421
697
751
702
616
410
138
1082
608
412
285
881
609
513
1713
419
979
609
720
419
421
476
1042
1160
412
697
1277
410
24
660
58
921
294
57
606
255
285
1535
1160
868
697
414
148
608
368
720
774
903
881
1713
703
1082
930
173
1030
1277
232
868
132
609
255
368
921
152
1084
608
1093
687
24
421
979
1535
903
313
832
704
410
604
313
611
159
300
266
249
51
702
220
421
294
414
903
696
720
685
1371
148
760
613
706
2130
931
1535
476
57
644
412
723
63
687
751
930
421
410
1042
1160
138
921
54
365
697
249
702
931
132
1713
361
412
876
1535
231
903
1042
419
148
24
613
249
868
881
1082
876
402
419
63
921
326
232
687
696
57
54
401
1160
1042
125
155
171
685
615
801
609
249
410
930
979
1093
789
51
232
173
604
751
774
1160
1713
687
1371
720
723
1082
751
609
406
611
249
54
703
761
159
604
1084
125
694
24
138
702
615
876
159
789
52
801
748
1277
704
613
751
706
921
1042
513
720
412
608
419
685
609
130
930
774
132
1082
232
326
881
313
1030
96
159
876
461
660
375
704
51
285
1397
876
285
266
159
361
1042
125
130
1705
1160
406
148
748
412
503
365
771
801
921
138
326
63
903
660
132
1397
801
1084
173
159
148
59
2130
609
406
231
57
1030
96
644
1535
58
694
300
220
720
832
461
51
1084
173
285
1093
606
419
421
613
412
751
173
761
171
748
220
513
881
1705
687
720
419
771
774
401
613
148
1277
749
365
159
476
58
249
419
749
801
720
406
881
375
255
54
412
703
171
1277
760
1705
694
1713
138
365
1042
694
771
255
720
761
375
173
96
613
130
615
406
58
513
148
476
644
294
24
421
685
706
1030
1277
1042
771
231
63
801
313
96
1535
1093
1160
760
410
57
406
720
1030
2130
232
96
368
155
294
173
266
1084
476
881
412
1535
255
684
326
285
706
249
702
294
760
24
1705
611
684
159
1397
461
285
232
59
903
703
644
138
771
660
1371
414
706
58
1535
720
152
375
616
96
832
1160
801
876
615
220
138
931
1713
697
1042
171
375
615
414
255
132
159
1277
644
921
868
702
1084
881
401
604
684
59
684
503
760
1713
1093
644
930
1084
979
1082
54
761
255
696
368
604
694
313
419
220
1093
375
59
313
1160
801
613
24
616
720
152
1277
881
611
702
921
723
1371
401
513
173
220
734
294
148
51
130
606
774
703
24
503
138
513
2130
159
132
375
723
476
734
171
24
1535
414
687
751
1042
461
789
685
1093
1397
979
1160
476
375
220
513
132
24
52
734
503
1705
96
220
748
294
687
761
476
419
771
155
685
694
723
148
832
476
513
419
63
1397
723
801
1030
159
706
51
832
921
300
52
685
414
774
979
58
734
220
249
760
921
59
300
402
685
703
365
54
513
173
881
2130
414
1705
903
660
706
609
155
476
1082
421
930
921
294
1397
644
616
1093
171
130
266
513
1705
979
749
1705
921
171
615
749
300
697
421
24
476
461
771
644
611
57
1084
748
979
54
832
903
266
503
696
1042
801
285
513
159
1030
63
361
313
703
613
704
421
606
231
876
1535
132
1705
96
402
152
1082
774
903
613
616
751
697
608
266
611
58
760
1042
361
615
697
313
24
687
876
232
644
171
96
249
684
751
285
760
125
832
1093
604
173
