184
326
318
256
496
4025
2104
452
1015
1183
1328
960
3195
236
896
1570
1099
3120
239
3107
492
1208
2508
915
662
6
496
256
705
184
1239
2098
162
597
2168
730
1842
1627
1704
1681
2419
308
1143
991
2754
1347
3253
1377
212
2169
705
489
256
545
318
1396
1098
1373
1080
2850
1532
3591
887
1731
543
2564
4054
536
91
1407
2520
1985
1316
2343
499
184
455
318
496
489
801
2357
608
905
1564
1398
332
3194
984
4748
544
2145
1421
3242
1098
492
1510
4555
2834
3221
318
545
256
184
496
685
3181
527
1631
3053
1263
10
276
2678
1909
1085
2365
462
90
3236
589
666
513
4592
3591
705
6
489
496
256
2118
1603
10
3583
2175
268
2679
187
640
1954
993
577
1154
3012
578
1579
1075
1067
1083
902
545
318
6
256
705
841
112
1223
470
2475
816
1685
1561
2213
2425
804
1584
3746
156
139
926
368
959
240
2739
545
489
184
326
705
2372
1703
562
2093
3657
1269
3563
649
376
343
2163
613
623
3176
385
758
535
1960
617
2913
326
545
184
256
6
2027
1439
786
3304
4574
1128
2623
1912
1846
979
645
2626
1804
1192
1703
2873
2088
1111
1914
1780
545
318
184
256
326
1866
596
1692
850
1277
1218
2515
229
1636
150
997
1503
1179
2719
1431
688
2942
1447
1985
2249
326
6
256
545
496
1647
233
2849
440
2692
185
532
2030
126
595
2546
2039
975
1387
2476
1501
4508
1007
1695
1776
705
489
326
496
256
1068
1414
671
2162
494
595
1263
1723
733
3460
1223
82
145
4657
2962
1248
473
1050
1899
557
455
326
705
184
496
2527
3221
2090
3052
1742
625
82
1544
415
2374
2253
1387
11
773
989
2366
2246
1038
690
1007
326
184
705
455
6
556
1506
1161
1088
634
731
2157
403
1799
622
2231
2538
2131
521
1163
642
3164
1729
1652
3138
496
326
455
489
545
500
230
1541
2304
446
277
20
2683
459
610
1953
495
1725
444
3303
736
448
1237
2630
1370
705
256
455
184
489
333
429
2358
1622
1887
1866
397
407
769
1580
3109
617
1022
2183
3449
1068
1630
556
804
1306
705
184
545
489
496
450
2145
393
2392
1912
1932
521
4307
415
2211
2290
742
1279
2646
502
2328
2635
311
836
1624
184
705
455
489
496
65
356
665
487
29
1423
564
3714
498
984
70
980
719
2927
562
1433
2
2740
1737
1337
184
545
455
496
326
3590
1540
617
593
663
203
462
775
659
1135
1354
274
474
2114
673
143
641
424
2916
212
489
326
496
705
6
657
2085
593
685
2051
266
2475
343
440
2625
915
1732
1978
780
1050
264
210
356
1340
555
184
545
496
318
489
74
1615
804
547
3479
964
2950
4481
2478
1619
1540
18
1712
923
2157
891
1483
2745
1414
710
256
318
496
545
455
1107
1088
3069
590
564
2416
1686
3221
1622
1382
1709
795
2786
1614
2136
2538
2345
1434
1451
79
705
326
545
184
6
3822
332
915
1996
360
1887
2085
3391
1799
1483
156
334
1198
1182
3012
2304
2194
2916
1510
1072
326
318
256
489
705
1154
393
645
2246
2131
1721
803
784
633
12
905
660
1868
975
3014
370
2576
4177
1620
2104
496
489
326
184
455
2589
2692
657
659
1830
558
1267
987
670
611
3110
424
2942
567
2903
2944
3313
2249
992
3284
326
184
6
318
545
1874
967
70
378
2853
1516
2313
1269
1020
1785
449
1884
3337
2718
2728
1308
2771
4194
640
3824
705
489
545
326
6
854
2576
66
346
4254
2935
1167
68
651
661
1381
446
1076
263
556
2829
466
527
598
1276
6
184
318
256
545
335
1005
2923
1840
893
932
2806
611
262
1073
2776
803
713
476
3280
2850
2829
4158
1644
929
184
256
489
318
455
2331
3105
602
3301
2400
1608
80
71
555
346
281
642
2460
299
592
2515
1261
783
2
1553
318
489
545
705
455
70
787
406
212
3284
964
837
2625
228
3933
187
38
2106
3050
3426
1282
529
1192
2289
2841
489
496
455
184
318
2194
445
3324
2999
758
2532
2512
1603
2013
339
2369
662
1693
23
1078
617
1776
397
640
1814
705
489
6
326
545
1246
2158
411
3097
477
1894
2882
657
3430
1044
2151
1127
1536
3246
2971
1716
1316
492
167
2420
326
705
256
489
184
1554
490
1117
140
841
611
2190
1541
487
1780
742
142
628
629
2106
1269
1038
2185
1677
718
496
256
326
6
545
2913
137
1995
3475
227
1038
1271
363
728
795
2219
3067
3496
3120
2442
3449
384
268
2942
1708
256
318
184
705
455
1433
2105
2221
850
2462
65
18
2038
3464
1246
887
3714
165
1680
1669
1107
2369
3119
269
3261
184
545
705
6
326
974
1101
1050
1187
617
2050
3487
1847
302
1829
2940
2589
837
3040
707
916
3120
28
627
783
184
318
6
256
326
814
2086
2082
1719
2717
1677
707
649
1891
616
393
1145
378
1581
1628
1316
971
1260
446
592
455
489
318
705
496
709
1754
2899
90
1037
1953
1306
3749
295
1458
89
668
1405
589
127
1127
982
755
826
1705
6
496
455
326
318
3014
2163
1537
929
1586
2369
771
907
2518
4177
1645
802
1024
1093
640
611
837
3512
1326
332
326
455
184
6
256
1344
676
1609
1290
1391
1157
2031
1591
1712
187
2145
685
776
1431
2636
1398
2507
1101
2873
462
496
545
318
326
184
640
1315
1509
1357
974
2158
1840
2690
3836
1600
328
685
668
324
1221
2190
1724
528
57
3479
184
256
496
326
318
2437
606
1912
2489
1885
2857
2082
729
638
1015
1179
84
2758
24
1404
3239
429
18
770
614
318
256
496
489
6
642
1490
1230
974
1073
910
932
1868
2421
1154
1022
367
3069
1547
437
1325
71
1376
1398
3309
326
184
318
705
6
2495
1932
2114
767
327
229
3109
3080
1406
1800
2346
1071
3483
996
2667
729
3130
1037
758
1206
318
6
496
326
545
1960
591
1223
555
628
229
1704
3444
2806
1129
907
2049
969
1341
393
1720
3702
569
595
1539
489
455
545
326
6
2987
1683
1219
3749
1417
1347
1695
3426
1008
1019
462
2180
1190
666
293
361
836
510
2394
2893
489
6
184
545
256
908
916
1614
1239
1389
2690
1619
1180
610
974
1257
343
771
1015
3035
2894
1153
755
299
3253
318
489
6
496
545
1951
648
54
4504
1381
2758
788
1617
650
437
1954
1073
185
2384
1376
4475
93
971
1719
1510
6
455
545
496
184
662
3323
72
970
2090
1631
391
932
3325
2207
1882
1959
959
783
1290
2037
456
302
2418
894
489
318
545
496
6
2997
547
958
1335
1458
2679
1625
729
2885
2938
2845
257
967
145
429
2418
591
1528
444
1101
