107
93
307
94
440
120
106
88
327
155
355
102
292
19
437
430
104
158
332
329
321
621
299
7
6
5
4
3
2
1
107
93
307
94
440
120
106
88
327
155
355
102
292
19
437
430
104
158
332
329
321
621
299
7
6
5
4
3
2
1
107
93
307
94
440
120
106
88
327
155
355
102
292
19
437
430
104
158
332
329
321
621
299
7
6
5
4
3
2
1
107
93
307
94
440
120
106
88
327
155
355
102
292
19
437
430
104
158
332
329
321
621
299
7
6
5
4
3
2
1
107
93
307
94
440
120
106
88
327
155
355
102
292
19
437
430
104
158
332
329
321
621
299
7
6
5
4
3
2
1
107
93
307
94
440
120
106
88
327
155
355
102
292
19
437
430
104
158
332
329
321
621
299
7
6
5
4
3
2
1
107
93
307
94
440
120
106
88
327
155
355
102
292
19
437
430
104
158
332
329
321
621
299
7
6
5
4
3
2
1
107
93
307
94
440
120
106
88
327
155
355
102
292
19
437
430
104
158
332
329
321
621
299
7
6
5
4
3
2
1
107
93
307
94
440
120
106
88
327
155
355
102
292
19
437
430
104
158
332
329
321
621
299
7
6
5
4
3
2
1
107
93
307
94
440
120
106
88
327
155
355
102
292
19
437
430
104
158
332
329
321
621
299
7
6
5
4
3
2
1
107
93
307
94
440
120
106
88
327
155
355
102
292
19
437
430
104
158
332
329
321
621
299
7
6
5
4
3
2
1
107
93
307
94
440
120
106
88
327
155
355
102
292
19
437
430
104
158
332
329
321
621
299
7
6
5
4
3
2
1
107
93
307
94
440
120
106
88
327
155
355
102
292
19
437
430
104
158
332
329
321
621
299
7
6
5
4
3
2
1
107
93
307
94
440
120
106
88
327
155
355
102
292
19
437
430
104
158
332
329
321
621
299
7
6
5
4
3
2
1
107
93
307
94
440
120
106
88
327
155
355
102
292
19
437
430
104
158
332
329
321
621
299
7
6
5
4
3
2
1
107
93
307
94
440
120
106
88
327
155
355
102
292
19
437
430
104
158
332
329
321
621
299
7
6
5
4
3
2
1
107
93
307
94
440
120
106
88
327
155
355
102
292
19
437
430
104
158
332
329
321
621
299
7
6
5
4
3
2
1
107
93
307
94
440
120
106
88
327
155
355
102
292
19
437
430
104
158
332
329
321
621
299
7
6
5
4
3
2
1
107
93
307
94
440
120
106
88
327
155
355
102
292
19
437
430
104
158
332
329
321
621
299
7
6
5
4
3
2
1
107
93
307
94
440
120
106
88
327
155
355
102
292
19
437
430
104
158
332
329
321
621
299
7
6
5
4
3
2
1
107
93
307
94
440
120
106
88
327
155
355
102
292
19
437
430
104
158
332
329
321
621
299
7
6
5
4
3
2
1
107
93
307
94
440
120
106
88
327
155
355
102
292
19
437
430
104
158
332
329
321
621
299
7
6
5
4
3
2
1
107
93
307
94
440
120
106
88
327
155
355
102
292
19
437
430
104
158
332
329
321
621
299
7
6
5
4
3
2
1
107
93
307
94
440
120
106
88
327
155
355
102
292
19
437
430
104
158
332
329
321
621
299
7
6
5
4
3
2
1
107
93
307
94
440
120
106
88
327
155
355
102
292
19
437
430
104
158
332
329
321
621
299
7
6
5
4
3
2
1
107
93
307
94
440
120
106
88
327
155
355
102
292
19
437
430
104
158
332
329
321
621
299
7
6
5
4
3
2
1
107
93
307
94
440
120
106
88
327
155
355
102
292
19
437
430
104
158
332
329
321
621
299
7
6
5
4
3
2
1
107
93
307
94
440
120
106
88
327
155
355
102
292
19
437
430
104
158
332
329
321
621
299
7
6
5
4
3
2
1
107
93
307
94
440
120
106
88
327
155
355
102
292
19
437
430
104
158
332
329
321
621
299
7
6
5
4
3
2
1
107
93
307
94
440
120
106
88
327
155
355
102
292
19
437
430
104
158
332
329
321
621
299
7
6
5
4
3
2
1
107
93
307
94
440
120
106
88
327
155
355
102
292
19
437
430
104
158
332
329
321
621
299
7
6
5
4
3
2
1
107
93
307
94
440
120
106
88
327
155
355
102
292
19
437
430
104
158
332
329
321
621
299
7
6
5
4
3
2
1
107
93
307
94
440
120
106
88
327
155
355
102
292
19
437
430
104
158
332
329
321
621
299
7
6
5
4
3
2
1
107
93
307
94
440
120
106
88
327
155
355
102
292
19
437
430
104
158
332
329
321
621
299
7
6
5
4
3
2
1
107
93
307
94
440
120
106
88
327
155
355
102
292
19
437
430
104
158
332
329
321
621
299
7
6
5
4
3
2
1
107
93
307
94
440
120
106
88
327
155
355
102
292
19
437
430
104
158
332
329
321
621
299
7
6
5
4
3
2
1
107
93
307
94
440
120
106
88
327
155
355
102
292
19
437
430
104
158
332
329
321
621
299
7
6
5
4
3
2
1
107
93
307
94
440
120
106
88
327
155
355
102
292
19
437
430
104
158
332
329
321
621
299
7
6
5
4
3
2
1
107
93
307
94
440
120
106
88
327
155
355
102
292
19
437
430
104
158
332
329
321
621
299
7
6
5
4
3
2
1
107
93
307
94
440
120
106
88
327
155
355
102
292
19
437
430
104
158
332
329
321
621
299
7
6
5
4
3
2
1
107
93
307
94
440
120
106
88
327
155
355
102
292
19
437
430
104
158
332
329
321
621
299
7
6
5
4
3
2
1
107
93
307
94
440
120
106
88
327
155
355
102
292
19
437
430
104
158
332
329
321
621
299
7
6
5
4
3
2
1
107
93
307
94
440
120
106
88
327
155
355
102
292
19
437
430
104
158
332
329
321
621
299
7
6
5
4
3
2
1
107
93
307
94
440
120
106
88
327
155
355
102
292
19
437
430
104
158
332
329
321
621
299
7
6
5
4
3
2
1
107
93
307
94
440
120
106
88
327
155
355
102
292
19
437
430
104
158
332
329
321
621
299
7
6
5
4
3
2
1
107
93
307
94
440
120
106
88
327
155
355
102
292
19
437
430
104
158
332
329
321
621
299
7
6
5
4
3
2
1
107
93
307
94
440
120
106
88
327
155
355
102
292
19
437
430
104
158
332
329
321
621
299
7
6
5
4
3
2
1
107
93
307
94
440
120
106
88
327
155
355
102
292
19
437
430
104
158
332
329
321
621
299
7
6
5
4
3
2
1
107
93
307
94
440
120
106
88
327
155
355
102
292
19
437
430
104
158
332
329
321
621
299
7
6
5
4
3
2
1
107
93
307
94
440
120
106
88
327
155
355
102
292
19
437
430
104
158
332
329
321
621
299
7
6
5
4
3
2
1
