133
832
1521
1800
814
663
132
789
31
1525
978
225
35
450
400
722
1030
772
610
130
702
2187
139
69
1697
324
585
451
1885
141
698
308
2534
333
129
129
931
585
1030
1771
324
1525
132
2140
414
69
702
777
728
778
1876
523
450
2534
633
797
722
333
787
319
125
717
1521
31
1417
225
712
130
228
700
140
1697
1029
29
1521
1030
772
702
320
722
777
2187
701
132
400
1885
125
809
1530
396
239
729
70
765
142
35
573
308
78
523
69
456
608
712
585
556
2140
319
2187
1885
789
772
35
1876
140
125
728
1003
701
32
2534
1771
726
814
585
700
129
832
698
1530
165
1697
582
271
633
226
308
126
1523
797
814
978
130
1876
556
1030
70
784
778
139
456
133
809
1
1521
239
132
853
307
390
31
1029
523
129
320
729
271
717
225
32
777
573
78
726
787
1697
712
556
721
29
617
978
414
239
582
1800
142
333
1885
700
663
717
584
37
702
126
728
1771
491
931
1030
129
133
69
32
1523
70
78
814
1417
225
1876
1771
698
226
320
390
722
229
702
778
713
772
130
2140
239
633
1030
129
31
608
700
319
37
132
450
133
149
1530
32
797
556
142
69
729
226
853
978
722
125
1530
126
165
663
728
1885
698
1003
456
228
31
700
702
777
396
271
239
1029
133
814
701
141
608
5
784
772
797
91
1417
37
414
139
141
129
1525
797
271
35
728
390
1876
726
400
698
142
1893
37
70
491
2140
32
777
133
809
721
319
451
165
2534
712
396
778
702
456
229
2534
229
396
778
1885
133
1525
35
795
125
32
37
333
456
126
1521
1030
1003
1772
139
149
585
717
765
712
390
2187
931
789
814
663
129
772
728
610
1521
1029
129
70
69
78
1523
1800
582
126
712
784
239
1530
584
139
450
319
226
556
132
663
585
125
456
1885
765
2187
617
2140
729
772
523
700
333
1697
1
69
239
1003
698
721
37
1876
451
765
617
271
1771
1800
396
139
797
1029
584
585
324
307
132
713
1530
556
931
978
809
722
772
795
787
126
69
141
814
129
663
132
777
1003
726
772
523
225
139
333
610
37
1876
633
307
324
320
1772
1
700
226
728
319
556
712
149
784
1530
698
395
789
702
633
456
772
31
333
229
390
700
1
1003
1771
165
228
396
324
133
1523
319
713
523
726
853
1417
978
2534
698
617
1521
451
307
37
1800
35
29
390
307
29
2534
319
333
491
129
1893
778
308
795
451
69
1029
789
978
700
726
1525
814
663
832
91
228
1800
32
556
712
414
37
729
2140
608
141
584
931
69
784
78
320
271
2140
400
29
701
582
789
395
31
451
795
491
663
1030
608
133
229
1525
1029
633
772
396
308
142
556
456
1771
573
832
608
1417
701
307
1530
32
610
129
713
728
814
700
35
308
1523
139
1697
1030
126
772
132
141
797
556
721
319
165
1003
239
789
1
125
142
633
795
308
717
32
585
701
663
729
141
132
491
319
396
395
324
1030
1003
31
700
713
226
777
165
320
451
1417
1530
2187
809
126
728
832
931
765
712
37
585
333
307
229
130
582
722
584
784
832
395
795
1530
712
2140
37
797
809
226
573
1525
239
1893
414
1523
1003
390
450
1771
456
608
701
700
29
396
414
1772
91
726
789
239
70
1530
787
608
1
31
1003
853
320
1893
140
450
2140
141
226
698
702
228
78
633
1523
556
1771
523
37
610
69
307
1697
451
456
712
229
1030
610
165
765
395
400
728
2534
701
556
228
142
2140
1003
1029
70
582
32
1521
324
787
931
390
584
729
1771
2187
978
141
132
396
1893
523
29
978
271
2187
663
556
795
1530
31
1030
78
35
125
225
608
765
717
617
931
809
126
1003
1523
789
1525
832
132
713
1417
726
772
37
584
32
1697
573
787
721
772
139
319
1530
451
1
69
795
70
31
1525
832
778
1003
698
78
142
978
701
722
1029
5
129
2187
130
226
713
1800
608
400
556
333
451
1525
584
271
129
832
617
700
31
324
1800
78
814
978
853
698
1523
931
701
582
35
228
523
789
2534
125
491
37
395
319
1030
1003
809
729
721
271
814
728
573
582
91
698
69
712
853
32
320
617
713
556
797
584
701
132
491
1
1885
633
125
585
700
308
1523
789
978
1697
5
139
32
133
142
396
729
765
608
582
2534
126
721
610
717
130
307
701
139
31
37
129
1876
778
1772
787
726
814
308
1771
451
450
573
125
456
523
585
271
787
414
1417
35
1800
772
795
728
142
139
778
584
491
722
832
1030
1521
450
165
226
228
141
319
31
149
698
1885
797
717
701
809
126
132
69
698
396
1029
390
70
226
778
320
2534
2140
787
1521
400
165
700
728
853
701
414
125
1030
141
132
523
29
140
142
712
35
139
271
324
617
610
1
585
777
931
726
1521
787
728
663
633
608
29
700
1417
400
32
320
978
130
1772
1771
225
717
1697
70
778
31
1003
324
228
832
396
2140
271
451
1885
701
573
308
333
70
126
1800
133
713
226
149
319
271
772
584
1003
491
722
141
582
1
726
129
931
608
32
5
789
1697
712
31
450
239
140
142
31
726
2534
324
396
228
1030
451
814
701
931
797
1876
414
778
395
713
777
149
853
126
130
832
142
556
400
165
5
225
1003
1523
610
633
319
35
772
228
400
700
229
70
5
149
523
1772
663
1697
308
396
832
1525
814
617
225
1523
133
139
1771
450
978
712
1521
414
1030
78
395
556
795
37
778
35
141
717
728
1030
2187
765
229
320
456
70
814
450
584
1697
1530
1893
778
324
133
617
126
700
1800
701
390
702
271
226
400
1
451
777
78
69
772
333
633
700
797
29
229
450
451
853
1523
395
1030
1771
32
608
37
978
832
491
523
149
1417
573
139
713
722
140
556
1
789
239
1530
809
70
1876
663
809
717
713
582
400
1772
729
1029
931
456
450
777
765
1521
333
35
701
610
1417
789
125
698
702
395
319
32
853
320
133
978
226
617
1530
633
5
617
1521
395
784
700
142
2140
140
229
728
139
29
712
608
853
698
226
69
663
765
778
78
582
225
1525
414
1003
585
1772
396
1523
797
1876
722
133
1893
814
69
1800
729
130
225
726
702
320
1
226
2187
701
307
1003
787
125
2534
700
91
139
140
129
931
1876
663
333
308
582
853
271
978
229
141
523
395
797
617
1417
585
809
271
319
451
228
307
324
1771
320
91
31
2534
133
712
978
701
1800
1029
32
69
491
610
772
35
142
450
140
450
324
1800
1525
69
701
35
132
451
663
795
1523
307
698
1530
271
978
832
853
765
1
713
225
32
2140
610
778
1029
573
729
700
702
556
320
722
165
5
787
450
307
132
2140
31
722
663
814
70
400
582
271
333
149
523
1530
2534
451
795
978
226
308
140
726
456
396
395
701
584
1772
229
585
395
139
726
130
125
1003
324
165
713
1893
69
307
772
1417
308
2187
853
722
797
1800
228
729
789
390
787
700
573
70
584
319
1771
239
728
1697
1876
456
931
633
78
1530
787
133
2534
1523
271
29
717
1772
712
721
320
139
784
37
91
2140
1521
70
795
451
1029
165
726
978
450
69
5
585
414
1771
2140
456
573
1
584
130
225
142
702
141
308
787
1029
795
712
1523
139
395
784
78
126
5
772
1530
140
229
608
133
307
333
149
617
1003
165
31
722
1
37
1771
228
390
225
307
1525
1521
784
832
456
1523
319
451
129
2187
712
1030
1772
126
700
1417
584
130
5
1003
1530
765
778
31
450
728
491
32
400
390
451
728
797
126
1771
78
1800
1523
765
1697
663
2140
229
140
777
239
149
450
778
125
29
726
271
721
228
1893
1885
702
701
35
129
931
713
787
701
726
129
307
31
1
1030
931
722
633
400
29
523
142
141
320
2534
853
729
390
1523
2187
132
396
37
1029
324
229
414
133
663
491
797
140
29
390
324
1876
225
1029
765
700
450
132
1030
610
1885
1800
149
608
617
1772
701
729
2140
721
5
456
931
320
789
78
133
70
712
702
396
795
523
320
225
132
663
226
5
395
324
789
1800
29
584
712
390
617
795
713
722
777
125
35
1029
610
491
582
307
1521
133
451
721
608
809
787
239
1772
610
1525
832
2187
1521
701
239
140
809
585
698
35
1523
777
229
1030
713
712
556
765
69
728
2140
717
70
1771
784
797
32
584
789
319
450
608
608
1521
307
31
1772
226
814
129
712
125
617
450
229
126
777
633
729
1885
320
141
778
456
809
610
1771
701
239
584
722
1893
165
582
308
523
1530
