13
196
205
172
178
293
300
1934
4153
6607
394
2269
1740
1798
2065
1363
342
605
4297
4504
3155
3175
228
3220
575
8364
1899
4743
1420
1920
1196
1067
7105
2192
6699
409
293
13
170
196
172
205
1182
2026
5850
3020
4660
3970
1411
1762
2818
6393
2081
356
3523
1989
4047
6382
191
3518
3341
2262
2255
1485
324
8592
9324
4168
8236
4739
420
170
205
178
13
196
293
4156
1230
4750
106
1212
868
4285
4886
717
2537
291
1443
5053
7951
225
8339
3193
615
6897
1199
3707
9125
200
3217
437
3004
3064
1355
195
196
170
205
293
409
166
1402
1392
3098
1574
8371
3160
444
1968
2975
3954
4156
2622
7409
253
106
1921
6917
602
4318
917
1536
727
3044
1749
6077
3556
4664
3032
13
172
300
195
205
409
420
1765
1614
1902
1934
608
1603
338
277
6919
4894
3348
1001
952
295
4158
6261
3008
3603
3197
369
5068
5325
5306
3572
3026
2508
8877
2050
205
166
196
195
178
13
293
3028
7614
411
481
5477
5325
3093
3961
4973
3530
1883
6132
1182
6243
161
5489
1389
8377
184
1408
3003
6031
8371
3095
110
7107
2145
699
178
170
13
196
409
420
205
1412
1911
4362
3209
4313
2666
484
1199
5151
629
3336
3884
4001
1503
9777
2247
102
8783
3576
1585
1763
1775
1801
9294
307
4557
692
353
196
170
293
409
420
205
166
1780
2631
343
2185
2842
5499
482
839
4721
6149
6746
4380
4650
954
449
6424
3341
318
2546
1477
2586
2123
1547
7322
1718
1379
375
1395
195
178
170
409
300
293
166
4572
8072
204
4557
383
3161
4881
379
5487
275
5496
5563
2673
3102
7713
4259
1780
1684
7890
8740
1951
2635
3317
5094
94
2231
402
8279
178
166
293
170
300
13
195
8355
1585
3251
4882
2175
3938
1376
608
3278
3266
417
1388
3710
281
3521
3027
3253
1387
8775
698
8390
1591
4033
384
2689
4919
2036
4001
205
170
172
13
166
195
300
1872
313
1612
1973
230
429
2232
1998
5393
4034
4796
8721
2197
1833
5366
5327
6151
7302
1580
1807
5173
6053
309
527
1792
450
3213
1388
293
409
178
420
300
195
196
721
364
950
6550
8873
1547
444
415
2145
6894
1789
3260
3285
723
4050
2677
8258
254
1353
1669
1906
4329
6916
2539
3940
4029
2268
6141
13
172
178
166
409
205
195
429
3553
362
5532
2668
9383
5482
1798
3218
4862
715
2061
2175
1390
88
230
208
1196
8849
7368
3275
9120
231
368
345
1942
1375
3351
420
195
409
205
178
293
166
434
9057
2852
3020
2658
1554
2992
6393
890
6457
6488
1571
111
7082
1373
621
2528
4350
3102
8424
282
8260
3125
2284
3341
5080
5992
3024
420
300
409
195
205
172
170
452
208
9807
301
117
602
8389
302
3026
2948
1275
398
2962
215
8209
256
6938
1215
3213
3689
3577
3975
1395
5853
8315
2664
429
5186
178
300
13
172
170
205
409
362
7879
9732
386
3923
1797
7390
3004
3956
8370
1262
2646
7102
3688
1574
1893
3244
2186
1386
3141
127
1405
4378
6916
2200
6606
4260
785
205
178
195
420
300
409
170
618
4358
2933
453
3362
6736
3024
1388
193
3272
705
3169
4502
4351
377
436
1443
183
4088
608
190
241
1232
5848
5060
3285
3968
8272
172
409
170
420
196
293
300
3123
3303
1443
7379
4575
180
3200
307
393
1378
1297
9767
1391
3218
3875
3341
262
5961
6488
8169
236
642
2948
4274
283
4662
2706
278
300
13
195
196
170
172
205
4862
1835
1703
198
8340
3949
7879
1209
2247
2150
6916
1474
2582
370
7505
9595
2017
1499
1537
3272
5859
1387
5979
112
295
1369
6132
6457
166
293
195
409
205
300
13
1847
6489
1999
7227
567
4332
296
4653
634
8406
7348
3306
3516
465
3198
444
1018
7098
2953
1500
2212
3943
2147
438
1875
1200
275
9125
178
166
409
420
293
196
300
3222
2676
1362
1470
3026
177
5469
8817
655
1834
1188
7133
832
2668
8166
1170
406
3923
6404
1214
6121
3097
2765
661
1491
1360
2228
4802
293
205
300
172
178
170
196
251
1591
2105
3009
204
2092
214
2086
634
328
618
3936
3262
1414
6119
858
3535
3141
190
1232
3112
1709
1510
9342
8067
7559
691
1579
205
166
300
170
196
409
420
5867
4560
4318
1507
187
3516
7722
3126
329
448
173
3018
5300
5489
5080
416
6483
2200
1001
6920
6488
9226
1564
1820
7132
791
197
3175
172
166
195
420
409
170
205
102
736
1876
7405
1824
6148
353
8989
7348
2689
9337
246
1152
1408
4278
8175
2659
6171
3051
3173
3605
1386
1508
3917
3251
344
1582
5091
300
13
170
205
166
409
196
686
1751
3265
239
5893
78
5865
2135
2511
2217
1402
6457
8315
4156
8744
4639
2049
1527
1490
1824
2211
4150
2300
5062
5842
3610
2007
282
178
300
166
13
172
195
293
385
4074
7309
324
481
2235
281
1491
8634
7829
209
6457
1385
4254
4045
2820
1751
8054
1757
7866
1177
1556
6921
3266
616
2029
2009
3509
172
300
195
13
178
409
170
5365
88
4067
4661
3356
4826
8900
188
9380
2858
4768
269
275
268
2017
1489
6126
1945
2008
116
8380
622
1158
3271
1952
797
3306
4001
420
172
170
178
13
196
205
5436
3265
1175
570
6205
8689
644
5485
3600
1558
2022
3262
712
340
8938
8068
9091
4600
2023
282
2091
4842
1734
87
1902
7017
1354
7505
166
172
293
300
409
420
170
804
458
2665
1526
355
5360
2206
251
1601
3012
908
5301
5980
1391
1229
2101
4240
388
459
4907
3540
620
1443
1210
1371
176
9042
3343
170
293
172
195
13
205
196
423
2490
2962
116
5419
298
1386
3967
4461
8575
1751
3235
3549
5326
180
3093
5629
427
3181
2999
3323
2465
3172
6077
6149
3193
313
4300
205
409
172
178
195
170
300
7017
200
4706
5509
6489
394
4323
1383
3268
681
208
5362
6491
3122
1190
1585
594
4958
351
367
6915
299
6141
303
235
264
1489
322
195
13
205
178
293
300
420
327
7192
5064
1443
3235
175
6454
2633
3938
1312
2637
802
2763
3041
7071
3970
1472
442
304
3943
1207
1263
182
7390
116
1232
4303
3971
13
196
420
195
172
170
178
785
220
2005
1868
2825
7971
2554
7336
3341
2337
2947
1208
3010
3255
846
7721
5023
1474
4341
1862
2075
324
6872
3961
6243
3970
1524
3208
178
166
293
420
170
300
409
451
1685
95
6132
3181
2823
4997
620
1182
5481
6134
2063
239
3333
5301
8361
456
110
383
4313
7192
2156
3294
3971
2169
8407
4044
3308
172
178
293
166
13
195
420
6521
4156
1676
274
1373
1391
1893
451
785
5364
5621
706
1359
190
5015
11
6893
4809
4048
252
3249
4022
7635
4650
1473
2852
644
8432
13
420
178
195
170
172
166
7722
2836
5399
4024
8158
1952
5218
3581
3973
2128
5074
1507
1237
2116
1522
4813
2527
4152
204
3317
2542
1238
1215
6
1802
631
180
3946
172
420
409
196
195
170
13
338
631
1161
197
4638
311
427
2197
4161
5479
2027
3287
957
369
3141
324
4875
450
1526
3217
2483
1817
3271
7675
1774
320
885
8260
172
195
420
178
293
205
300
8906
3018
8405
4489
625
2145
383
5354
1393
3536
8388
1385
8989
230
187
1532
9195
4271
168
1714
8222
4947
1354
9248
861
5845
8410
3972
409
293
420
196
300
195
172
2666
5054
7878
8269
3348
1867
8147
399
4292
1814
4602
4782
858
5094
1402
3034
5880
3098
484
3240
3044
6155
441
6488
447
479
3329
7632
170
205
293
178
300
409
172
5506
1210
8900
3222
1779
1375
556
7071
2962
2169
8044
438
2956
9027
323
3947
1847
2487
6879
3415
8158
3577
405
2991
8281
736
4340
839
13
170
196
409
166
420
293
1237
1835
2623
849
1170
3094
1199
1921
461
3185
2168
476
2105
5053
6247
4321
304
3988
1489
7540
5619
361
1488
3888
1446
4747
1221
254
170
195
13
166
205
420
293
344
5080
3486
8281
3231
785
8327
1383
350
3170
1770
8365
2177
411
3216
356
3978
2076
2022
6184
2171
1813
3102
9125
8363
1208
3176
4802
420
166
178
293
195
409
196
4153
1375
8315
6148
462
6830
3398
1876
3538
2021
177
338
3341
4281
1585
7102
7845
2675
1233
2073
848
2471
1844
1606
3237
2492
3317
747
13
196
293
166
178
420
300
160
4359
3938
5980
2192
1944
7202
3108
848
362
2206
245
6074
721
3168
3644
4021
681
1919
9078
716
3256
3268
717
4043
1392
3198
5119
409
300
195
172
293
196
420
1364
240
6426
327
3590
3041
3098
9045
1669
3886
5507
94
4571
6227
2050
429
5325
1914
1373
1732
400
4783
6249
701
1210
1395
1905
5869
170
293
13
300
172
178
409
2045
1412
2166
659
1160
3253
2664
1309
2308
2984
1443
6485
4553
2956
3268
3306
2495
804
647
3375
3194
458
4047
241
9908
1413
1397
1771
293
409
300
195
178
172
13
1739
1436
1881
4313
2995
2294
952
6457
951
1386
317
3266
727
403
704
1297
2258
7713
1732
405
3609
8694
298
3004
2560
7971
3934
1713
420
172
178
166
409
170
205
2123
6519
625
334
3220
5032
1548
402
2032
2823
1238
1270
2134
447
773
1066
2486
2294
8850
8407
4991
7483
3527
5218
8842
1543
3600
7309
420
166
170
409
13
205
172
3273
9156
3270
460
3032
1378
1151
5372
5231
627
5375
95
4279
4047
1992
5188
1825
260
8279
3159
1792
348
7295
3559
1831
7371
1572
5846
170
409
293
178
196
205
195
5362
269
5057
5610
8517
1231
8141
303
6128
3688
8186
7408
434
2591
5314
4498
1385
3335
3600
3929
1982
2137
4902
2763
4557
4507
3243
1826
