279
479
614
94
97
59
966
281
115
32
328
387
313
672
474
1074
525
1966
81
673
453
284
76
25
179
480
83
561
82
29
731
477
663
78
121
279
479
614
94
97
59
966
281
115
32
328
387
313
672
474
1074
525
1966
81
673
453
284
76
25
179
480
83
561
82
29
731
477
663
78
121
313
281
29
614
453
673
121
81
1074
179
83
1966
479
966
328
663
82
731
279
397
480
477
561
525
78
32
94
276
76
672
392
115
284
387
27
313
281
29
614
453
673
121
81
1074
179
83
1966
479
966
328
663
82
731
279
397
480
477
561
525
78
32
94
276
76
672
392
115
284
387
27
27
397
328
97
561
29
673
25
76
81
24
614
276
525
121
284
59
480
279
281
313
966
78
672
32
83
82
479
392
115
1966
477
731
663
94
27
397
328
97
561
29
673
25
76
81
24
614
276
525
121
284
59
480
279
281
313
966
78
672
32
83
82
479
392
115
1966
477
731
663
94
525
474
672
83
1966
82
281
276
313
115
453
27
97
479
477
392
328
279
32
480
673
94
663
1074
614
179
121
76
561
59
24
966
731
25
387
525
474
672
83
1966
82
281
276
313
115
453
27
97
479
477
392
328
279
32
480
673
94
663
1074
614
179
121
76
561
59
24
966
731
25
387
59
32
966
82
673
27
731
525
115
276
83
121
397
281
672
25
392
480
561
614
76
284
29
477
94
387
1074
474
81
179
78
279
97
453
328
59
32
966
82
673
27
731
525
115
276
83
121
397
281
672
25
392
480
561
614
76
284
29
477
94
387
1074
474
81
179
78
279
97
453
328
276
614
397
94
284
474
179
78
279
672
83
97
480
121
477
25
453
392
561
59
32
82
29
525
281
387
731
27
81
966
1074
24
76
663
673
276
614
397
94
284
474
179
78
279
672
83
97
480
121
477
25
453
392
561
59
32
82
29
525
281
387
731
27
81
966
1074
24
76
663
673
479
313
392
525
121
27
328
81
25
480
397
387
477
76
179
561
663
24
115
94
453
672
474
966
32
731
82
97
614
1074
284
276
78
279
29
479
313
392
525
121
27
328
81
25
480
397
387
477
76
179
561
663
24
115
94
453
672
474
966
32
731
82
97
614
1074
284
276
78
279
29
561
179
477
614
479
525
673
81
115
663
25
82
284
397
279
480
392
672
313
474
27
1074
97
24
1966
453
328
387
731
121
59
83
94
276
78
561
179
477
614
479
525
673
81
115
663
25
82
284
397
279
480
392
672
313
474
27
1074
97
24
1966
453
328
387
731
121
59
83
94
276
78
81
480
76
281
397
561
966
94
663
25
1074
672
474
82
59
276
27
328
279
387
731
479
24
1966
115
313
525
284
78
392
121
453
32
179
477
81
480
76
281
397
561
966
94
663
25
1074
672
474
82
59
276
27
328
279
387
731
479
24
1966
115
313
525
284
78
392
121
453
32
179
477
313
281
479
397
673
477
561
94
279
115
672
24
614
29
1966
328
83
78
27
663
966
387
25
474
284
179
480
76
276
121
525
97
1074
32
59
313
281
479
397
673
477
561
94
279
115
672
24
614
29
1966
328
83
78
27
663
966
387
25
474
284
179
480
76
276
121
525
97
1074
32
59
474
284
27
179
78
479
76
673
121
276
82
25
387
397
1074
731
561
966
525
328
1966
392
614
672
281
94
32
29
477
97
279
480
115
313
81
474
284
27
179
78
479
76
673
121
276
82
25
387
397
1074
731
561
966
525
328
1966
392
614
672
281
94
32
29
477
97
279
480
115
313
81
1966
1074
525
614
279
561
59
32
387
966
276
29
81
328
179
97
82
78
672
663
121
24
453
284
27
480
477
115
313
83
25
392
94
731
397
1966
1074
525
614
279
561
59
32
387
966
276
29
81
328
179
97
82
78
672
663
121
24
453
284
27
480
477
115
313
83
25
392
94
731
397
477
59
313
525
966
115
1966
97
27
453
479
83
561
328
82
78
663
32
76
392
276
24
480
81
672
281
179
121
279
25
284
614
387
1074
731
477
59
313
525
966
115
1966
97
27
453
479
83
561
328
82
78
663
32
76
392
276
24
480
81
672
281
179
121
279
25
284
614
387
1074
731
1966
279
474
94
561
82
672
1074
24
392
525
81
78
121
480
25
83
663
284
29
97
477
313
76
453
59
673
479
387
281
27
276
966
328
731
1966
279
474
94
561
82
672
1074
24
392
525
81
78
121
480
25
83
663
284
29
97
477
313
76
453
59
673
479
387
281
27
276
966
328
731
281
387
672
97
663
1074
474
179
78
525
397
328
94
76
59
614
1966
279
83
392
32
29
673
731
276
284
561
24
81
313
121
453
479
82
966
281
387
672
97
663
1074
474
179
78
525
397
328
94
76
59
614
1966
279
83
392
32
29
673
731
276
284
561
24
81
313
121
453
479
82
966
731
479
94
115
673
1074
121
276
279
477
614
387
966
480
24
392
179
1966
59
328
672
281
525
663
32
284
25
29
83
81
97
453
27
397
76
731
479
94
115
673
1074
121
276
279
477
614
387
966
480
24
392
179
1966
59
328
672
281
525
663
32
284
25
29
83
81
97
453
27
397
76
614
525
82
78
27
313
83
97
1966
1074
392
25
474
279
480
673
663
59
453
32
276
672
731
121
179
479
284
397
328
81
966
281
387
561
477
614
525
82
78
27
313
83
97
1966
1074
392
25
474
279
480
673
663
59
453
32
276
672
731
121
179
479
284
397
328
81
966
281
387
561
477
32
279
453
59
27
284
24
29
672
276
479
614
1966
81
328
966
477
82
480
281
97
313
392
121
525
1074
94
387
474
663
397
25
115
731
179
32
279
453
59
27
284
24
29
672
276
479
614
1966
81
328
966
477
82
480
281
97
313
392
121
525
1074
94
387
474
663
397
25
115
731
179
29
32
94
83
81
387
281
966
276
663
97
614
121
1074
561
453
78
328
27
59
179
397
115
392
82
1966
284
474
25
480
525
673
279
76
479
29
32
94
83
81
387
281
966
276
663
97
614
121
1074
561
453
78
328
27
59
179
397
115
392
82
1966
284
474
25
480
525
673
279
76
479
1074
328
32
673
76
614
480
479
1966
672
97
121
29
279
281
474
284
25
276
94
731
78
453
81
561
27
663
477
397
392
115
82
966
387
24
1074
328
32
673
76
614
480
479
1966
672
97
121
29
279
281
474
284
25
276
94
731
78
453
81
561
27
663
477
397
392
115
82
966
387
24
480
284
561
387
663
25
29
1966
281
121
392
525
78
81
59
966
82
179
479
32
1074
453
97
27
731
477
328
672
474
83
673
614
276
313
24
480
284
561
387
663
25
29
1966
281
121
392
525
78
81
59
966
82
179
479
32
1074
453
97
27
731
477
328
672
474
83
673
614
276
313
24
81
83
663
279
480
115
477
29
27
25
284
387
453
179
392
1074
94
82
561
525
397
673
276
731
474
1966
32
672
59
313
479
328
76
281
24
81
83
663
279
480
115
477
29
27
25
284
387
453
179
392
1074
94
82
561
525
397
673
276
731
474
1966
32
672
59
313
479
328
76
281
24
29
614
474
27
81
673
480
966
672
397
313
121
24
663
279
97
83
179
731
78
76
115
59
453
328
25
82
392
525
1966
387
479
281
477
561
29
614
474
27
81
673
480
966
672
397
313
121
24
663
279
97
83
179
731
78
76
115
59
453
328
25
82
392
525
1966
387
479
281
477
561
392
561
276
97
279
328
525
83
115
474
284
59
179
1966
397
1074
281
479
25
78
94
480
32
673
82
387
731
477
24
966
29
121
663
313
81
392
561
276
97
279
328
525
83
115
474
284
59
179
1966
397
1074
281
479
25
78
94
480
32
673
82
387
731
477
24
966
29
121
663
313
81
966
83
32
78
29
672
279
480
477
121
284
561
663
328
525
25
731
97
614
313
1966
397
479
27
673
115
82
59
81
281
276
179
1074
387
474
966
83
32
78
29
672
279
480
477
121
284
561
663
328
525
25
731
97
614
313
1966
397
479
27
673
115
82
59
81
281
276
179
1074
387
474
