1009
1369
1237
1940
614
1319
1515
75
1310
81
809
810
105
1368
725
2102
1091
715
576
577
608
1130
184
1523
203
1254
605
1889
2046
705
314
318
319
2061
1869
679
2621
688
399
220
1009
1369
1237
1940
614
1319
1515
75
1310
81
809
810
105
1368
725
2102
1091
715
576
577
608
1130
184
1523
203
1254
605
1889
2046
705
314
318
319
2061
1869
679
2621
688
399
220
1009
1369
1237
1940
614
1319
1515
75
1310
81
809
810
105
1368
725
2102
1091
715
576
577
608
1130
184
1523
203
1254
605
1889
2046
705
314
318
319
2061
1869
679
2621
688
399
220
1009
1369
1237
1940
614
1319
1515
75
1310
81
809
810
105
1368
725
2102
1091
715
576
577
608
1130
184
1523
203
1254
605
1889
2046
705
314
318
319
2061
1869
679
2621
688
399
220
1009
1369
1237
1940
614
1319
1515
75
1310
81
809
810
105
1368
725
2102
1091
715
576
577
608
1130
184
1523
203
1254
605
1889
2046
705
314
318
319
2061
1869
679
2621
688
399
220
1009
1369
1237
1940
614
1319
1515
75
1310
81
809
810
105
1368
725
2102
1091
715
576
577
608
1130
184
1523
203
1254
605
1889
2046
705
314
318
319
2061
1869
679
2621
688
399
220
1009
1369
1237
1940
614
1319
1515
75
1310
81
809
810
105
1368
725
2102
1091
715
576
577
608
1130
184
1523
203
1254
605
1889
2046
705
314
318
319
2061
1869
679
2621
688
399
220
1009
1369
1237
1940
614
1319
1515
75
1310
81
809
810
105
1368
725
2102
1091
715
576
577
608
1130
184
1523
203
1254
605
1889
2046
705
314
318
319
2061
1869
679
2621
688
399
220
1009
1369
1237
1940
614
1319
1515
75
1310
81
809
810
105
1368
725
2102
1091
715
576
577
608
1130
184
1523
203
1254
605
1889
2046
705
314
318
319
2061
1869
679
2621
688
399
220
1009
1369
1237
1940
614
1319
1515
75
1310
81
809
810
105
1368
725
2102
1091
715
576
577
608
1130
184
1523
203
1254
605
1889
2046
705
314
318
319
2061
1869
679
2621
688
399
220
1009
1369
1237
1940
614
1319
1515
75
1310
81
809
810
105
1368
725
2102
1091
715
576
577
608
1130
184
1523
203
1254
605
1889
2046
705
314
318
319
2061
1869
679
2621
688
399
220
1009
1369
1237
1940
614
1319
1515
75
1310
81
809
810
105
1368
725
2102
1091
715
576
577
608
1130
184
1523
203
1254
605
1889
2046
705
314
318
319
2061
1869
679
2621
688
399
220
1009
1369
1237
1940
614
1319
1515
75
1310
81
809
810
105
1368
725
2102
1091
715
576
577
608
1130
184
1523
203
1254
605
1889
2046
705
314
318
319
2061
1869
679
2621
688
399
220
1009
1369
1237
1940
614
1319
1515
75
1310
81
809
810
105
1368
725
2102
1091
715
576
577
608
1130
184
1523
203
1254
605
1889
2046
705
314
318
319
2061
1869
679
2621
688
399
220
1009
1369
1237
1940
614
1319
1515
75
1310
81
809
810
105
1368
725
2102
1091
715
576
577
608
1130
184
1523
203
1254
605
1889
2046
705
314
318
319
2061
1869
679
2621
688
399
220
1009
1369
1237
1940
614
1319
1515
75
1310
81
809
810
105
1368
725
2102
1091
715
576
577
608
1130
184
1523
203
1254
605
1889
2046
705
314
318
319
2061
1869
679
2621
688
399
220
1009
1369
1237
1940
614
1319
1515
75
1310
81
809
810
105
1368
725
2102
1091
715
576
577
608
1130
184
1523
203
1254
605
1889
2046
705
314
318
319
2061
1869
679
2621
688
399
220
1009
1369
1237
1940
614
1319
1515
75
1310
81
809
810
105
1368
725
2102
1091
715
576
577
608
1130
184
1523
203
1254
605
1889
2046
705
314
318
319
2061
1869
679
2621
688
399
220
1009
1369
1237
1940
614
1319
1515
75
1310
81
809
810
105
1368
725
2102
1091
715
576
577
608
1130
184
1523
203
1254
605
1889
2046
705
314
318
319
2061
1869
679
2621
688
399
220
1009
1369
1237
1940
614
1319
1515
75
1310
81
809
810
105
1368
725
2102
1091
715
576
577
608
1130
184
1523
203
1254
605
1889
2046
705
314
318
319
2061
1869
679
2621
688
399
220
1009
1369
1237
1940
614
1319
1515
75
1310
81
809
810
105
1368
725
2102
1091
715
576
577
608
1130
184
1523
203
1254
605
1889
2046
705
314
318
319
2061
1869
679
2621
688
399
220
1009
1369
1237
1940
614
1319
1515
75
1310
81
809
810
105
1368
725
2102
1091
715
576
577
608
1130
184
1523
203
1254
605
1889
2046
705
314
318
319
2061
1869
679
2621
688
399
220
1009
1369
1237
1940
614
1319
1515
75
1310
81
809
810
105
1368
725
2102
1091
715
576
577
608
1130
184
1523
203
1254
605
1889
2046
705
314
318
319
2061
1869
679
2621
688
399
220
1009
1369
1237
1940
614
1319
1515
75
1310
81
809
810
105
1368
725
2102
1091
715
576
577
608
1130
184
1523
203
1254
605
1889
2046
705
314
318
319
2061
1869
679
2621
688
399
220
1009
1369
1237
1940
614
1319
1515
75
1310
81
809
810
105
1368
725
2102
1091
715
576
577
608
1130
184
1523
203
1254
605
1889
2046
705
314
318
319
2061
1869
679
2621
688
399
220
1009
1369
1237
1940
614
1319
1515
75
1310
81
809
810
105
1368
725
2102
1091
715
576
577
608
1130
184
1523
203
1254
605
1889
2046
705
314
318
319
2061
1869
679
2621
688
399
220
1009
1369
1237
1940
614
1319
1515
75
1310
81
809
810
105
1368
725
2102
1091
715
576
577
608
1130
184
1523
203
1254
605
1889
2046
705
314
318
319
2061
1869
679
2621
688
399
220
1009
1369
1237
1940
614
1319
1515
75
1310
81
809
810
105
1368
725
2102
1091
715
576
577
608
1130
184
1523
203
1254
605
1889
2046
705
314
318
319
2061
1869
679
2621
688
399
220
1009
1369
1237
1940
614
1319
1515
75
1310
81
809
810
105
1368
725
2102
1091
715
576
577
608
1130
184
1523
203
1254
605
1889
2046
705
314
318
319
2061
1869
679
2621
688
399
220
1009
1369
1237
1940
614
1319
1515
75
1310
81
809
810
105
1368
725
2102
1091
715
576
577
608
1130
184
1523
203
1254
605
1889
2046
705
314
318
319
2061
1869
679
2621
688
399
220
1009
1369
1237
1940
614
1319
1515
75
1310
81
809
810
105
1368
725
2102
1091
715
576
577
608
1130
184
1523
203
1254
605
1889
2046
705
314
318
319
2061
1869
679
2621
688
399
220
1009
1369
1237
1940
614
1319
1515
75
1310
81
809
810
105
1368
725
2102
1091
715
576
577
608
1130
184
1523
203
1254
605
1889
2046
705
314
318
319
2061
1869
679
2621
688
399
220
1009
1369
1237
1940
614
1319
1515
75
1310
81
809
810
105
1368
725
2102
1091
715
576
577
608
1130
184
1523
203
1254
605
1889
2046
705
314
318
319
2061
1869
679
2621
688
399
220
1009
1369
1237
1940
614
1319
1515
75
1310
81
809
810
105
1368
725
2102
1091
715
576
577
608
1130
184
1523
203
1254
605
1889
2046
705
314
318
319
2061
1869
679
2621
688
399
220
1009
1369
1237
1940
614
1319
1515
75
1310
81
809
810
105
1368
725
2102
1091
715
576
577
608
1130
184
1523
203
1254
605
1889
2046
705
314
318
319
2061
1869
679
2621
688
399
220
1009
1369
1237
1940
614
1319
1515
75
1310
81
809
810
105
1368
725
2102
1091
715
576
577
608
1130
184
1523
203
1254
605
1889
2046
705
314
318
319
2061
1869
679
2621
688
399
220
1009
1369
1237
1940
614
1319
1515
75
1310
81
809
810
105
1368
725
2102
1091
715
576
577
608
1130
184
1523
203
1254
605
1889
2046
705
314
318
319
2061
1869
679
2621
688
399
220
1009
1369
1237
1940
614
1319
1515
75
1310
81
809
810
105
1368
725
2102
1091
715
576
577
608
1130
184
1523
203
1254
605
1889
2046
705
314
318
319
2061
1869
679
2621
688
399
220
1009
1369
1237
1940
614
1319
1515
75
1310
81
809
810
105
1368
725
2102
1091
715
576
577
608
1130
184
1523
203
1254
605
1889
2046
705
314
318
319
2061
1869
679
2621
688
399
220
1009
1369
1237
1940
614
1319
1515
75
1310
81
809
810
105
1368
725
2102
1091
715
576
577
608
1130
184
1523
203
1254
605
1889
2046
705
314
318
319
2061
1869
679
2621
688
399
220
1009
1369
1237
1940
614
1319
1515
75
1310
81
809
810
105
1368
725
2102
1091
715
576
577
608
1130
184
1523
203
1254
605
1889
2046
705
314
318
319
2061
1869
679
2621
688
399
220
1009
1369
1237
1940
614
1319
1515
75
1310
81
809
810
105
1368
725
2102
1091
715
576
577
608
1130
184
1523
203
1254
605
1889
2046
705
314
318
319
2061
1869
679
2621
688
399
220
1009
1369
1237
1940
614
1319
1515
75
1310
81
809
810
105
1368
725
2102
1091
715
576
577
608
1130
184
1523
203
1254
605
1889
2046
705
314
318
319
2061
1869
679
2621
688
399
220
1009
1369
1237
1940
614
1319
1515
75
1310
81
809
810
105
1368
725
2102
1091
715
576
577
608
1130
184
1523
203
1254
605
1889
2046
705
314
318
319
2061
1869
679
2621
688
399
220
1009
1369
1237
1940
614
1319
1515
75
1310
81
809
810
105
1368
725
2102
1091
715
576
577
608
1130
184
1523
203
1254
605
1889
2046
705
314
318
319
2061
1869
679
2621
688
399
220
1009
1369
1237
1940
614
1319
1515
75
1310
81
809
810
105
1368
725
2102
1091
715
576
577
608
1130
184
1523
203
1254
605
1889
2046
705
314
318
319
2061
1869
679
2621
688
399
220
1009
1369
1237
1940
614
1319
1515
75
1310
81
809
810
105
1368
725
2102
1091
715
576
577
608
1130
184
1523
203
1254
605
1889
2046
705
314
318
319
2061
1869
679
2621
688
399
220
1009
1369
1237
1940
614
1319
1515
75
1310
81
809
810
105
1368
725
2102
1091
715
576
577
608
1130
184
1523
203
1254
605
1889
2046
705
314
318
319
2061
1869
679
2621
688
399
220
1009
1369
1237
1940
614
1319
1515
75
1310
81
809
810
105
1368
725
2102
1091
715
576
577
608
1130
184
1523
203
1254
605
1889
2046
705
314
318
319
2061
1869
679
2621
688
399
220
1009
1369
1237
1940
614
1319
1515
75
1310
81
809
810
105
1368
725
2102
1091
715
576
577
608
1130
184
1523
203
1254
605
1889
2046
705
314
318
319
2061
1869
679
2621
688
399
220
