229
1771
1
2972
16
1400
777
299
1872
1638
1373
7
2882
230
1018
763
1810
1860
361
218
1506
808
923
1353
211
521
772
2
235
689
238
1102
3204
78
2394
2387
377
1227
1175
3202
3471
1008
521
299
238
1794
218
808
2994
377
1175
2882
16
235
1093
91
1400
848
940
2058
1831
916
480
40
20
485
491
473
1633
1921
1498
5
1018
776
772
1771
211
1102
2050
1227
919
481
923
3
4
1373
214
1018
1802
763
483
1831
747
5
491
1002
1353
2394
16
1227
72
856
819
994
683
2882
1008
2387
218
229
689
1278
3204
848
1771
6
1097
1400
940
521
7
1097
916
229
1640
4539
483
1190
1506
1102
211
1872
1008
1638
1498
1
2211
3025
6
1002
2387
230
1018
70
728
361
299
238
808
771
2882
763
2
3471
1400
1175
4391
214
37
802
60
6
994
1002
235
470
3626
5
805
1400
377
1794
1008
689
1
4
801
521
856
3471
468
7
223
3196
610
916
851
812
212
211
940
919
91
1498
2348
1771
715
4544
472
218
808
994
1373
78
1018
4
5
229
1190
1631
3474
2211
7
1353
238
235
218
72
1102
487
689
489
377
361
211
940
1301
468
230
473
923
1
521
2348
1818
1810
2387
299
1093
91
229
1227
1498
808
1506
1802
7
230
1175
1097
1872
689
1771
923
2
736
805
1018
238
40
1190
856
1
4
485
585
776
521
1373
940
916
1008
2882
3473
1400
3196
1817
1353
848
361
15
916
856
919
488
689
1227
794
4391
1008
2211
91
1498
377
1799
491
923
361
483
487
1102
1018
2058
827
808
230
214
1097
2394
4
40
235
211
3196
7
1190
1002
238
1353
1400
1227
801
1097
211
1002
361
994
1506
1373
1498
1008
3473
1771
2211
72
1638
689
6
1799
808
848
2882
4
1102
919
472
923
4544
2050
7
299
1175
1400
230
747
218
521
940
235
1633
1400
1885
1102
1771
3473
6
5
1498
229
2211
755
238
1278
230
1849
377
3196
1008
1823
1802
1506
1227
1353
1097
2294
689
1
214
919
2387
1810
4391
827
487
91
2
2882
4
916
940
377
994
808
361
1799
1002
3204
1093
919
1008
4544
214
1373
468
235
4539
6
2882
1190
802
1827
218
2484
481
1
777
238
5
1353
772
4391
1771
471
1498
1175
1794
470
1400
812
211
3473
907
229
16
2
1506
1775
1190
6
1373
1921
2882
1
808
1818
1175
230
1097
4391
238
7
1849
916
774
1771
2394
1093
747
4
848
772
5
689
585
1872
488
1631
994
1400
610
238
468
923
299
2882
2
1278
689
1810
488
15
4391
2387
489
1018
229
747
1400
214
805
1102
1498
1631
235
1190
377
4
919
2484
1227
8
483
2211
6
1817
1
471
994
2345
2294
218
521
2394
1373
2294
361
299
72
1
1771
1794
1810
468
919
5
7
214
916
857
1102
808
235
481
715
91
40
1190
2211
1018
6
1498
1827
4
1227
923
728
3490
238
3196
777
1102
5
1
78
485
2882
361
1775
940
4544
2211
779
1097
218
1872
1631
994
299
689
230
3474
1002
229
487
772
1190
916
2058
468
827
856
238
923
488
848
806
2
683
3196
774
1640
1400
763
2387
1097
1190
923
5
91
1227
857
1831
2882
1498
1
771
235
472
916
218
1849
229
1633
610
4
805
238
4391
1771
6
1373
40
747
4539
919
3646
485
689
994
3471
1
1353
521
361
2882
1498
808
230
214
7
470
3473
776
916
1506
4
1227
377
994
1640
1175
91
1860
1821
6
689
805
771
5
1018
779
229
4391
1102
1771
488
483
468
1190
923
940
1506
40
1498
218
377
3204
488
1227
299
1827
2345
994
8
1353
1799
229
238
7
361
4
2
521
1102
1373
211
1008
916
772
230
923
2348
91
4544
214
1860
919
2882
1190
2994
2882
1771
1353
377
1799
919
468
1638
235
484
776
1872
610
8
230
3202
1002
7
916
2
299
1278
994
1640
1498
1966
1190
779
851
1506
1102
6
470
1
2211
3204
1227
37
3025
483
1373
2481
218
481
6
489
916
214
808
801
235
91
3204
229
1353
1799
373
848
1002
689
1008
211
819
468
1849
1771
238
777
2
2394
1278
1872
230
4
3196
2058
521
1227
485
747
91
1506
1771
1640
779
763
1018
377
585
923
238
808
4
214
230
1817
1860
857
1966
1498
60
1810
521
5
689
1227
940
1831
1400
1799
211
2294
468
715
1097
2387
3646
7
994
1373
15
2882
940
994
2387
1
238
1400
40
373
1097
377
776
235
5
223
1799
472
1640
1002
7
1498
827
1373
4539
916
468
214
794
218
4391
808
521
1190
772
1278
848
4
1771
60
1002
20
689
70
2
91
361
806
2882
1802
1008
230
4391
1506
1872
521
923
1102
491
74
3202
72
238
1018
377
299
3196
1400
1821
1175
1818
229
1227
919
468
2348
218
235
40
214
1018
481
230
5
1
3204
1872
747
299
689
72
2387
1849
1353
361
1102
1227
218
472
1373
74
777
1506
2
4544
238
6
916
1498
923
2882
4391
1097
4
3474
37
994
2211
214
211
919
377
4
1353
916
521
211
1190
214
1498
1373
851
1799
361
774
3025
1097
3626
994
1771
808
1400
230
2211
777
4391
235
470
3204
91
472
4544
229
1278
299
756
223
3196
1849
1018
1775
91
940
923
229
3471
812
1400
15
4539
218
1180
2972
7
2882
377
1849
689
521
916
1498
805
3
851
1353
2
361
1810
683
1097
1008
1771
5
214
3474
1966
1506
472
2484
1227
1771
8
229
916
4391
1
1002
1180
919
377
4544
218
3471
5
521
238
230
1008
1506
235
689
819
489
1802
1353
485
808
747
1102
2211
777
1093
91
1190
994
923
771
78
940
755
3204
736
808
747
230
3471
238
1506
211
2
1190
6
1771
689
5
4
1018
229
4539
1227
1002
483
489
1
299
361
1097
488
218
1102
377
794
4391
2348
1353
1400
467
1278
468
916
1
940
483
521
806
1002
229
1849
91
1860
3204
211
2
1353
16
470
801
1190
774
1097
1498
3025
37
8
4
481
907
1102
235
777
916
230
856
4544
4539
223
1640
238
802
3473
214
1278
468
1002
230
223
238
1400
801
377
484
1227
1018
689
776
1498
2882
2
6
1506
218
2211
808
8
755
1771
361
1638
91
1810
4391
747
1353
1
923
299
1921
491
3025
736
377
72
916
16
2882
472
1190
2387
214
299
1018
1498
923
1227
2972
485
1
851
776
808
78
15
857
801
4
4391
728
6
1373
521
1097
1102
919
468
2058
3025
940
229
361
994
1353
214
229
472
1190
1498
801
521
481
5
211
4
1966
689
2882
238
1
3646
940
1631
1002
470
808
230
1771
923
774
2345
916
7
683
1921
772
1018
2348
377
1400
91
1373
1775
1227
1190
235
916
3196
1097
212
689
6
1794
361
1817
1771
1498
1002
468
1400
772
806
923
5
747
238
1353
214
919
2882
1860
940
1631
1638
7
848
229
2972
585
3025
1885
851
2994
1353
2294
689
7
5
771
1002
940
4391
1102
238
229
1
2
1008
1097
521
211
1498
91
4
1771
299
361
235
1018
1190
1373
485
1640
468
3202
218
3204
377
484
6
1400
774
214
2348
1102
238
1180
235
1921
91
919
485
1506
229
1771
2211
2394
211
1373
2882
1190
683
2387
2484
916
1227
940
40
3474
1640
1872
4391
2
521
715
72
771
1498
1794
6
1885
361
794
779
1002
1400
218
2058
2394
2882
919
2211
7
1102
214
91
1966
489
15
2
1771
211
4391
1227
756
1008
940
907
4544
1353
755
923
776
805
3474
994
235
1018
484
689
5
3646
468
230
377
229
6
994
919
7
916
1771
1180
4391
808
1008
1373
235
940
1400
91
772
1799
212
747
2211
2
1278
214
3474
1821
2882
923
1802
211
4
4544
1966
299
776
5
1
1506
20
940
2882
4391
488
15
2394
299
755
1633
230
1823
483
1
471
1097
1102
238
223
2994
1018
2
521
1227
1771
916
361
2484
211
776
1373
1860
827
7
919
1506
214
218
1827
763
1353
361
1373
473
848
1008
489
1190
60
1018
521
1872
2345
940
377
1097
91
1002
801
916
238
1810
923
1506
8
1771
994
488
1102
230
1799
235
299
2882
919
4544
3204
211
4391
4539
1400
736
2
1
299
1278
1008
2481
1821
1810
755
481
1817
1190
4
214
229
689
471
2211
6
772
808
1002
223
235
211
812
218
771
1849
2394
212
2387
923
1921
1640
91
521
3025
299
994
1002
689
1102
848
229
238
4391
91
2
40
3474
1190
1885
1180
916
1821
211
805
919
214
230
1018
1097
1227
1400
6
377
468
15
3646
373
5
235
2882
16
1008
1
485
3626
763
230
485
40
857
994
923
2
1180
1008
1097
1640
1002
2882
91
808
483
5
1921
1400
7
1
1227
15
6
74
1175
1102
2050
2387
1018
1827
4391
211
521
4
2484
214
736
856
229
1008
916
689
907
1180
15
715
1002
238
299
919
1093
7
1373
923
777
1278
1821
2
218
1498
1227
468
2211
1102
1097
1400
91
211
3473
2882
5
1353
3646
4539
3474
851
3025
940
4
473
923
5
916
2394
1631
1771
2211
377
361
774
6
771
1506
8
610
1002
808
1102
299
230
805
37
1097
2882
214
1802
468
2
3490
74
218
848
1633
487
1278
1498
7
2
230
471
72
1
4391
1921
916
91
2994
747
1506
473
940
377
3204
218
919
1227
776
5
1353
1190
1771
715
994
4544
214
819
229
6
521
1817
1097
1002
468
491
808
299
1373
772
235
1400
5
1008
808
481
4391
299
1190
1353
4
6
78
211
1018
491
521
214
230
923
3025
1097
3204
4539
856
2211
377
1498
2348
774
806
1175
1817
994
3646
223
3202
74
1
5
1002
218
2882
361
2
1190
994
1823
78
91
3473
299
1097
2994
238
214
1506
1860
1008
2211
377
794
808
851
1018
1400
8
1498
812
480
470
1
919
230
1102
70
4391
856
1771
736
1002
1400
994
2882
2211
923
1860
1097
907
1506
472
3471
2058
683
3626
214
468
229
1771
1353
1008
1018
4391
16
763
361
235
1
299
2994
377
715
238
521
3196
70
15
1498
940
7
2
223
214
481
211
1190
808
489
235
5
923
1227
1
1400
1353
2348
1018
2882
683
689
919
299
1966
72
1498
2050
916
6
521
40
1818
37
468
4
994
212
229
806
1373
60
214
3
1008
218
728
689
5
299
1190
940
211
851
4
6
1
3204
4391
235
801
610
808
1227
491
848
916
377
229
923
1821
472
468
1373
1506
223
1002
238
361
907
2
