75
1
70
77
90
39
87
20
64
215
75
1
70
77
90
39
87
20
64
215
75
1
70
77
90
39
87
20
64
215
75
1
70
77
90
39
87
20
64
215
75
1
70
77
90
39
87
20
64
215
75
1
70
77
90
39
87
20
64
215
75
1
70
77
90
39
87
20
64
215
75
1
70
77
90
39
87
20
64
215
75
1
70
77
90
39
87
20
64
215
75
1
70
77
90
39
87
20
64
215
75
1
70
77
90
39
87
20
64
215
75
1
70
77
90
39
87
20
64
215
75
1
70
77
90
39
87
20
64
215
75
1
70
77
90
39
87
20
64
215
75
1
70
77
90
39
87
20
64
215
75
1
70
77
90
39
87
20
64
215
75
1
70
77
90
39
87
20
64
215
75
1
70
77
90
39
87
20
64
215
75
1
70
77
90
39
87
20
64
215
75
1
70
77
90
39
87
20
64
215
75
1
70
77
90
39
87
20
64
215
75
1
70
77
90
39
87
20
64
215
75
1
70
77
90
39
87
20
64
215
75
1
70
77
90
39
87
20
64
215
75
1
70
77
90
39
87
20
64
215
75
1
70
77
90
39
87
20
64
215
75
1
70
77
90
39
87
20
64
215
75
1
70
77
90
39
87
20
64
215
75
1
70
77
90
39
87
20
64
215
75
1
70
77
90
39
87
20
64
215
75
1
70
77
90
39
87
20
64
215
75
1
70
77
90
39
87
20
64
215
75
1
70
77
90
39
87
20
64
215
75
1
70
77
90
39
87
20
64
215
75
1
70
77
90
39
87
20
64
215
75
1
70
77
90
39
87
20
64
215
75
1
70
77
90
39
87
20
64
215
75
1
70
77
90
39
87
20
64
215
75
1
70
77
90
39
87
20
64
215
75
1
70
77
90
39
87
20
64
215
75
1
70
77
90
39
87
20
64
215
75
1
70
77
90
39
87
20
64
215
75
1
70
77
90
39
87
20
64
215
75
1
70
77
90
39
87
20
64
215
75
1
70
77
90
39
87
20
64
215
75
1
70
77
90
39
87
20
64
215
75
1
70
77
90
39
87
20
64
215
75
1
70
77
90
39
87
20
64
215
75
1
70
77
90
39
87
20
64
215
75
1
70
77
90
39
87
20
64
215