106
7
122
60
18
30
44
53
128
66
106
7
122
60
18
30
44
53
128
66
106
7
122
60
18
30
44
53
128
66
106
7
122
60
18
30
44
53
128
66
106
7
122
60
18
30
44
53
128
66
106
7
122
60
18
30
44
53
128
66
106
7
122
60
18
30
44
53
128
66
106
7
122
60
18
30
44
53
128
66
106
7
122
60
18
30
44
53
128
66
106
7
122
60
18
30
44
53
128
66
106
7
122
60
18
30
44
53
128
66
106
7
122
60
18
30
44
53
128
66
106
7
122
60
18
30
44
53
128
66
106
7
122
60
18
30
44
53
128
66
106
7
122
60
18
30
44
53
128
66
106
7
122
60
18
30
44
53
128
66
106
7
122
60
18
30
44
53
128
66
106
7
122
60
18
30
44
53
128
66
106
7
122
60
18
30
44
53
128
66
106
7
122
60
18
30
44
53
128
66
106
7
122
60
18
30
44
53
128
66
106
7
122
60
18
30
44
53
128
66
106
7
122
60
18
30
44
53
128
66
106
7
122
60
18
30
44
53
128
66
106
7
122
60
18
30
44
53
128
66
106
7
122
60
18
30
44
53
128
66
106
7
122
60
18
30
44
53
128
66
106
7
122
60
18
30
44
53
128
66
106
7
122
60
18
30
44
53
128
66
106
7
122
60
18
30
44
53
128
66
106
7
122
60
18
30
44
53
128
66
106
7
122
60
18
30
44
53
128
66
106
7
122
60
18
30
44
53
128
66
106
7
122
60
18
30
44
53
128
66
106
7
122
60
18
30
44
53
128
66
106
7
122
60
18
30
44
53
128
66
106
7
122
60
18
30
44
53
128
66
106
7
122
60
18
30
44
53
128
66
106
7
122
60
18
30
44
53
128
66
106
7
122
60
18
30
44
53
128
66
106
7
122
60
18
30
44
53
128
66
106
7
122
60
18
30
44
53
128
66
106
7
122
60
18
30
44
53
128
66
106
7
122
60
18
30
44
53
128
66
106
7
122
60
18
30
44
53
128
66
106
7
122
60
18
30
44
53
128
66
106
7
122
60
18
30
44
53
128
66
106
7
122
60
18
30
44
53
128
66
106
7
122
60
18
30
44
53
128
66
106
7
122
60
18
30
44
53
128
66