40
93
180
99
80
131
286
282
97
159
40
93
180
99
80
131
286
282
97
159
40
93
180
99
80
131
286
282
97
159
40
93
180
99
80
131
286
282
97
159
40
93
180
99
80
131
286
282
97
159
40
93
180
99
80
131
286
282
97
159
40
93
180
99
80
131
286
282
97
159
40
93
180
99
80
131
286
282
97
159
40
93
180
99
80
131
286
282
97
159
40
93
180
99
80
131
286
282
97
159
40
93
180
99
80
131
286
282
97
159
40
93
180
99
80
131
286
282
97
159
40
93
180
99
80
131
286
282
97
159
40
93
180
99
80
131
286
282
97
159
40
93
180
99
80
131
286
282
97
159
40
93
180
99
80
131
286
282
97
159
40
93
180
99
80
131
286
282
97
159
40
93
180
99
80
131
286
282
97
159
40
93
180
99
80
131
286
282
97
159
40
93
180
99
80
131
286
282
97
159
40
93
180
99
80
131
286
282
97
159
40
93
180
99
80
131
286
282
97
159
40
93
180
99
80
131
286
282
97
159
40
93
180
99
80
131
286
282
97
159
40
93
180
99
80
131
286
282
97
159
40
93
180
99
80
131
286
282
97
159
40
93
180
99
80
131
286
282
97
159
40
93
180
99
80
131
286
282
97
159
40
93
180
99
80
131
286
282
97
159
40
93
180
99
80
131
286
282
97
159
40
93
180
99
80
131
286
282
97
159
40
93
180
99
80
131
286
282
97
159
40
93
180
99
80
131
286
282
97
159
40
93
180
99
80
131
286
282
97
159
40
93
180
99
80
131
286
282
97
159
40
93
180
99
80
131
286
282
97
159
40
93
180
99
80
131
286
282
97
159
40
93
180
99
80
131
286
282
97
159
40
93
180
99
80
131
286
282
97
159
40
93
180
99
80
131
286
282
97
159
40
93
180
99
80
131
286
282
97
159
40
93
180
99
80
131
286
282
97
159
40
93
180
99
80
131
286
282
97
159
40
93
180
99
80
131
286
282
97
159
40
93
180
99
80
131
286
282
97
159
40
93
180
99
80
131
286
282
97
159
40
93
180
99
80
131
286
282
97
159
40
93
180
99
80
131
286
282
97
159
40
93
180
99
80
131
286
282
97
159
40
93
180
99
80
131
286
282
97
159
